# season,period,game-ver,lobby,mode,stage,time,win,knockout,rank,power,alpha-inked,alpha-ink-percent,alpha-count,alpha-color,alpha-theme,bravo-inked,bravo-ink-percent,bravo-count,bravo-color,bravo-theme,A1-weapon,A1-kill-assist,A1-kill,A1-assist,A1-death,A1-special,A1-inked,A1-abilities,A2-weapon,A2-kill-assist,A2-kill,A2-assist,A2-death,A2-special,A2-inked,A2-abilities,A3-weapon,A3-kill-assist,A3-kill,A3-assist,A3-death,A3-special,A3-inked,A3-abilities,A4-weapon,A4-kill-assist,A4-kill,A4-assist,A4-death,A4-special,A4-inked,A4-abilities,B1-weapon,B1-kill-assist,B1-kill,B1-assist,B1-death,B1-special,B1-inked,B1-abilities,B2-weapon,B2-kill-assist,B2-kill,B2-assist,B2-death,B2-special,B2-inked,B2-abilities,B3-weapon,B3-kill-assist,B3-kill,B3-assist,B3-death,B3-special,B3-inked,B3-abilities,B4-weapon,B4-kill-assist,B4-kill,B4-assist,B4-death,B4-special,B4-inked,B4-abilities,medal1-grade,medal1-name,medal2-grade,medal2-name,medal3-grade,medal3-name,event
Sizzle Season 2025,2025-06-29T02:00:00+00:00,10.0.1,bankara_challenge,hoko,kusaya,300,bravo,FALSE,,,4770,,30,a0c937ff,,4815,,99,ba30b0ff,,l3reelgun_haku,6,2,4,3,5,1551,"{""ink_saver_sub"":2.6,""ink_recovery_up"":0.9,""swim_speed_up"":0.6,""quick_super_jump"":0.3,""sub_power_up"":0.3,""drop_roller"":true}",fincent_brnz,13,13,0,15,2,1026,"{""ink_saver_main"":2.5,""quick_respawn"":0.9,""opening_gambit"":true,""stealth_jump"":true}",52gal,9,9,0,13,3,1007,"{""swim_speed_up"":2.2,""run_speed_up"":0.6,""quick_respawn"":0.3,""quick_super_jump"":0.3,""special_charge_up"":0.3,""comeback"":true,""stealth_jump"":true}",nautilus79,7,4,3,6,3,1186,"{""run_speed_up"":1.9,""swim_speed_up"":1.9,""quick_super_jump"":0.9,""drop_roller"":true}",jetsweeper_cobr,15,10,5,6,4,1019,"{""run_speed_up"":4.7,""drop_roller"":true}",octoshooter_replica,14,12,2,7,5,1417,"{""ink_saver_main"":2.8,""ink_recovery_up"":1.9,""ninja_squid"":true}",prime_frzn,11,8,3,7,3,935,"{""ink_saver_main"":1.9,""quick_respawn"":0.6,""swim_speed_up"":0.6,""intensify_action"":0.3,""run_speed_up"":0.3,""ninja_squid"":true,""object_shredder"":true}",furuido,8,7,1,8,4,1444,"{""swim_speed_up"":1.6,""ink_recovery_up"":0.6,""ink_saver_main"":0.6,""special_charge_up"":0.6,""ink_resistance_up"":0.3,""last_ditch_effort"":true,""object_shredder"":true}",gold,#1 Score Booster,gold,Record-Score Setter,gold,#1 Turf Inker,
Sizzle Season 2025,2025-06-29T02:00:00+00:00,10.0.1,bankara_challenge,hoko,kusaya,300,bravo,FALSE,S+ 7,,5163,,72,6325cdff,,5145,,76,bfcd41ff,,prime_frzn,10,5,5,7,5,1397,"{""ink_saver_sub"":1.3,""swim_speed_up"":1,""intensify_action"":0.6,""sub_resistance_up"":0.6,""ink_recovery_up"":0.3,""ink_resistance_up"":0.3,""special_charge_up"":0.3,""special_saver"":0.3,""last_ditch_effort"":true}",furuido_custom,10,5,5,6,4,1380,"{""swim_speed_up"":2.2,""run_speed_up"":1.5,""drop_roller"":true,""tenacity"":true}",sputtery_hue,13,13,0,11,3,1269,"{""sub_power_up"":1,""ink_saver_sub"":0.9,""swim_speed_up"":0.6,""ink_recovery_up"":0.3,""intensify_action"":0.3,""quick_super_jump"":0.3,""special_power_up"":0.3,""comeback"":true,""object_shredder"":true}",sshooter_kou,6,6,0,7,3,1117,"{""swim_speed_up"":1.3,""special_power_up"":1,""intensify_action"":0.9,""sub_power_up"":0.6,""ink_resistance_up"":0.3,""ink_saver_sub"":0.3,""quick_super_jump"":0.3,""stealth_jump"":true}",sputtery_hue,14,9,5,7,3,1326,"{""ink_saver_sub"":1,""special_power_up"":1,""quick_respawn"":0.9,""quick_super_jump"":0.9,""swim_speed_up"":0.6,""special_saver"":0.3,""stealth_jump"":true}",hissen_ash,17,13,4,10,4,1244,"{""ink_saver_main"":1.6,""swim_speed_up"":1.3,""ink_resistance_up"":0.9,""ink_saver_sub"":0.3,""sub_power_up"":0.3,""sub_resistance_up"":0.3,""ninja_squid"":true}",momiji,5,1,4,5,5,1513,"{""ink_saver_sub"":2.2,""swim_speed_up"":1.3,""sub_power_up"":1,""ink_recovery_up"":0.6,""ink_resistance_up"":0.3,""special_saver"":0.3}",examiner,12,7,5,7,4,1062,"{""run_speed_up"":1.6,""special_charge_up"":1.3,""ink_saver_main"":0.6,""intensify_action"":0.3,""special_saver"":0.3,""sub_power_up"":0.3,""object_shredder"":true}",gold,#1 Super Jump Spot,gold,#1 Splat Assister,gold,#1 Turf Inker,
Sizzle Season 2025,2025-06-29T02:00:00+00:00,10.0.1,bankara_challenge,hoko,kusaya,325,alpha,FALSE,,,5232,,54,d0bf08ff,,4973,,35,3a0ccdff,,l3reelgun_haku,10,8,2,5,5,1197,"{""ink_saver_sub"":2.6,""ink_recovery_up"":0.9,""swim_speed_up"":0.6,""quick_super_jump"":0.3,""sub_power_up"":0.3,""drop_roller"":true}",wideroller_waku,16,11,5,4,4,1270,"{""ink_saver_main"":1.8,""ink_saver_sub"":1,""run_speed_up"":1,""special_charge_up"":0.9,""tenacity"":true}",52gal,14,11,3,7,5,1560,"{""ink_resistance_up"":2.9,""swim_speed_up"":1.8,""haunt"":true}",hissen_ash,10,7,3,9,3,1205,"{""ink_saver_main"":3.2,""ink_saver_sub"":1,""swim_speed_up"":0.9,""ink_recovery_up"":0.6}",dentalwiper_sumi,10,10,0,11,2,1220,"{""quick_respawn"":0.9,""special_charge_up"":0.6,""ink_resistance_up"":0.3,""ink_saver_sub"":0.3,""quick_super_jump"":0.3,""sub_power_up"":0.3,""last_ditch_effort"":true,""ninja_squid"":true,""stealth_jump"":true}",splatroller_collabo,8,3,5,9,4,930,"{""swim_speed_up"":1.2,""sub_resistance_up"":1,""quick_super_jump"":0.6,""sub_power_up"":0.6,""special_saver"":0.3,""ninja_squid"":true,""stealth_jump"":true}",momiji,8,6,2,8,6,1698,"{""ink_saver_sub"":3.7,""respawn_punisher"":true,""tenacity"":true}",drivewiper_rust,9,6,3,9,5,1125,"{""quick_respawn"":1.6,""special_saver"":0.6,""swim_speed_up"":0.6,""ink_resistance_up"":0.3,""quick_super_jump"":0.3,""sub_resistance_up"":0.3,""comeback"":true,""stealth_jump"":true}",gold,#1 Score Booster,gold,Record-Score Setter,silver,#1 Inkjet User,
Sizzle Season 2025,2025-06-29T02:00:00+00:00,10.0.1,bankara_challenge,hoko,kusaya,236,bravo,TRUE,S+ 7,,3891,,0,c43a6eff,,3967,,100,1bbfabff,,prime_frzn,6,4,2,6,4,1261,"{""ink_saver_sub"":1.3,""swim_speed_up"":1,""intensify_action"":0.6,""sub_resistance_up"":0.6,""ink_recovery_up"":0.3,""ink_resistance_up"":0.3,""special_charge_up"":0.3,""special_saver"":0.3,""last_ditch_effort"":true}",bold,3,1,2,8,3,818,"{""swim_speed_up"":2,""ink_resistance_up"":0.3,""ink_saver_main"":0.3,""ink_saver_sub"":0.3,""intensify_action"":0.3,""quick_respawn"":0.3,""quick_super_jump"":0.3,""special_charge_up"":0.3,""special_power_up"":0.3,""special_saver"":0.3,""ninja_squid"":true}",fincent_brnz,11,11,0,7,2,911,"{""swim_speed_up"":2.3,""ink_recovery_up"":0.6,""quick_super_jump"":0.6,""special_charge_up"":0.6,""ink_resistance_up"":0.3,""sub_resistance_up"":0.3,""stealth_jump"":true}",sshooter,3,3,0,6,3,901,"{""swim_speed_up"":2,""run_speed_up"":1,""intensify_action"":0.9,""special_charge_up"":0.6,""ink_resistance_up"":0.3,""quick_super_jump"":0.3,""special_saver"":0.3,""sub_resistance_up"":0.3}",parashelter_sorella,11,8,3,6,1,905,"{""quick_respawn"":1,""ink_saver_main"":0.9,""intensify_action"":0.6,""ink_resistance_up"":0.3,""ink_saver_sub"":0.3,""run_speed_up"":0.3,""special_saver"":0.3,""comeback"":true,""stealth_jump"":true}",squiclean_b,9,9,0,5,4,1153,"{""quick_respawn"":1,""special_charge_up"":1,""ink_saver_main"":0.9,""ink_recovery_up"":0.6,""sub_resistance_up"":0.6,""quick_super_jump"":0.3,""swim_speed_up"":0.3,""stealth_jump"":true}",52gal,5,3,2,7,4,919,"{""swim_speed_up"":1.6,""intensify_action"":0.9,""ink_recovery_up"":0.3,""ink_resistance_up"":0.3,""quick_super_jump"":0.3,""sub_resistance_up"":0.3,""comeback"":true,""stealth_jump"":true}",furuido_custom,9,7,2,3,4,990,"{""swim_speed_up"":1.6,""run_speed_up"":1,""ink_resistance_up"":0.6,""ink_saver_main"":0.6,""ink_recovery_up"":0.3,""quick_super_jump"":0.3,""special_saver"":0.3,""stealth_jump"":true}",silver,#1 Ink Consumer,gold,#1 Splat Assister,gold,#1 Turf Inker,
Sizzle Season 2025,2025-06-29T02:00:00+00:00,10.0.1,bankara_challenge,hoko,yunohana,300,bravo,FALSE,S+ 7,,4651,,32,df6624ff,,4566,,39,343bc4ff,,prime_frzn,9,8,1,5,4,1417,"{""ink_saver_sub"":1.3,""swim_speed_up"":1,""intensify_action"":0.6,""sub_resistance_up"":0.6,""ink_recovery_up"":0.3,""ink_resistance_up"":0.3,""special_charge_up"":0.3,""special_saver"":0.3,""last_ditch_effort"":true}",nova_neo,10,10,0,7,4,1186,"{""ink_saver_sub"":5.7}",sshooter_kou,10,4,6,9,4,958,"{""intensify_action"":1,""swim_speed_up"":0.9,""ink_resistance_up"":0.6,""ink_saver_sub"":0.6,""quick_super_jump"":0.6,""comeback"":true,""stealth_jump"":true}",52gal,5,4,1,6,4,1090,"{""swim_speed_up"":1,""quick_respawn"":0.9,""ink_resistance_up"":0.6,""special_saver"":0.6,""ink_saver_sub"":0.3,""sub_resistance_up"":0.3,""comeback"":true,""stealth_jump"":true}",prime,11,9,2,3,3,1111,"{""swim_speed_up"":1.9,""ink_saver_main"":1.3,""intensify_action"":1.3,""quick_super_jump"":1.2}",bold,8,6,2,9,6,1209,"{""swim_speed_up"":2.2,""ink_recovery_up"":0.3,""ink_resistance_up"":0.3,""ink_saver_main"":0.3,""quick_respawn"":0.3,""run_speed_up"":0.3,""ninja_squid"":true,""object_shredder"":true}",soytuber,6,5,1,5,5,1183,"{""ink_saver_sub"":1.3,""swim_speed_up"":1.3,""ink_recovery_up"":1.2,""ink_saver_main"":1,""special_charge_up"":0.6,""special_saver"":0.3}",splatroller,7,7,0,9,2,1063,"{""ink_saver_main"":1,""swim_speed_up"":1,""ink_saver_sub"":0.9,""run_speed_up"":0.9,""sub_resistance_up"":0.9,""ninja_squid"":true}",gold,#1 Score Booster,gold,Record-Score Setter,gold,#1 Turf Inker,
Sizzle Season 2025,2025-06-29T02:00:00+00:00,10.0.1,bankara_challenge,hoko,yunohana,302,bravo,FALSE,S+ 7,,5286,,10,a0c937ff,,5361,,32,ba30b0ff,,prime_frzn,9,6,3,7,5,1337,"{""ink_saver_sub"":1.3,""swim_speed_up"":1,""intensify_action"":0.6,""sub_resistance_up"":0.6,""ink_recovery_up"":0.3,""ink_resistance_up"":0.3,""special_charge_up"":0.3,""special_saver"":0.3,""last_ditch_effort"":true}",momiji,14,11,3,7,6,1370,"{""special_power_up"":2.8,""ink_resistance_up"":1,""special_charge_up"":0.9,""ninja_squid"":true}",variableroller,8,5,3,11,2,1274,"{""swim_speed_up"":1.2,""ink_recovery_up"":1,""intensify_action"":1,""ink_saver_main"":0.3,""quick_super_jump"":0.3,""special_saver"":0.3,""sub_power_up"":0.3,""sub_resistance_up"":0.3,""stealth_jump"":true}",sshooter_collabo,6,5,1,7,6,1305,"{""ink_saver_sub"":3.8,""ink_recovery_up"":1.9}",dentalwiper_mint,12,12,0,6,3,1168,"{""swim_speed_up"":2.2,""quick_super_jump"":0.9,""special_saver"":0.3,""sub_resistance_up"":0.3,""ninja_squid"":true,""stealth_jump"":true}",sharp_neo,9,7,2,10,3,1502,"{""swim_speed_up"":3.7,""ink_resistance_up"":1,""ninja_squid"":true}",furuido,10,9,1,6,3,1435,"{""ink_saver_main"":0.9,""special_power_up"":0.9,""swim_speed_up"":0.9,""last_ditch_effort"":true,""object_shredder"":true,""respawn_punisher"":true}",jimuwiper,9,4,5,6,4,1256,"{""ink_saver_main"":0.9,""quick_super_jump"":0.9,""quick_respawn"":0.6,""swim_speed_up"":0.3,""comeback"":true,""haunt"":true,""stealth_jump"":true}",gold,#1 Score Booster,gold,#1 Popular Target,gold,Record-Score Setter,
Sizzle Season 2025,2025-06-29T02:00:00+00:00,10.0.1,bankara_challenge,hoko,kusaya,306,bravo,FALSE,S+ 7,,4990,,53,343bc4ff,,4862,,84,df6624ff,,prime_frzn,10,8,2,6,5,1641,"{""ink_saver_sub"":1.3,""swim_speed_up"":1,""intensify_action"":0.6,""sub_resistance_up"":0.6,""ink_recovery_up"":0.3,""ink_resistance_up"":0.3,""special_charge_up"":0.3,""special_saver"":0.3,""last_ditch_effort"":true}",wideroller_waku,17,15,2,6,5,1307,"{""swim_speed_up"":1,""ink_recovery_up"":0.9,""ink_saver_sub"":0.6,""ink_resistance_up"":0.3,""quick_super_jump"":0.3,""special_saver"":0.3,""sub_resistance_up"":0.3,""comeback"":true,""stealth_jump"":true}",tristringer_tou,5,0,5,8,2,768,"{""special_power_up"":1.6,""run_speed_up"":1,""ink_recovery_up"":0.6,""quick_super_jump"":0.6,""swim_speed_up"":0.6,""ink_resistance_up"":0.3,""drop_roller"":true}",promodeler_mg,8,4,4,10,4,1274,"{""swim_speed_up"":2.6,""sub_power_up"":1,""ink_recovery_up"":0.3,""ink_resistance_up"":0.3,""ink_saver_main"":0.3,""intensify_action"":0.3,""quick_super_jump"":0.3,""special_charge_up"":0.3,""special_saver"":0.3}",sshooter_kou,9,8,1,4,4,1532,"{""swim_speed_up"":1.6,""ink_saver_sub"":1.3,""ink_resistance_up"":0.6,""special_saver"":0.6,""quick_super_jump"":0.3,""sub_resistance_up"":0.3,""stealth_jump"":true}",order_roller_replica,11,10,1,10,3,846,"{""quick_super_jump"":1.2,""swim_speed_up"":1.2,""sub_resistance_up"":0.3,""ninja_squid"":true,""opening_gambit"":true,""stealth_jump"":true}",liter4k,10,6,4,6,2,1038,"{""ink_saver_main"":0.6,""quick_respawn"":0.6,""quick_super_jump"":0.6,""sub_resistance_up"":0.6,""ink_resistance_up"":0.3,""last_ditch_effort"":true,""respawn_punisher"":true,""stealth_jump"":true}",nzap89,8,6,2,7,5,1446,"{""swim_speed_up"":1.9,""run_speed_up"":1.6,""quick_super_jump"":0.6,""ink_resistance_up"":0.3,""sub_resistance_up"":0.3,""stealth_jump"":true}",gold,#1 Super Jump Spot,gold,#1 Turf Inker,silver,#1 Rainmaker Stopper,
Sizzle Season 2025,2025-06-29T02:00:00+00:00,10.0.1,bankara_challenge,hoko,kusaya,314,bravo,FALSE,S+ 7,,5760,,51,1a1aafff,,5957,,52,e38d24ff,,prime_frzn,12,8,4,8,3,1204,"{""ink_saver_sub"":1.3,""swim_speed_up"":1,""intensify_action"":0.6,""sub_resistance_up"":0.6,""ink_recovery_up"":0.3,""ink_resistance_up"":0.3,""special_charge_up"":0.3,""special_saver"":0.3,""last_ditch_effort"":true}",tristringer,11,9,2,4,4,1125,"{""ink_saver_main"":1.9,""quick_super_jump"":0.9,""ink_resistance_up"":0.3,""sub_resistance_up"":0.3,""swim_speed_up"":0.3,""object_shredder"":true,""respawn_punisher"":true}",bold,8,6,2,10,5,1300,"{""swim_speed_up"":4.2,""ink_saver_sub"":0.9,""intensify_action"":0.3,""special_charge_up"":0.3}",promodeler_rg,7,5,2,4,10,2131,"{""special_charge_up"":1.3,""special_power_up"":0.6,""ink_recovery_up"":0.3,""ink_resistance_up"":0.3,""quick_super_jump"":0.3,""special_saver"":0.3,""object_shredder"":true,""tenacity"":true}",tristringer_tou,10,8,2,3,6,1672,"{""special_charge_up"":1.9,""swim_speed_up"":1.6,""run_speed_up"":0.9,""ink_resistance_up"":0.3,""drop_roller"":true}",wideroller_waku,10,8,2,7,5,1696,"{""swim_speed_up"":1,""ink_recovery_up"":0.9,""ink_saver_sub"":0.6,""ink_resistance_up"":0.3,""quick_super_jump"":0.3,""special_saver"":0.3,""sub_resistance_up"":0.3,""comeback"":true,""stealth_jump"":true}",sputtery_owl,7,5,2,9,6,1401,"{""ink_saver_sub"":1,""special_saver"":0.9,""swim_speed_up"":0.6,""intensify_action"":0.3,""quick_respawn"":0.3,""quick_super_jump"":0.3,""special_power_up"":0.3,""last_ditch_effort"":true,""stealth_jump"":true}",maneuver_collabo,5,5,0,9,4,1188,"{""quick_respawn"":2.2,""swim_speed_up"":0.6,""quick_super_jump"":0.3,""special_saver"":0.3,""sub_resistance_up"":0.3,""comeback"":true,""stealth_jump"":true}",gold,#1 Popular Target,gold,Record-Score Setter,gold,#1 Overall Splatter,
Sizzle Season 2025,2025-06-29T02:00:00+00:00,10.0.1,bankara_challenge,hoko,kusaya,300,alpha,FALSE,S+ 7,,4351,,32,a0c937ff,,4617,,26,ba30b0ff,,prime_frzn,4,2,2,4,5,1389,"{""ink_saver_sub"":1.3,""swim_speed_up"":1,""intensify_action"":0.6,""sub_resistance_up"":0.6,""ink_recovery_up"":0.3,""ink_resistance_up"":0.3,""special_charge_up"":0.3,""special_saver"":0.3,""last_ditch_effort"":true}",carbon_deco,13,11,2,11,1,730,"{""ink_saver_sub"":2.2,""swim_speed_up"":0.6,""ink_saver_main"":0.3,""quick_respawn"":0.3,""sub_resistance_up"":0.3,""ninja_squid"":true,""stealth_jump"":true}",order_slosher_replica,12,10,2,8,3,1094,"{""quick_respawn"":1.2,""quick_super_jump"":0.6,""ink_saver_sub"":0.3,""special_saver"":0.3,""sub_resistance_up"":0.3,""comeback"":true,""haunt"":true,""stealth_jump"":true}",tristringer,9,8,1,3,3,1138,"{""ink_saver_main"":1.9,""quick_super_jump"":0.9,""ink_resistance_up"":0.3,""sub_resistance_up"":0.3,""swim_speed_up"":0.3,""object_shredder"":true,""respawn_punisher"":true}",sshooter,12,9,3,7,2,1294,"{""swim_speed_up"":1,""ink_resistance_up"":0.9,""intensify_action"":0.9,""quick_super_jump"":0.9,""comeback"":true,""stealth_jump"":true}",sshooter_kou,11,9,2,6,4,1012,"{""swim_speed_up"":1.3,""intensify_action"":0.9,""special_power_up"":0.6,""sub_power_up"":0.6,""quick_super_jump"":0.3,""comeback"":true,""stealth_jump"":true}",liter4k_scope,5,2,3,7,2,876,"{""swim_speed_up"":1.3,""ink_saver_sub"":1,""quick_respawn"":0.6,""run_speed_up"":0.6,""ink_recovery_up"":0.3,""ink_saver_main"":0.3,""special_saver"":0.3,""sub_power_up"":0.3,""respawn_punisher"":true}",bold,6,6,0,11,6,1435,"{""swim_speed_up"":4.2,""ink_saver_sub"":0.9,""intensify_action"":0.3,""special_charge_up"":0.3}",gold,#1 Splat Assister,gold,#1 Turf Inker,silver,#1 Ground Traveler,
Sizzle Season 2025,2025-06-29T02:00:00+00:00,10.0.1,bankara_challenge,hoko,kusaya,325,alpha,FALSE,S+ 7,,5045,,71,bfcd41ff,,5086,,70,6325cdff,,prime_frzn,8,7,1,5,6,1907,"{""ink_saver_sub"":1.3,""swim_speed_up"":1,""intensify_action"":0.6,""sub_resistance_up"":0.6,""ink_recovery_up"":0.3,""ink_resistance_up"":0.3,""special_charge_up"":0.3,""special_saver"":0.3,""last_ditch_effort"":true}",tristringer,4,0,4,3,5,1209,"{""ink_saver_main"":1.9,""quick_super_jump"":0.9,""ink_resistance_up"":0.3,""sub_resistance_up"":0.3,""swim_speed_up"":0.3,""object_shredder"":true,""respawn_punisher"":true}",carbon_deco,13,11,2,7,3,1030,"{""swim_speed_up"":1,""ink_saver_sub"":0.6,""quick_super_jump"":0.6,""sub_resistance_up"":0.6,""ink_resistance_up"":0.3,""sub_power_up"":0.3,""ninja_squid"":true,""stealth_jump"":true}",hokusai_hue,11,8,3,8,3,899,"{""sub_power_up"":1.6,""ink_saver_sub"":0.6,""swim_speed_up"":0.6,""quick_super_jump"":0.3,""special_charge_up"":0.3,""special_saver"":0.3,""comeback"":true,""ninja_squid"":true}",hotblaster_custom,11,8,3,5,4,835,"{""ink_saver_sub"":1.3,""swim_speed_up"":1.3,""quick_super_jump"":1,""sub_power_up"":0.6,""intensify_action"":0.3,""quick_respawn"":0.3,""run_speed_up"":0.3,""special_power_up"":0.3,""sub_resistance_up"":0.3}",liter4k,1,1,0,5,1,1070,"{""swim_speed_up"":1.9,""ink_resistance_up"":0.6,""quick_super_jump"":0.6,""ink_recovery_up"":0.3,""special_power_up"":0.3,""object_shredder"":true,""respawn_punisher"":true}",octoshooter_replica,10,7,3,8,6,1441,"{""swim_speed_up"":1.6,""intensify_action"":0.6,""run_speed_up"":0.6,""sub_resistance_up"":0.6,""quick_super_jump"":0.3,""comeback"":true,""stealth_jump"":true}",prime_collabo,8,7,1,8,5,1740,"{""ink_saver_sub"":1.9,""run_speed_up"":1.3,""ink_recovery_up"":1.2,""ink_saver_main"":1,""quick_super_jump"":0.3}",silver,#1 Checkpoint Breaker,gold,#1 Turf Inker,silver,#1 Rainmaker Carrier,
Sizzle Season 2025,2025-06-29T02:00:00+00:00,10.0.1,bankara_challenge,hoko,yunohana,307,bravo,FALSE,S+ 7,,4953,,44,d0bf08ff,,5034,,45,3a0ccdff,,prime_frzn,7,5,2,5,4,1340,"{""ink_saver_sub"":1.3,""swim_speed_up"":1,""intensify_action"":0.6,""sub_resistance_up"":0.6,""ink_recovery_up"":0.3,""ink_resistance_up"":0.3,""special_charge_up"":0.3,""special_saver"":0.3,""last_ditch_effort"":true}",sputtery_owl,10,7,3,6,5,1484,"{""quick_respawn"":1.6,""sub_resistance_up"":0.6,""swim_speed_up"":0.6,""ink_resistance_up"":0.3,""quick_super_jump"":0.3,""special_saver"":0.3,""comeback"":true,""stealth_jump"":true}",sshooter_kou,8,5,3,9,3,925,"{""ink_saver_main"":1.9,""ink_saver_sub"":1.9,""swim_speed_up"":1.9}",tristringer,5,4,1,5,4,1204,"{""ink_saver_main"":1.9,""quick_super_jump"":0.9,""ink_resistance_up"":0.3,""sub_resistance_up"":0.3,""swim_speed_up"":0.3,""object_shredder"":true,""respawn_punisher"":true}",sshooter_kou,2,1,1,7,2,830,"{""ink_saver_main"":1.9,""sub_power_up"":1.6,""special_saver"":1,""intensify_action"":0.6,""ink_recovery_up"":0.3,""special_charge_up"":0.3}",hokusai_hue,15,13,2,6,6,1422,"{""sub_power_up"":2,""ink_saver_main"":1.5,""quick_respawn"":1,""ink_resistance_up"":0.3,""special_charge_up"":0.3,""special_power_up"":0.3}",hydra_atsu,10,7,3,4,5,1291,"{""run_speed_up"":1.9,""ink_saver_main"":1.3,""ink_saver_sub"":0.6,""ink_resistance_up"":0.3,""swim_speed_up"":0.3,""object_shredder"":true}",splatcharger_frst,3,3,0,4,5,1491,"{""ink_saver_main"":1.6,""swim_speed_up"":1,""quick_super_jump"":0.6,""ink_saver_sub"":0.3,""special_power_up"":0.3,""special_saver"":0.3,""sub_power_up"":0.3,""sub_resistance_up"":0.3,""object_shredder"":true}",gold,#1 Super Jump Spot,silver,#2 Turf Inker,silver,#2 Enemy Splatter,
Sizzle Season 2025,2025-06-29T04:00:00+00:00,10.0.1,event,asari,ohyo,302,bravo,FALSE,,,4065,,33,a0c937ff,,3958,,55,ba30b0ff,,wideroller_waku,10,6,4,8,5,1597,"{""special_charge_up"":1.6,""ink_saver_sub"":1,""ink_saver_main"":0.9,""ink_recovery_up"":0.3,""ink_resistance_up"":0.3,""special_saver"":0.3,""sub_resistance_up"":0.3,""last_ditch_effort"":true}",sblast91,11,9,2,11,0,659,"{""intensify_action"":2.5,""swim_speed_up"":1,""run_speed_up"":0.9,""ink_resistance_up"":0.3,""stealth_jump"":true}",nzap89,5,4,1,8,4,1144,"{""ink_recovery_up"":1,""special_charge_up"":1,""special_saver"":1}",hokusai_sui,4,3,1,9,2,665,"{""ink_saver_sub"":2.3,""ink_recovery_up"":1,""quick_super_jump"":0.9,""sub_power_up"":0.6}",squiclean_a,12,7,5,3,3,944,"{""swim_speed_up"":4.4,""quick_super_jump"":0.3,""respawn_punisher"":true}",splatroller,13,11,2,9,2,849,"{""quick_super_jump"":1.9,""swim_speed_up"":0.9,""sub_resistance_up"":0.6,""ink_resistance_up"":0.3,""ninja_squid"":true,""stealth_jump"":true}",bold_neo,9,8,1,8,3,1011,"{""swim_speed_up"":3.8,""special_charge_up"":1.9}",liter4k,10,10,0,2,2,1154,"{""ink_saver_main"":1,""quick_super_jump"":1,""ink_resistance_up"":0.3,""ink_saver_sub"":0.3,""sub_resistance_up"":0.3,""respawn_punisher"":true}",gold,#1 Score Booster,gold,#1 Turf Inker,gold,#1 Clam Carrier,Monthly Challenge
Sizzle Season 2025,2025-06-29T04:00:00+00:00,10.0.1,event,asari,ohyo,320,alpha,FALSE,,,4520,,43,cd510aff,,4838,,36,6e04b6ff,,wideroller_waku,11,6,5,8,6,1926,"{""special_charge_up"":1.6,""ink_saver_sub"":1,""ink_saver_main"":0.9,""ink_recovery_up"":0.3,""ink_resistance_up"":0.3,""special_saver"":0.3,""sub_resistance_up"":0.3,""last_ditch_effort"":true}",liter4k,12,8,4,3,1,861,"{""quick_super_jump"":1.9,""swim_speed_up"":1.9,""special_saver"":0.6,""sub_resistance_up"":0.3,""respawn_punisher"":true}",sshooter_kou,10,9,1,10,3,951,"{""special_charge_up"":1.6,""special_power_up"":1.3,""run_speed_up"":0.6,""ink_recovery_up"":0.3,""ink_resistance_up"":0.3,""ink_saver_sub"":0.3,""special_saver"":0.3,""stealth_jump"":true}",splatroller,8,8,0,5,2,782,"{""swim_speed_up"":4.1,""ink_recovery_up"":0.3,""sub_resistance_up"":0.3,""ninja_squid"":true}",momiji,8,3,5,6,6,1440,"{""ink_saver_sub"":1.9,""special_power_up"":1,""sub_power_up"":0.6,""ink_recovery_up"":0.3,""ink_saver_main"":0.3,""sub_resistance_up"":0.3,""swim_speed_up"":0.3,""comeback"":true}",52gal,13,10,3,8,6,1308,"{""swim_speed_up"":1.6,""intensify_action"":0.6,""sub_resistance_up"":0.6,""ink_resistance_up"":0.3,""run_speed_up"":0.3,""special_charge_up"":0.3,""comeback"":true,""stealth_jump"":true}",fincent,11,10,1,11,3,914,"{""quick_respawn"":1.9,""ink_saver_sub"":0.6,""swim_speed_up"":0.6,""ink_saver_main"":0.3,""special_saver"":0.3,""comeback"":true,""ninja_squid"":true}",barrelspinner,5,3,2,6,5,1176,"{""run_speed_up"":4.7,""ink_resistance_up"":1}",gold,#1 Splat Assister,gold,#1 Turf Inker,silver,#1 Ground Traveler,Monthly Challenge
Sizzle Season 2025,2025-06-29T04:00:00+00:00,10.0.1,event,asari,ohyo,300,alpha,FALSE,,,4940,,53,3a0ccdff,,4819,,40,d0bf08ff,,wideroller_waku,10,8,2,4,5,1669,"{""special_charge_up"":1.6,""ink_saver_sub"":1,""ink_saver_main"":0.9,""ink_recovery_up"":0.3,""ink_resistance_up"":0.3,""special_saver"":0.3,""sub_resistance_up"":0.3,""last_ditch_effort"":true}",sshooter_kou,17,12,5,7,5,1138,"{""swim_speed_up"":1,""ink_saver_sub"":0.9,""intensify_action"":0.6,""quick_super_jump"":0.6,""special_charge_up"":0.6,""comeback"":true,""stealth_jump"":true}",sshooter_collabo,8,3,5,6,2,1004,"{""sub_resistance_up"":1,""ink_saver_main"":0.9,""sub_power_up"":0.9,""swim_speed_up"":0.9,""drop_roller"":true,""ninja_squid"":true}",bold,8,4,4,8,4,1129,"{""swim_speed_up"":4.8,""ink_resistance_up"":0.3,""quick_super_jump"":0.3,""sub_resistance_up"":0.3}",tristringer_tou,9,7,2,5,7,1467,"{""intensify_action"":1,""swim_speed_up"":1,""quick_super_jump"":0.9,""special_saver"":0.3,""sub_power_up"":0.3,""sub_resistance_up"":0.3,""tenacity"":true}",variableroller,7,7,0,6,5,1312,"{""special_charge_up"":1.9,""ink_saver_main"":0.6,""ink_saver_sub"":0.6,""special_power_up"":0.3,""sub_power_up"":0.3,""drop_roller"":true,""thermal_ink"":true}",nzap85,8,5,3,9,5,1296,"{""run_speed_up"":1.9,""ink_saver_main"":1,""ink_recovery_up"":0.3,""ink_saver_sub"":0.3,""intensify_action"":0.3,""quick_super_jump"":0.3,""special_power_up"":0.3,""comeback"":true}",splatroller,7,6,1,8,2,744,"{""swim_speed_up"":4.1,""ink_recovery_up"":0.3,""sub_resistance_up"":0.3,""ninja_squid"":true}",gold,#1 Turf Inker,silver,#1 Damage Taker,gold,#1 Clam Carrier,Monthly Challenge
Sizzle Season 2025,2025-06-29T04:00:00+00:00,10.0.1,event,asari,decaline,320,bravo,FALSE,,,5137,,0,6e04b6ff,,5367,,60,cd510aff,,wideroller_waku,8,3,5,5,5,1788,"{""special_charge_up"":1.6,""ink_saver_sub"":1,""ink_saver_main"":0.9,""ink_recovery_up"":0.3,""ink_resistance_up"":0.3,""special_saver"":0.3,""sub_resistance_up"":0.3,""last_ditch_effort"":true}",nova_neo,10,8,2,10,4,898,"{""ink_resistance_up"":1,""ink_saver_sub"":1,""ink_saver_main"":0.9,""sub_resistance_up"":0.6,""quick_respawn"":0.3,""quick_super_jump"":0.3,""special_power_up"":0.3,""special_saver"":0.3,""comeback"":true}",sputtery_owl,8,5,3,9,4,1458,"{""ink_saver_sub"":3.8,""special_charge_up"":1.9}",rapid_elite_wntr,9,6,3,5,4,993,"{""intensify_action"":5.7}",jetsweeper_cobr,11,10,1,7,4,1277,"{""ink_saver_sub"":3.5,""sub_power_up"":1.3,""ink_saver_main"":0.3,""quick_super_jump"":0.3,""special_power_up"":0.3}",bold,10,9,1,5,3,1071,"{""swim_speed_up"":4.2,""sub_resistance_up"":0.6,""sub_power_up"":0.3}",wideroller_waku,9,7,2,6,4,1049,"{""ink_saver_sub"":1,""sub_power_up"":0.6,""swim_speed_up"":0.6,""ink_resistance_up"":0.3,""intensify_action"":0.3,""quick_super_jump"":0.3,""special_saver"":0.3,""sub_resistance_up"":0.3,""comeback"":true,""stealth_jump"":true}",promodeler_rg,5,3,2,4,8,1970,"{""special_charge_up"":1.9,""special_power_up"":1.9,""swim_speed_up"":0.9,""ninja_squid"":true}",silver,#1 Ink Consumer,gold,#1 Splat Assister,gold,#1 Turf Inker,Monthly Challenge
Sizzle Season 2025,2025-06-29T04:00:00+00:00,10.0.1,event,asari,ohyo,315,alpha,FALSE,,1749.4,5482,,80,cd510aff,,5148,,20,6e04b6ff,,wideroller_waku,15,11,4,5,5,1837,"{""special_charge_up"":1.6,""ink_saver_sub"":1,""ink_saver_main"":0.9,""ink_recovery_up"":0.3,""ink_resistance_up"":0.3,""special_saver"":0.3,""sub_resistance_up"":0.3,""last_ditch_effort"":true}",explosher_custom,12,8,4,4,4,1580,"{""ink_saver_main"":0.9,""special_charge_up"":0.9,""ink_recovery_up"":0.6,""swim_speed_up"":0.3,""haunt"":true,""object_shredder"":true,""tenacity"":true}",sputtery_owl,10,7,3,8,2,963,"{""swim_speed_up"":1.9,""ink_saver_sub"":0.6,""ink_resistance_up"":0.3,""quick_respawn"":0.3,""quick_super_jump"":0.3,""sub_power_up"":0.3,""ninja_squid"":true,""stealth_jump"":true}",sshooter_collabo,9,8,1,5,3,1102,"{""sub_resistance_up"":1,""ink_saver_main"":0.9,""sub_power_up"":0.9,""swim_speed_up"":0.9,""drop_roller"":true,""ninja_squid"":true}",momiji,10,7,3,7,6,1521,"{""ink_saver_main"":2.8,""quick_super_jump"":0.9,""comeback"":true,""object_shredder"":true}",wakaba,9,6,3,9,4,1468,"{""ink_saver_sub"":2.5,""special_charge_up"":1,""swim_speed_up"":1,""ink_recovery_up"":0.6,""run_speed_up"":0.6}",liter4k_custom,5,5,0,7,1,837,"{""ink_saver_main"":1.3,""swim_speed_up"":1.3,""ink_recovery_up"":0.6,""quick_super_jump"":0.6,""ink_resistance_up"":0.3,""special_charge_up"":0.3,""special_power_up"":0.3,""respawn_punisher"":true}",bold,5,4,1,11,4,1322,"{""swim_speed_up"":4.5,""ink_resistance_up"":0.3,""special_power_up"":0.3}",gold,#1 Score Booster,gold,#1 Overall Splatter,gold,#1 Clam Carrier,Monthly Challenge
Sizzle Season 2025,2025-06-29T06:00:00+00:00,10.0.1,bankara_challenge,area,namero,305,bravo,FALSE,,,6154,,66,1bbfabff,,6314,,67,c43a6eff,,hissen_ash,10,8,2,4,6,1310,"{""quick_respawn"":2.8,""swim_speed_up"":0.6,""quick_super_jump"":0.3,""ninja_squid"":true,""stealth_jump"":true}",fincent,12,9,3,10,2,913,"{""ink_saver_sub"":1,""ink_resistance_up"":0.6,""special_power_up"":0.6,""intensify_action"":0.3,""quick_super_jump"":0.3,""sub_power_up"":0.3,""swim_speed_up"":0.3,""ninja_squid"":true,""stealth_jump"":true}",promodeler_rg,9,4,5,7,11,2238,"{""special_charge_up"":3.5,""ink_saver_main"":1.3,""ink_recovery_up"":0.9}",furuido_custom,7,4,3,4,7,1693,"{""special_power_up"":1.9,""ink_saver_main"":0.3,""quick_respawn"":0.3,""quick_super_jump"":0.3,""run_speed_up"":0.3,""special_charge_up"":0.3,""swim_speed_up"":0.3,""haunt"":true,""object_shredder"":true}",lact450,10,9,1,6,6,1602,"{""special_charge_up"":1.3,""sub_resistance_up"":1.2,""quick_super_jump"":0.6,""ink_resistance_up"":0.3,""special_saver"":0.3,""haunt"":true,""opening_gambit"":true}",sshooter_collabo,8,6,2,2,7,1540,"{""special_power_up"":2.3,""sub_power_up"":1,""quick_respawn"":0.3,""quick_super_jump"":0.3,""sub_resistance_up"":0.3,""swim_speed_up"":0.3}",promodeler_rg,6,6,0,10,6,1909,"{""swim_speed_up"":1.9,""special_charge_up"":1.3,""special_power_up"":0.6,""ink_resistance_up"":0.3,""intensify_action"":0.3,""sub_resistance_up"":0.3,""stealth_jump"":true}",dualsweeper_tei,8,4,4,7,4,1263,"{""quick_respawn"":1.6,""intensify_action"":0.6,""swim_speed_up"":0.6,""ink_resistance_up"":0.3,""quick_super_jump"":0.3,""special_saver"":0.3,""comeback"":true,""stealth_jump"":true}",silver,#1 Splat Zone Hero,silver,#1 Damage Taker,gold,#1 Splat Zone Guard,
Sizzle Season 2025,2025-06-29T06:00:00+00:00,10.0.1,bankara_challenge,area,gonzui,300,alpha,FALSE,,,5762,,97,c12d74ff,,5841,,84,2cb721ff,,hissen_ash,10,8,2,9,4,1135,"{""quick_respawn"":2.8,""swim_speed_up"":0.6,""quick_super_jump"":0.3,""ninja_squid"":true,""stealth_jump"":true}",wideroller_waku,10,8,2,3,6,1541,"{""ink_saver_sub"":1.3,""special_power_up"":1.2,""swim_speed_up"":1,""run_speed_up"":0.6,""quick_super_jump"":0.3,""ninja_squid"":true}",tristringer_tou,8,5,3,2,5,1417,"{""special_power_up"":1.3,""swim_speed_up"":1.3,""ink_resistance_up"":0.6,""ink_saver_main"":0.6,""run_speed_up"":0.6,""quick_super_jump"":0.3,""drop_roller"":true}",promodeler_rg,5,4,1,7,7,1669,"{""ink_recovery_up"":2.9,""special_charge_up"":2.2,""ink_saver_sub"":0.3,""quick_super_jump"":0.3}",momiji,11,7,4,9,5,1288,"{""ink_saver_sub"":1.9,""intensify_action"":1.3,""ink_saver_main"":0.6,""ink_recovery_up"":0.3,""quick_super_jump"":0.3,""sub_power_up"":0.3,""ninja_squid"":true}",tristringer_collabo,4,3,1,4,6,1672,"{""special_power_up"":3.2,""ink_saver_main"":0.6,""quick_super_jump"":0.3,""special_saver"":0.3,""sub_power_up"":0.3,""comeback"":true}",wakaba,7,6,1,7,5,1367,"{""ink_saver_sub"":2.3,""sub_power_up"":1.3,""ink_recovery_up"":1.2,""intensify_action"":0.6,""run_speed_up"":0.3}",sharp_geck,6,5,1,5,6,1514,"{""special_charge_up"":1.3,""ink_saver_main"":1,""ink_saver_sub"":1,""swim_speed_up"":0.9,""ink_resistance_up"":0.6,""quick_super_jump"":0.6,""special_saver"":0.3}",gold,#1 Overall Splatter,gold,#1 Enemy Splatter,gold,#1 Popular Target,
Sizzle Season 2025,2025-06-29T08:00:00+00:00,10.0.1,event,asari,ohyo,236,alpha,TRUE,,,3492,,100,9025c6ff,,3364,,0,cfb121ff,,wideroller_waku,12,7,5,4,5,1282,"{""special_charge_up"":1.6,""ink_saver_sub"":1,""ink_saver_main"":0.9,""ink_recovery_up"":0.3,""ink_resistance_up"":0.3,""special_saver"":0.3,""sub_resistance_up"":0.3,""last_ditch_effort"":true}",sshooter_kou,11,9,2,3,2,758,"{""quick_respawn"":1.6,""swim_speed_up"":1.6,""sub_resistance_up"":0.6,""ink_resistance_up"":0.3,""intensify_action"":0.3,""quick_super_jump"":0.3,""stealth_jump"":true}",sputtery_hue,11,9,2,7,3,868,"{""quick_respawn"":1.9,""swim_speed_up"":0.9,""quick_super_jump"":0.6,""ink_resistance_up"":0.3,""comeback"":true,""stealth_jump"":true}",wideroller_waku,11,9,2,8,2,584,"{""ink_saver_main"":0.6,""quick_super_jump"":0.6,""quick_respawn"":0.3,""special_charge_up"":0.3,""special_saver"":0.3,""sub_resistance_up"":0.3,""swim_speed_up"":0.3,""drop_roller"":true,""ninja_squid"":true,""opening_gambit"":true}",quadhopper_black,12,10,2,8,3,1060,"{""quick_respawn"":1,""special_charge_up"":0.9,""swim_speed_up"":0.9,""special_power_up"":0.6,""ink_saver_main"":0.3,""comeback"":true,""stealth_jump"":true}",campingshelter_sorella,8,5,3,8,1,757,"{""quick_super_jump"":1,""sub_power_up"":1,""run_speed_up"":0.6,""sub_resistance_up"":0.6,""ink_resistance_up"":0.3,""intensify_action"":0.3,""special_charge_up"":0.3,""special_power_up"":0.3,""swim_speed_up"":0.3,""thermal_ink"":true}",hokusai,6,5,1,9,0,664,"{""swim_speed_up"":3.8,""run_speed_up"":1.9}",maneuver_collabo,3,2,1,10,3,883,"{""special_charge_up"":2.9,""ink_recovery_up"":1.6,""ink_saver_main"":1.2}",gold,#1 Super Jump Spot,gold,#1 Overall Splatter,gold,#1 Turf Inker,Monthly Challenge
Sizzle Season 2025,2025-06-29T08:00:00+00:00,10.0.1,event,asari,ohyo,312,alpha,FALSE,,,5380,,69,ba30b0ff,,4817,,40,a0c937ff,,wideroller_waku,8,6,2,5,6,1708,"{""special_charge_up"":1.6,""ink_saver_sub"":1,""ink_saver_main"":0.9,""ink_recovery_up"":0.3,""ink_resistance_up"":0.3,""special_saver"":0.3,""sub_resistance_up"":0.3,""last_ditch_effort"":true}",fincent_brnz,13,12,1,10,4,1184,"{""quick_respawn"":1.9,""special_charge_up"":0.6,""special_power_up"":0.6,""quick_super_jump"":0.3,""special_saver"":0.3,""opening_gambit"":true,""stealth_jump"":true}",splatscope_collabo,11,11,0,5,3,804,"{""ink_recovery_up"":3.5,""sub_power_up"":0.9,""special_power_up"":0.3,""drop_roller"":true}",promodeler_rg,5,3,2,8,8,1684,"{""special_charge_up"":2.9,""ink_recovery_up"":1.6,""ink_saver_main"":1.2}",jetsweeper_cobr,9,4,5,8,4,1093,"{""sub_power_up"":1,""ink_saver_main"":0.3,""intensify_action"":0.3,""quick_super_jump"":0.3,""ninja_squid"":true,""stealth_jump"":true}",examiner,12,9,3,7,2,1195,"{""run_speed_up"":3.2,""ink_saver_sub"":0.6,""ink_resistance_up"":0.3,""intensify_action"":0.3,""sub_resistance_up"":0.3,""comeback"":true}",wideroller_waku,7,7,0,8,3,1272,"{""swim_speed_up"":3.7,""ninja_squid"":true,""object_shredder"":true}",maneuver_collabo,9,7,2,9,3,1257,"{""ink_saver_main"":1.6,""ink_recovery_up"":0.3,""intensify_action"":0.3,""quick_super_jump"":0.3,""special_power_up"":0.3,""special_saver"":0.3,""comeback"":true,""drop_roller"":true}",silver,#1 Ink Consumer,gold,#1 Splat Assister,gold,#1 Turf Inker,Monthly Challenge
Sizzle Season 2025,2025-06-29T08:00:00+00:00,10.0.1,event,asari,ohyo,317,alpha,FALSE,,,5388,,79,cd510aff,,4874,,30,6e04b6ff,,wideroller_waku,13,11,2,6,5,1448,"{""special_charge_up"":1.6,""ink_saver_sub"":1,""ink_saver_main"":0.9,""ink_recovery_up"":0.3,""ink_resistance_up"":0.3,""special_saver"":0.3,""sub_resistance_up"":0.3,""last_ditch_effort"":true}",wakaba,15,9,6,5,4,1111,"{""quick_respawn"":1.6,""quick_super_jump"":1,""ink_recovery_up"":0.6,""ink_saver_main"":0.6,""special_charge_up"":0.3,""sub_power_up"":0.3,""sub_resistance_up"":0.3,""comeback"":true}",promodeler_rg,9,7,2,4,6,1606,"{""swim_speed_up"":2.2,""special_charge_up"":1.9,""intensify_action"":0.3,""special_saver"":0.3,""stealth_jump"":true}",promodeler_rg,9,4,5,10,4,1223,"{""special_charge_up"":2.9,""ink_recovery_up"":1.6,""ink_saver_main"":1.2}",pablo_hue,10,7,3,8,5,1255,"{""sub_power_up"":1,""ink_saver_main"":0.3,""intensify_action"":0.3,""quick_super_jump"":0.3,""ninja_squid"":true,""stealth_jump"":true}",dualsweeper,6,6,0,4,4,1375,"{""ink_saver_main"":3.8,""quick_super_jump"":0.9,""object_shredder"":true}",pablo,8,6,2,10,4,751,"{""quick_super_jump"":1.9,""ink_saver_main"":1.3,""ink_resistance_up"":0.6,""quick_respawn"":0.3,""special_power_up"":0.3,""special_saver"":0.3,""comeback"":true}",octoshooter_replica,6,6,0,9,3,1493,"{""swim_speed_up"":1.9,""ink_saver_sub"":0.9,""ink_resistance_up"":0.3,""quick_super_jump"":0.3,""special_charge_up"":0.3,""comeback"":true,""stealth_jump"":true}",gold,#1 Score Booster,gold,#1 Popular Target,gold,#1 Enemy Splatter,Monthly Challenge
Sizzle Season 2025,2025-06-29T08:00:00+00:00,10.0.1,event,asari,decaline,266,bravo,TRUE,,,4184,,0,ba30b0ff,,4023,,100,a0c937ff,,wideroller_waku,6,5,1,6,4,1206,"{""special_charge_up"":1.6,""ink_saver_sub"":1,""ink_saver_main"":0.9,""ink_recovery_up"":0.3,""ink_resistance_up"":0.3,""special_saver"":0.3,""sub_resistance_up"":0.3,""last_ditch_effort"":true}",wideroller_waku,7,6,1,10,2,1029,"{""swim_speed_up"":1.3,""ink_resistance_up"":0.9,""quick_super_jump"":0.6,""quick_respawn"":0.3,""special_saver"":0.3,""sub_resistance_up"":0.3,""ninja_squid"":true,""stealth_jump"":true}",promodeler_rg,6,5,1,11,4,1233,"{""special_charge_up"":2.9,""ink_recovery_up"":1.6,""ink_saver_main"":1.2}",order_slosher_replica,1,1,0,5,2,716,"{""swim_speed_up"":1,""ink_saver_main"":0.6,""quick_super_jump"":0.6,""special_power_up"":0.6,""ink_resistance_up"":0.3,""special_saver"":0.3,""sub_power_up"":0.3,""comeback"":true,""stealth_jump"":true}",carbon_angl,15,13,2,3,4,1173,"{""swim_speed_up"":1.6,""ink_saver_sub"":0.9,""quick_super_jump"":0.6,""ink_resistance_up"":0.3,""sub_resistance_up"":0.3,""ninja_squid"":true,""stealth_jump"":true}",jetsweeper_cobr,10,5,5,3,3,895,"{""intensify_action"":1,""ink_saver_main"":0.6,""run_speed_up"":0.6,""special_saver"":0.6,""ink_recovery_up"":0.3,""quick_super_jump"":0.3,""special_power_up"":0.3,""comeback"":true,""stealth_jump"":true}",prime_frzn,12,11,1,6,3,1094,"{""special_charge_up"":1.3,""sub_resistance_up"":0.6,""ink_recovery_up"":0.3,""ink_resistance_up"":0.3,""intensify_action"":0.3,""quick_super_jump"":0.3,""special_saver"":0.3,""swim_speed_up"":0.3,""comeback"":true,""stealth_jump"":true}",splatroller,4,3,1,5,3,861,"{""swim_speed_up"":2.2,""quick_super_jump"":0.6,""ink_recovery_up"":0.3,""ink_resistance_up"":0.3,""run_speed_up"":0.3,""ninja_squid"":true,""stealth_jump"":true}",gold,#1 Splat Assister,silver,#1 Ground Traveler,gold,#1 Clam Carrier,Monthly Challenge
Sizzle Season 2025,2025-06-29T08:00:00+00:00,10.0.1,event,asari,ohyo,331,bravo,FALSE,,1796.9,4592,,23,cfb121ff,,4625,,46,9025c6ff,,wideroller_waku,8,7,1,8,6,1769,"{""special_charge_up"":1.6,""ink_saver_sub"":1,""ink_saver_main"":0.9,""ink_recovery_up"":0.3,""ink_resistance_up"":0.3,""special_saver"":0.3,""sub_resistance_up"":0.3,""last_ditch_effort"":true}",maneuver_collabo,14,12,2,12,3,1046,"{""special_charge_up"":1.6,""swim_speed_up"":0.9,""ink_resistance_up"":0.6,""ink_recovery_up"":0.3,""quick_super_jump"":0.3,""comeback"":true,""stealth_jump"":true}",hotblaster_custom,11,9,2,11,3,890,"{""special_charge_up"":2.3,""intensify_action"":1,""ink_saver_sub"":0.6,""quick_respawn"":0.6,""quick_super_jump"":0.6,""ink_resistance_up"":0.3,""swim_speed_up"":0.3}",splatcharger_frst,7,6,1,9,3,887,"{""quick_super_jump"":1.3,""special_charge_up"":1.3,""sub_power_up"":1,""ink_saver_sub"":0.3,""quick_respawn"":0.3,""run_speed_up"":0.3,""special_saver"":0.3}",hokusai,17,14,3,6,4,1166,"{""quick_super_jump"":2.8,""special_charge_up"":0.9,""drop_roller"":true,""tenacity"":true}",order_maneuver_replica,15,10,5,10,3,1403,"{""swim_speed_up"":1.6,""ink_resistance_up"":0.3,""ink_saver_sub"":0.3,""intensify_action"":0.3,""quick_super_jump"":0.3,""special_saver"":0.3,""sub_power_up"":0.3,""sub_resistance_up"":0.3,""comeback"":true,""stealth_jump"":true}",splatcharger,11,10,1,8,2,1068,"{""ink_saver_main"":1.3,""run_speed_up"":1,""swim_speed_up"":1,""special_charge_up"":0.6,""special_saver"":0.6,""quick_super_jump"":0.3}",campingshelter_sorella,9,6,3,10,3,988,"{""run_speed_up"":1.2,""swim_speed_up"":0.9,""ink_saver_main"":0.6,""last_ditch_effort"":true,""stealth_jump"":true,""thermal_ink"":true}",silver,#1 Ink Consumer,gold,#1 Turf Inker,silver,#1 Triple Splashdown User,Monthly Challenge
Sizzle Season 2025,2025-06-29T08:00:00+00:00,10.0.1,bankara_challenge,yagura,takaashi,300,alpha,FALSE,S+ 7,,4787,,70,e38d24ff,,4626,,66,1a1aafff,,jetsweeper_cobr,11,7,4,8,5,1376,"{""ink_saver_main"":1,""special_charge_up"":1,""intensify_action"":0.9,""ink_recovery_up"":0.3,""ink_resistance_up"":0.3,""ink_saver_sub"":0.3,""quick_respawn"":0.3,""special_saver"":0.3,""sub_resistance_up"":0.3,""last_ditch_effort"":true}",momiji,19,12,7,5,5,1207,"{""ink_recovery_up"":1.6,""sub_power_up"":1.3,""ink_saver_sub"":1.2,""swim_speed_up"":0.6,""comeback"":true}",pablo,15,13,2,7,4,941,"{""swim_speed_up"":1,""ink_saver_sub"":0.9,""quick_super_jump"":0.6,""ink_resistance_up"":0.3,""special_charge_up"":0.3,""sub_power_up"":0.3,""sub_resistance_up"":0.3,""ninja_squid"":true,""object_shredder"":true}",rpen_5h,9,3,6,9,5,1263,"{""special_charge_up"":2,""special_power_up"":0.9,""ink_recovery_up"":0.6,""ink_saver_main"":0.6,""quick_super_jump"":0.3,""sub_resistance_up"":0.3,""last_ditch_effort"":true}",quadhopper_black,14,11,3,12,4,1060,"{""quick_super_jump"":1.9,""special_charge_up"":1.9,""special_power_up"":1.9}",liter4k_scope,12,9,3,4,5,1087,"{""swim_speed_up"":1.9,""ink_saver_main"":0.9,""run_speed_up"":0.9,""object_shredder"":true,""respawn_punisher"":true}",wakaba,6,5,1,9,6,1534,"{""ink_saver_sub"":3.8,""sub_power_up"":1,""swim_speed_up"":0.6,""special_saver"":0.3}",sshooter,6,4,2,10,3,945,"{""quick_respawn"":1.3,""ink_resistance_up"":0.6,""quick_super_jump"":0.6,""swim_speed_up"":0.6,""intensify_action"":0.3,""special_charge_up"":0.3,""comeback"":true,""stealth_jump"":true}",gold,Record-Score Setter,gold,#1 Turf Inker,silver,#1 Triple Splashdown User,
Sizzle Season 2025,2025-06-29T08:00:00+00:00,10.0.1,bankara_challenge,yagura,takaashi,300,bravo,FALSE,S+ 7,,4086,,17,df6624ff,,4255,,88,343bc4ff,,jetsweeper_cobr,6,4,2,11,5,1369,"{""ink_saver_main"":1,""special_charge_up"":1,""intensify_action"":0.9,""ink_recovery_up"":0.3,""ink_resistance_up"":0.3,""ink_saver_sub"":0.3,""quick_respawn"":0.3,""special_saver"":0.3,""sub_resistance_up"":0.3,""last_ditch_effort"":true}",rapid_elite_deco,16,11,5,5,6,1145,"{""swim_speed_up"":1,""special_charge_up"":0.9,""special_saver"":0.6,""ink_resistance_up"":0.3,""ink_saver_sub"":0.3,""quick_super_jump"":0.3,""sub_resistance_up"":0.3,""haunt"":true,""stealth_jump"":true}",sshooter_kou,11,8,3,14,1,773,"{""intensify_action"":1.2,""run_speed_up"":1,""swim_speed_up"":1,""ink_recovery_up"":0.9,""quick_super_jump"":0.3,""special_saver"":0.3,""stealth_jump"":true}",sshooter_kou,7,6,1,11,1,799,"{""swim_speed_up"":2.3,""intensify_action"":0.9,""quick_super_jump"":0.6,""sub_power_up"":0.6,""ink_resistance_up"":0.3,""stealth_jump"":true}",order_maneuver_replica,22,13,9,8,4,1146,"{""ink_saver_main"":1,""intensify_action"":0.6,""swim_speed_up"":0.6,""ink_resistance_up"":0.3,""quick_super_jump"":0.3,""special_charge_up"":0.3,""special_saver"":0.3,""sub_resistance_up"":0.3,""comeback"":true,""stealth_jump"":true}",moprin_kaku,16,13,3,3,6,1584,"{""special_charge_up"":1.6,""swim_speed_up"":1,""ink_resistance_up"":0.6,""ink_saver_main"":0.6,""quick_super_jump"":0.3,""special_power_up"":0.3,""special_saver"":0.3,""stealth_jump"":true}",prime_collabo,10,8,2,9,2,581,"{""swim_speed_up"":1,""intensify_action"":0.9,""quick_super_jump"":0.6,""run_speed_up"":0.6,""ink_recovery_up"":0.3,""ink_saver_main"":0.3,""comeback"":true,""stealth_jump"":true}",explosher_custom,9,6,3,9,2,944,"{""ink_saver_main"":1.6,""swim_speed_up"":1.3,""special_charge_up"":0.9,""ink_resistance_up"":0.3,""intensify_action"":0.3,""run_speed_up"":0.3,""stealth_jump"":true}",gold,#1 Super Jump Spot,silver,#1 Tower Stopper,gold,#1 Turf Inker,
Sizzle Season 2025,2025-06-29T08:00:00+00:00,10.0.1,bankara_challenge,yagura,takaashi,334,alpha,FALSE,S+ 7,,4934,,97,3a0ccdff,,4957,,84,d0bf08ff,,jetsweeper_cobr,13,10,3,8,4,1602,"{""ink_saver_main"":1,""special_charge_up"":1,""intensify_action"":0.9,""ink_recovery_up"":0.3,""ink_resistance_up"":0.3,""ink_saver_sub"":0.3,""quick_respawn"":0.3,""special_saver"":0.3,""sub_resistance_up"":0.3,""last_ditch_effort"":true}",dynamo,13,10,3,10,4,962,"{""ink_saver_main"":1.9,""quick_super_jump"":0.9,""quick_respawn"":0.6,""ink_resistance_up"":0.3,""comeback"":true,""stealth_jump"":true}",sshooter_kou,11,10,1,9,5,1330,"{""intensify_action"":1.6,""ink_saver_sub"":0.9,""quick_respawn"":0.9,""special_saver"":0.3,""opening_gambit"":true,""stealth_jump"":true}",quadhopper_black,10,8,2,10,3,1040,"{""quick_respawn"":1.9,""quick_super_jump"":0.6,""ink_resistance_up"":0.3,""sub_power_up"":0.3,""sub_resistance_up"":0.3,""swim_speed_up"":0.3,""comeback"":true,""stealth_jump"":true}",wakaba,8,7,1,10,5,1277,"{""ink_saver_sub"":5.7}",hissen_hue,19,7,12,8,4,1183,"{""swim_speed_up"":1.9,""ink_saver_sub"":1.6,""sub_power_up"":0.9,""special_charge_up"":0.3,""comeback"":true}",dynamo,12,8,4,8,5,1368,"{""ink_saver_main"":1.3,""special_charge_up"":1.3,""ink_resistance_up"":1,""swim_speed_up"":0.9,""intensify_action"":0.3,""quick_respawn"":0.3,""quick_super_jump"":0.3,""special_saver"":0.3}",jimuwiper,18,15,3,12,3,1129,"{""swim_speed_up"":1.6,""ink_saver_main"":0.6,""special_power_up"":0.6,""ink_resistance_up"":0.3,""run_speed_up"":0.3,""special_saver"":0.3,""comeback"":true,""stealth_jump"":true}",gold,#1 Overall Splatter,gold,#1 Enemy Splatter,gold,#1 Turf Inker,
Sizzle Season 2025,2025-06-29T08:00:00+00:00,10.0.1,bankara_challenge,yagura,takaashi,115,bravo,TRUE,S+ 7,,1659,,0,9025c6ff,,2003,,100,cfb121ff,,jetsweeper_cobr,3,2,1,3,2,663,"{""ink_saver_main"":1,""special_charge_up"":1,""intensify_action"":0.9,""ink_recovery_up"":0.3,""ink_resistance_up"":0.3,""ink_saver_sub"":0.3,""quick_respawn"":0.3,""special_saver"":0.3,""sub_resistance_up"":0.3,""last_ditch_effort"":true}",rapid_elite_wntr,4,3,1,3,0,385,"{""swim_speed_up"":2.3,""ink_saver_main"":1.5,""special_charge_up"":1,""quick_super_jump"":0.3,""special_saver"":0.3,""sub_resistance_up"":0.3}",splatscope,3,2,1,3,1,304,"{""ink_saver_main"":1,""ink_saver_sub"":1,""ink_recovery_up"":0.9,""special_charge_up"":0.6,""ink_resistance_up"":0.3,""quick_super_jump"":0.3,""special_saver"":0.3,""sub_resistance_up"":0.3,""object_shredder"":true}",hissen_ash,1,1,0,5,0,307,"{""ink_saver_sub"":0.9,""quick_super_jump"":0.6,""swim_speed_up"":0.6,""ink_resistance_up"":0.3,""intensify_action"":0.3,""comeback"":true,""ninja_squid"":true,""stealth_jump"":true}",splatscope,7,7,0,3,2,394,"{""ink_saver_main"":3.5,""ink_recovery_up"":0.9,""sub_power_up"":0.3,""respawn_punisher"":true}",sputtery_owl,6,4,2,2,3,468,"{""swim_speed_up"":1.6,""ink_saver_sub"":0.6,""ink_recovery_up"":0.3,""ink_resistance_up"":0.3,""ink_saver_main"":0.3,""quick_super_jump"":0.3,""sub_resistance_up"":0.3,""comeback"":true,""stealth_jump"":true}",nautilus79,3,2,1,1,2,572,"{""run_speed_up"":1.6,""ink_resistance_up"":0.6,""special_saver"":0.6,""swim_speed_up"":0.6,""quick_respawn"":0.3,""comeback"":true,""stealth_jump"":true}",sharp,3,1,2,2,3,569,"{""ink_saver_sub"":1,""swim_speed_up"":0.9,""special_charge_up"":0.6,""sub_power_up"":0.6,""ink_recovery_up"":0.3,""quick_super_jump"":0.3,""comeback"":true,""stealth_jump"":true}",gold,#1 Splat Assister,silver,#1 Tower Stopper,gold,#1 Turf Inker,
Sizzle Season 2025,2025-06-29T10:00:00+00:00,10.0.1,bankara_challenge,hoko,mategai,300,bravo,FALSE,S,,5108,,42,ba30b0ff,,4907,,44,a0c937ff,,96gal_sou,14,5,9,7,4,1222,"{""run_speed_up"":2.2,""special_charge_up"":1.3,""ink_recovery_up"":0.3,""ink_saver_main"":0.3,""ink_saver_sub"":0.3,""intensify_action"":0.3,""stealth_jump"":true}",barrelspinner,11,8,3,3,6,1595,"{""run_speed_up"":3.5,""ink_recovery_up"":0.3,""quick_respawn"":0.3,""quick_super_jump"":0.3,""swim_speed_up"":0.3,""thermal_ink"":true}",jetsweeper_cobr,12,7,5,6,2,1211,"{""special_charge_up"":1.6,""swim_speed_up"":1,""ink_saver_main"":0.6,""ink_resistance_up"":0.3,""ink_saver_sub"":0.3,""quick_super_jump"":0.3,""run_speed_up"":0.3,""sub_power_up"":0.3,""object_shredder"":true}",quadhopper_black,8,7,1,8,4,1080,"{""ink_recovery_up"":1.9,""ink_saver_main"":1.9,""intensify_action"":1.9}",bold,9,8,1,11,2,900,"{""quick_respawn"":1.9,""swim_speed_up"":1.9,""special_saver"":0.9,""ninja_squid"":true}",sputtery_owl,6,6,0,5,5,1496,"{""quick_respawn"":1.3,""ink_saver_main"":0.9,""intensify_action"":0.9,""swim_speed_up"":0.6,""comeback"":true,""respawn_punisher"":true}",nautilus47,9,7,2,3,5,1214,"{""run_speed_up"":1.9,""ink_resistance_up"":0.9,""swim_speed_up"":0.9,""comeback"":true,""stealth_jump"":true}",sshooter_kou,7,3,4,8,1,1297,"{""swim_speed_up"":2.9,""ink_saver_main"":1,""ink_saver_sub"":0.9,""special_charge_up"":0.9}",gold,#1 Overall Splatter,gold,#1 Splat Assister,silver,First Splat!,
Sizzle Season 2025,2025-06-29T12:00:00+00:00,10.0.1,bankara_challenge,asari,hirame,301,alpha,FALSE,S,,4092,,53,a0c937ff,,4021,,51,ba30b0ff,,moprin_kaku,16,13,3,7,2,1209,"{""quick_respawn"":1,""intensify_action"":0.9,""ink_saver_sub"":0.6,""ink_resistance_up"":0.3,""ink_saver_main"":0.3,""sub_power_up"":0.3,""swim_speed_up"":0.3,""comeback"":true,""stealth_jump"":true}",l3reelgun_d,12,9,3,7,3,1241,"{""ink_saver_sub"":1.3,""run_speed_up"":1.3,""swim_speed_up"":1,""sub_power_up"":0.6}",sshooter_collabo,9,5,4,10,1,882,"{""swim_speed_up"":1.6,""quick_super_jump"":0.9,""intensify_action"":0.6,""quick_respawn"":0.3,""special_charge_up"":0.3,""comeback"":true,""stealth_jump"":true}",liter4k_scope,3,1,2,3,4,760,"{""ink_saver_main"":1.5,""swim_speed_up"":1,""special_charge_up"":0.9,""quick_respawn"":0.3,""drop_roller"":true,""respawn_punisher"":true}",quadhopper_black,7,7,0,7,3,1358,"{""intensify_action"":1,""quick_super_jump"":1,""sub_power_up"":1,""special_saver"":0.6,""ink_recovery_up"":0.3,""ink_saver_main"":0.3,""ink_saver_sub"":0.3,""special_charge_up"":0.3,""special_power_up"":0.3}",hissen_ash,11,9,2,8,2,998,"{""quick_respawn"":1.9,""quick_super_jump"":0.9,""swim_speed_up"":0.6,""intensify_action"":0.3,""drop_roller"":true,""ninja_squid"":true}",campingshelter,8,4,4,7,2,870,"{""sub_power_up"":1.3,""ink_saver_main"":0.9,""ink_recovery_up"":0.6,""ink_resistance_up"":0.3,""quick_respawn"":0.3,""swim_speed_up"":0.3,""ninja_squid"":true,""stealth_jump"":true}",hydra,8,7,1,6,1,795,"{""run_speed_up"":1.9,""ink_saver_main"":0.6,""swim_speed_up"":0.6,""special_charge_up"":0.3,""sub_power_up"":0.3,""opening_gambit"":true,""respawn_punisher"":true}",gold,#1 Overall Splatter,gold,#1 Enemy Splatter,gold,#1 Popular Target,
Sizzle Season 2025,2025-06-29T12:00:00+00:00,10.0.1,bankara_challenge,asari,hirame,323,alpha,FALSE,S,,4053,,82,6325cdff,,4052,,80,bfcd41ff,,moprin_kaku,6,3,3,6,2,1039,"{""quick_respawn"":1,""intensify_action"":0.9,""ink_saver_sub"":0.6,""ink_resistance_up"":0.3,""ink_saver_main"":0.3,""sub_power_up"":0.3,""swim_speed_up"":0.3,""comeback"":true,""stealth_jump"":true}",pablo,14,11,3,7,5,894,"{""ink_recovery_up"":1.3,""sub_power_up"":1,""swim_speed_up"":1,""ink_resistance_up"":0.6,""ink_saver_main"":0.3,""special_saver"":0.3}",order_shooter_replica,11,10,1,6,3,1270,"{""swim_speed_up"":1.6,""intensify_action"":0.9,""quick_super_jump"":0.6,""special_saver"":0.3,""sub_resistance_up"":0.3,""comeback"":true,""stealth_jump"":true}",liter4k_scope,5,3,2,4,4,850,"{""ink_saver_main"":1.5,""swim_speed_up"":1,""special_charge_up"":0.9,""quick_respawn"":0.3,""drop_roller"":true,""respawn_punisher"":true}",hokusai_hue,12,11,1,6,3,912,"{""sub_power_up"":1.6,""quick_respawn"":1.3,""ink_saver_main"":0.6,""sub_resistance_up"":0.6,""ink_resistance_up"":0.3,""ink_saver_sub"":0.3,""tenacity"":true}",sharp_geck,10,8,2,9,2,1074,"{""swim_speed_up"":1.9,""ink_saver_sub"":1.3,""run_speed_up"":0.6,""sub_power_up"":0.6,""quick_super_jump"":0.3,""stealth_jump"":true}",splatcharger_collabo,4,3,1,4,3,921,"{""special_charge_up"":1.6,""ink_resistance_up"":1.3,""swim_speed_up"":1.3,""ink_saver_sub"":0.9,""quick_super_jump"":0.3,""sub_power_up"":0.3}",lact450,2,1,1,8,4,1145,"{""ink_saver_sub"":2.2,""swim_speed_up"":1.3,""special_charge_up"":1,""ink_saver_main"":0.6,""ink_resistance_up"":0.3,""quick_super_jump"":0.3}",gold,#1 Splat Assister,gold,#1 Super Jump Spot,silver,#2 Turf Inker,
Sizzle Season 2025,2025-06-29T12:00:00+00:00,10.0.1,event,asari,decaline,285,alpha,TRUE,,,4218,,100,ba30b0ff,,3858,,0,a0c937ff,,sshooter,16,11,5,9,4,1177,"{""swim_speed_up"":1.3,""intensify_action"":0.9,""quick_super_jump"":0.6,""special_charge_up"":0.6,""ink_resistance_up"":0.3,""comeback"":true,""stealth_jump"":true}",examiner,13,3,10,3,4,953,"{""run_speed_up"":1.6,""special_power_up"":1,""sub_resistance_up"":0.9,""ink_resistance_up"":0.6,""quick_super_jump"":0.6,""stealth_jump"":true}",prime_frzn,15,12,3,5,4,1125,"{""ink_saver_sub"":1,""swim_speed_up"":1,""ink_saver_main"":0.3,""sub_resistance_up"":0.3,""stealth_jump"":true}",hissen_hue,12,7,5,6,4,963,"{""quick_respawn"":2.8,""ink_resistance_up"":0.3,""quick_super_jump"":0.3,""sub_resistance_up"":0.3,""comeback"":true,""stealth_jump"":true}",nzap85,11,7,4,8,3,1160,"{""swim_speed_up"":1.3,""special_charge_up"":1,""ink_saver_main"":0.6,""intensify_action"":0.6,""ink_recovery_up"":0.3,""ink_resistance_up"":0.3,""ink_saver_sub"":0.3,""quick_respawn"":0.3,""stealth_jump"":true}",splatspinner,9,4,5,7,3,1192,"{""run_speed_up"":1.9,""special_power_up"":1,""sub_power_up"":0.6,""ink_resistance_up"":0.3,""ink_saver_main"":0.3,""intensify_action"":0.3,""drop_roller"":true}",hissen,10,8,2,8,3,748,"{""quick_super_jump"":1.3,""swim_speed_up"":1.3,""special_saver"":0.9,""ink_saver_sub"":0.6,""ink_resistance_up"":0.3,""ink_saver_main"":0.3,""stealth_jump"":true}",prime_collabo,6,4,2,10,2,758,"{""intensify_action"":1.2,""quick_super_jump"":0.6,""ink_resistance_up"":0.3,""ink_saver_main"":0.3,""special_charge_up"":0.3,""haunt"":true,""last_ditch_effort"":true,""stealth_jump"":true}",gold,#1 Overall Splatter,gold,#1 Turf Inker,gold,#1 Popular Target,Monthly Challenge
Sizzle Season 2025,2025-06-29T12:00:00+00:00,10.0.1,bankara_challenge,asari,kinmedai,300,bravo,FALSE,S,,4416,,35,df6624ff,,4475,,40,343bc4ff,,moprin_kaku,9,9,0,7,2,1377,"{""quick_respawn"":1,""intensify_action"":0.9,""ink_saver_sub"":0.6,""ink_resistance_up"":0.3,""ink_saver_main"":0.3,""sub_power_up"":0.3,""swim_speed_up"":0.3,""comeback"":true,""stealth_jump"":true}",order_shooter_replica,10,9,1,8,3,1310,"{""swim_speed_up"":1.6,""intensify_action"":0.9,""quick_super_jump"":0.6,""special_saver"":0.3,""sub_resistance_up"":0.3,""comeback"":true,""stealth_jump"":true}",pablo,9,6,3,9,3,914,"{""ink_recovery_up"":1.3,""sub_power_up"":1,""swim_speed_up"":1,""ink_resistance_up"":0.6,""ink_saver_main"":0.3,""intensify_action"":0.3,""special_saver"":0.3}",liter4k_scope,2,0,2,5,3,815,"{""ink_saver_main"":1.5,""swim_speed_up"":1,""special_charge_up"":0.9,""quick_respawn"":0.3,""drop_roller"":true,""respawn_punisher"":true}",splatcharger_frst,9,8,1,7,3,957,"{""swim_speed_up"":1.6,""ink_recovery_up"":1.3,""quick_super_jump"":0.9,""ink_resistance_up"":0.3,""quick_respawn"":0.3,""sub_power_up"":0.3,""ninja_squid"":true}",maneuver_collabo,8,8,0,7,4,1285,"{""quick_respawn"":3.8,""ink_saver_main"":1,""ink_resistance_up"":0.6,""quick_super_jump"":0.3}",prime_frzn,10,6,4,4,4,1129,"{""special_charge_up"":2.2,""run_speed_up"":1.3,""quick_respawn"":1,""ink_resistance_up"":0.6,""ink_saver_main"":0.6}",52gal,9,7,2,6,3,1104,"{""run_speed_up"":1,""swim_speed_up"":1,""intensify_action"":0.6,""sub_power_up"":0.6,""ink_recovery_up"":0.3,""ink_saver_main"":0.3,""special_charge_up"":0.3,""special_power_up"":0.3,""special_saver"":0.3,""ninja_squid"":true}",gold,#1 Super Jump Spot,gold,#1 Popular Target,gold,#1 Turf Inker,
Sizzle Season 2025,2025-06-29T12:00:00+00:00,10.0.1,event,asari,decaline,300,alpha,FALSE,,,4711,,20,343bc4ff,,4748,,19,df6624ff,,sshooter,18,16,2,9,3,1305,"{""swim_speed_up"":1.3,""intensify_action"":0.9,""quick_super_jump"":0.6,""special_charge_up"":0.6,""ink_resistance_up"":0.3,""comeback"":true,""stealth_jump"":true}",examiner,5,1,4,4,3,1091,"{""run_speed_up"":1.6,""special_power_up"":1,""sub_resistance_up"":0.9,""ink_resistance_up"":0.6,""quick_super_jump"":0.6,""stealth_jump"":true}",prime_frzn,14,9,5,7,3,1231,"{""ink_saver_sub"":1,""swim_speed_up"":1,""ink_saver_main"":0.3,""intensify_action"":0.3,""quick_super_jump"":0.3,""sub_resistance_up"":0.3,""stealth_jump"":true}",hissen_hue,7,6,1,7,3,1084,"{""quick_respawn"":2.8,""ink_resistance_up"":0.3,""quick_super_jump"":0.3,""sub_resistance_up"":0.3,""comeback"":true,""stealth_jump"":true}",jimuwiper_hue,10,9,1,7,5,1501,"{""special_charge_up"":1.6,""ink_saver_main"":1,""swim_speed_up"":0.6,""ink_recovery_up"":0.3,""ink_resistance_up"":0.3,""quick_super_jump"":0.3,""special_saver"":0.3,""sub_resistance_up"":0.3,""stealth_jump"":true}",sblast91,12,11,1,11,1,830,"{""quick_respawn"":1.6,""ink_saver_sub"":1.2,""ink_resistance_up"":0.3,""quick_super_jump"":0.3,""sub_resistance_up"":0.3,""comeback"":true,""stealth_jump"":true}",maneuver_collabo,2,0,2,8,3,1066,"{""sub_power_up"":1.3,""swim_speed_up"":1,""ink_recovery_up"":0.3,""ink_saver_main"":0.3,""quick_respawn"":0.3,""quick_super_jump"":0.3,""stealth_jump"":true}",spygadget_ryo,8,7,1,6,7,1351,"{""ink_saver_sub"":1.9,""ink_resistance_up"":0.6,""special_saver"":0.6,""ink_recovery_up"":0.3,""quick_super_jump"":0.3,""ninja_squid"":true,""stealth_jump"":true}",gold,#1 Overall Splatter,gold,#1 Score Booster,gold,#1 Turf Inker,Monthly Challenge
Sizzle Season 2025,2025-06-29T12:00:00+00:00,10.0.1,bankara_challenge,asari,kinmedai,325,alpha,FALSE,S,,4997,,53,ba30b0ff,,4828,,32,a0c937ff,,moprin,12,4,8,5,3,1262,"{""special_power_up"":2.8,""swim_speed_up"":0.6,""quick_super_jump"":0.3,""last_ditch_effort"":true,""stealth_jump"":true}",wakaba,16,12,4,7,0,1297,"{""ink_saver_sub"":3.6,""special_charge_up"":0.6,""sub_power_up"":0.6,""ink_recovery_up"":0.3,""ink_resistance_up"":0.3,""sub_resistance_up"":0.3}",maneuver,8,8,0,9,3,1318,"{""quick_respawn"":1.3,""quick_super_jump"":0.6,""special_saver"":0.6,""sub_power_up"":0.6,""ink_recovery_up"":0.3,""intensify_action"":0.3,""comeback"":true,""stealth_jump"":true}",bold,14,11,3,12,2,1120,"{""ink_saver_main"":2.3,""swim_speed_up"":0.6,""intensify_action"":0.3,""quick_respawn"":0.3,""quick_super_jump"":0.3,""special_charge_up"":0.3,""special_power_up"":0.3,""sub_resistance_up"":0.3,""ninja_squid"":true}",sshooter,13,10,3,7,6,1493,"{""swim_speed_up"":1.5,""quick_super_jump"":0.6,""special_saver"":0.3,""ninja_squid"":true,""opening_gambit"":true,""stealth_jump"":true}",sshooter_kou,12,8,4,11,3,985,"{""swim_speed_up"":2.8,""ink_saver_sub"":1.9,""ninja_squid"":true}",dentalwiper_mint,7,6,1,8,5,1242,"{""swim_speed_up"":2.9,""run_speed_up"":0.9,""ink_resistance_up"":0.3,""special_power_up"":0.3,""comeback"":true}",52gal,12,9,3,9,4,1108,"{""swim_speed_up"":0.9,""quick_super_jump"":0.6,""ink_recovery_up"":0.3,""special_charge_up"":0.3,""special_power_up"":0.3,""sub_resistance_up"":0.3,""comeback"":true,""ninja_squid"":true,""stealth_jump"":true}",gold,#1 Splat Assister,silver,#2 Popular Target,silver,#1 Reefslider User,
Sizzle Season 2025,2025-06-29T12:00:00+00:00,10.0.1,event,asari,ohyo,320,bravo,FALSE,,,4948,,20,6e04b6ff,,4736,,50,cd510aff,,sshooter,12,10,2,13,4,1298,"{""swim_speed_up"":1.3,""intensify_action"":0.9,""quick_super_jump"":0.6,""special_charge_up"":0.6,""ink_resistance_up"":0.3,""comeback"":true,""stealth_jump"":true}",hissen_hue,13,10,3,9,4,1278,"{""quick_respawn"":2.8,""ink_resistance_up"":0.3,""quick_super_jump"":0.3,""sub_resistance_up"":0.3,""comeback"":true,""stealth_jump"":true}",prime_frzn,20,14,6,11,3,1289,"{""ink_saver_sub"":1,""swim_speed_up"":1,""intensify_action"":0.3,""quick_super_jump"":0.3,""stealth_jump"":true}",examiner,10,2,8,7,4,1083,"{""run_speed_up"":1.6,""special_power_up"":1,""sub_resistance_up"":0.9,""ink_resistance_up"":0.6,""quick_super_jump"":0.6,""stealth_jump"":true}",examiner,13,9,4,8,3,1393,"{""run_speed_up"":1.6,""special_power_up"":1,""special_charge_up"":0.9,""ink_resistance_up"":0.6,""quick_super_jump"":0.3,""sub_resistance_up"":0.3,""stealth_jump"":true}",carbon_deco,13,11,2,11,2,850,"{""swim_speed_up"":1.9,""ink_saver_sub"":0.9,""ink_resistance_up"":0.3,""quick_super_jump"":0.3,""sub_resistance_up"":0.3,""ninja_squid"":true,""stealth_jump"":true}",hotblaster,12,10,2,11,3,1216,"{""quick_respawn"":1.3,""ink_resistance_up"":0.6,""intensify_action"":0.6,""swim_speed_up"":0.6,""quick_super_jump"":0.3,""sub_resistance_up"":0.3,""comeback"":true,""stealth_jump"":true}",prime_frzn,10,10,0,6,4,1277,"{""intensify_action"":1,""swim_speed_up"":0.9,""ink_resistance_up"":0.6,""ink_saver_main"":0.3,""quick_super_jump"":0.3,""special_saver"":0.3,""sub_resistance_up"":0.3,""comeback"":true,""stealth_jump"":true}",gold,#1 Turf Inker,silver,#1 Clam Stopper,silver,#1 Trizooka User,Monthly Challenge
Sizzle Season 2025,2025-06-29T12:00:00+00:00,10.0.1,regular,nawabari,nampla,180,bravo,,,,3459,41.1,,a0c937ff,,3576,42.7,,ba30b0ff,,jimuwiper_fuu,8,3,5,3,3,855,"{""quick_respawn"":1.6,""ink_saver_main"":0.6,""quick_super_jump"":0.6,""ink_recovery_up"":0.3,""ink_resistance_up"":0.3,""swim_speed_up"":0.3,""comeback"":true,""stealth_jump"":true}",spygadget,6,6,0,3,3,1078,"{""special_power_up"":3.9,""ink_recovery_up"":0.3,""ink_saver_sub"":0.3,""intensify_action"":0.3,""quick_super_jump"":0.3,""run_speed_up"":0.3,""special_saver"":0.3}",quadhopper_black,7,5,2,3,2,856,"{""ink_saver_main"":1.6,""quick_respawn"":0.6,""quick_super_jump"":0.3,""special_charge_up"":0.3,""special_saver"":0.3,""sub_resistance_up"":0.3,""swim_speed_up"":0.3,""comeback"":true,""stealth_jump"":true}",nova_neo,6,5,1,2,2,670,"{""swim_speed_up"":2.6,""ink_recovery_up"":0.3,""ink_resistance_up"":0.3,""ink_saver_main"":0.3,""quick_super_jump"":0.3,""run_speed_up"":0.3,""special_saver"":0.3,""sub_resistance_up"":0.3,""ninja_squid"":true}",promodeler_rg,5,5,0,3,4,1399,"{""run_speed_up"":1.9,""ink_resistance_up"":1,""swim_speed_up"":1,""special_charge_up"":0.9}",jetsweeper_cobr,5,2,3,4,3,890,"{""special_charge_up"":1.9,""ink_saver_main"":1.3,""run_speed_up"":1.3,""ink_saver_sub"":0.3,""quick_respawn"":0.3,""special_power_up"":0.3,""swim_speed_up"":0.3}",maneuver_collabo,7,4,3,6,2,706,"{""quick_respawn"":1.3,""special_saver"":1.3,""swim_speed_up"":1.3,""special_charge_up"":0.6,""ink_recovery_up"":0.3,""intensify_action"":0.3,""sub_resistance_up"":0.3}",lact450_milk,0,0,0,6,0,581,"{""swim_speed_up"":2.2,""ink_saver_main"":0.3,""intensify_action"":0.3,""quick_respawn"":0.3,""quick_super_jump"":0.3,""sub_power_up"":0.3,""opening_gambit"":true,""stealth_jump"":true}",gold,#1 Overall Splatter,gold,#1 Super Jump Spot,gold,#1 Splat Assister,
Sizzle Season 2025,2025-06-29T12:00:00+00:00,10.0.1,bankara_challenge,asari,hirame,300,bravo,FALSE,S,,4024,,46,343bc4ff,,4197,,47,df6624ff,,moprin,10,9,1,6,3,1221,"{""special_power_up"":2.8,""swim_speed_up"":0.6,""quick_super_jump"":0.3,""last_ditch_effort"":true,""stealth_jump"":true}",kugelschreiber,10,8,2,5,5,1017,"{""run_speed_up"":1.2,""special_power_up"":1,""intensify_action"":0.6,""ink_resistance_up"":0.3,""quick_super_jump"":0.3,""special_charge_up"":0.3,""drop_roller"":true,""last_ditch_effort"":true}",wakaba,5,2,3,6,2,920,"{""ink_saver_sub"":3.6,""special_charge_up"":0.6,""sub_power_up"":0.6,""ink_recovery_up"":0.3,""ink_resistance_up"":0.3,""sub_resistance_up"":0.3}",maneuver,6,4,2,12,1,866,"{""quick_respawn"":1.3,""quick_super_jump"":0.6,""special_saver"":0.6,""sub_power_up"":0.6,""ink_recovery_up"":0.3,""intensify_action"":0.3,""comeback"":true,""stealth_jump"":true}",nova_neo,16,15,1,5,4,1121,"{""swim_speed_up"":2.5,""ink_saver_sub"":0.3,""quick_super_jump"":0.3,""special_saver"":0.3,""sub_power_up"":0.3,""drop_roller"":true,""ninja_squid"":true}",52gal,7,4,3,4,7,1134,"{""swim_speed_up"":2,""ink_resistance_up"":0.6,""ink_saver_sub"":0.6,""intensify_action"":0.6,""quick_respawn"":0.3,""special_charge_up"":0.3,""sub_resistance_up"":0.3,""stealth_jump"":true}",dynamo,9,3,6,7,4,1051,"{""ink_saver_main"":1.9,""quick_super_jump"":0.6,""quick_respawn"":0.3,""sub_resistance_up"":0.3,""stealth_jump"":true,""thermal_ink"":true}",tristringer_tou,6,6,0,7,2,891,"{""ink_saver_main"":1.9,""ink_resistance_up"":0.9,""swim_speed_up"":0.9,""ninja_squid"":true,""stealth_jump"":true}",gold,#1 Overall Splatter,gold,#1 Turf Inker,gold,#1 Score Booster,
Sizzle Season 2025,2025-06-29T12:00:00+00:00,10.0.1,regular,nawabari,nampla,180,bravo,,,,3746,37.3,,3a0ccdff,,3819,54.0,,d0bf08ff,,jimuwiper_fuu,4,3,1,3,3,834,"{""quick_respawn"":1.6,""ink_saver_main"":0.6,""quick_super_jump"":0.6,""ink_recovery_up"":0.3,""ink_resistance_up"":0.3,""swim_speed_up"":0.3,""comeback"":true,""stealth_jump"":true}",pablo,9,7,2,3,5,1145,"{""swim_speed_up"":3.3,""ink_saver_sub"":0.6,""special_charge_up"":0.6,""ink_recovery_up"":0.3,""quick_super_jump"":0.3,""special_saver"":0.3,""sub_power_up"":0.3}",52gal,1,1,0,3,3,971,"{""swim_speed_up"":2.8,""ink_saver_sub"":1.9,""ninja_squid"":true}",nzap89,2,1,1,3,2,796,"{""run_speed_up"":1.2,""ink_saver_sub"":0.6,""ink_recovery_up"":0.3,""ink_saver_main"":0.3,""intensify_action"":0.3,""comeback"":true,""drop_roller"":true,""ninja_squid"":true}",sharp_neo,2,2,0,2,4,1196,"{""quick_respawn"":0.9,""swim_speed_up"":0.9,""ink_resistance_up"":0.3,""quick_super_jump"":0.3,""special_saver"":0.3,""comeback"":true,""ninja_squid"":true,""stealth_jump"":true}",jimuwiper_fuu,5,4,1,3,2,979,"{""swim_speed_up"":1,""ink_saver_sub"":0.9,""ink_recovery_up"":0.6,""ink_resistance_up"":0.6,""quick_super_jump"":0.6,""last_ditch_effort"":true,""stealth_jump"":true}",dentalwiper_mint,7,6,1,4,3,914,"{""swim_speed_up"":1.9,""ink_resistance_up"":0.3,""ink_saver_main"":0.3,""quick_super_jump"":0.3,""sub_resistance_up"":0.3,""ninja_squid"":true,""stealth_jump"":true}",pablo_hue,0,0,0,3,1,730,"{""ink_saver_main"":2.5,""run_speed_up"":1.6,""swim_speed_up"":1.3,""ink_resistance_up"":0.3}",gold,#1 Super Jump Spot,gold,#1 Popular Target,silver,#2 Overall Splatter,
Sizzle Season 2025,2025-06-29T12:00:00+00:00,10.0.1,event,asari,decaline,313,alpha,FALSE,,,4969,,20,3a0ccdff,,4575,,0,d0bf08ff,,sshooter,16,9,7,10,4,1085,"{""swim_speed_up"":1.3,""intensify_action"":0.9,""quick_super_jump"":0.6,""special_charge_up"":0.6,""ink_resistance_up"":0.3,""comeback"":true,""stealth_jump"":true}",prime_frzn,15,11,4,3,7,1448,"{""ink_saver_sub"":1,""swim_speed_up"":1,""intensify_action"":0.3,""quick_super_jump"":0.3,""stealth_jump"":true}",wakaba,7,5,2,5,4,1289,"{""ink_saver_sub"":3.2,""ink_recovery_up"":1,""sub_power_up"":0.6,""swim_speed_up"":0.6,""special_charge_up"":0.3}",hissen_hue,9,5,4,7,5,1147,"{""quick_respawn"":2.8,""ink_resistance_up"":0.3,""quick_super_jump"":0.3,""sub_resistance_up"":0.3,""comeback"":true,""stealth_jump"":true}",hydra_atsu,11,7,4,4,3,1127,"{""run_speed_up"":3.2,""swim_speed_up"":1.9,""ink_resistance_up"":0.3,""sub_resistance_up"":0.3}",bucketslosher,11,8,3,10,4,1382,"{""quick_respawn"":1,""swim_speed_up"":0.9,""quick_super_jump"":0.6,""sub_power_up"":0.6,""ink_saver_sub"":0.3,""special_saver"":0.3,""comeback"":true,""stealth_jump"":true}",maneuver_you,7,7,0,10,2,1198,"{""swim_speed_up"":2.2,""ink_recovery_up"":0.6,""quick_super_jump"":0.3,""special_charge_up"":0.3,""special_saver"":0.3,""comeback"":true,""stealth_jump"":true}",carbon_deco,4,3,1,6,1,868,"{""swim_speed_up"":3.2,""ink_saver_main"":0.6,""intensify_action"":0.6,""special_power_up"":0.3,""ninja_squid"":true}",gold,#1 Overall Splatter,gold,#1 Splat Assister,silver,#1 Trizooka User,Monthly Challenge
Sizzle Season 2025,2025-06-29T12:00:00+00:00,10.0.1,regular,nawabari,amabi,180,bravo,,,,3364,41.2,,df6624ff,,3343,44.5,,343bc4ff,,jimuwiper_fuu,3,2,1,3,2,660,"{""quick_respawn"":1.6,""ink_saver_main"":0.6,""quick_super_jump"":0.6,""ink_recovery_up"":0.3,""ink_resistance_up"":0.3,""swim_speed_up"":0.3,""comeback"":true,""stealth_jump"":true}",promodeler_mg,2,1,1,4,3,1012,"{""special_charge_up"":2.6,""special_power_up"":1.9,""ink_resistance_up"":0.3,""quick_super_jump"":0.3,""special_saver"":0.3,""swim_speed_up"":0.3}",bold,1,1,0,4,2,952,"{""swim_speed_up"":2.9,""special_charge_up"":0.6,""ink_saver_sub"":0.3,""run_speed_up"":0.3,""special_power_up"":0.3,""sub_power_up"":0.3,""ninja_squid"":true}",pablo,7,7,0,5,1,740,"{""swim_speed_up"":0.9,""special_saver"":0.6,""sub_power_up"":0.6,""sub_resistance_up"":0.3,""comeback"":true,""ninja_squid"":true,""stealth_jump"":true}",rpen_5b,5,2,3,1,2,1049,"{""run_speed_up"":1,""quick_super_jump"":0.9,""ink_resistance_up"":0.6,""ink_saver_main"":0.6,""special_saver"":0.3,""swim_speed_up"":0.3,""last_ditch_effort"":true,""object_shredder"":true}",nova_neo,10,8,2,5,2,847,"{""swim_speed_up"":1.9,""ink_saver_sub"":1,""ink_saver_main"":0.6,""quick_super_jump"":0.6,""ink_recovery_up"":0.3,""special_charge_up"":0.3,""respawn_punisher"":true}",sshooter_kou,3,3,0,5,1,835,"{""ink_saver_main"":2,""ink_saver_sub"":1,""special_saver"":0.9,""intensify_action"":0.3,""quick_respawn"":0.3,""run_speed_up"":0.3,""special_charge_up"":0.3,""sub_resistance_up"":0.3,""swim_speed_up"":0.3}",liter4k,4,3,1,0,2,612,"{""swim_speed_up"":2,""ink_saver_sub"":0.9,""quick_super_jump"":0.9,""sub_power_up"":0.9,""respawn_punisher"":true}",gold,#1 Super Jump Spot,gold,#1 Popular Target,gold,#1 Splat Assister,
Sizzle Season 2025,2025-06-29T12:00:00+00:00,10.0.1,event,asari,ohyo,113,bravo,TRUE,,1829.1,2040,,0,e38d24ff,,2344,,100,1a1aafff,,sshooter,4,4,0,3,1,615,"{""swim_speed_up"":1.3,""intensify_action"":0.9,""quick_super_jump"":0.6,""special_charge_up"":0.6,""ink_resistance_up"":0.3,""comeback"":true,""stealth_jump"":true}",wakaba,0,0,0,3,1,520,"{""ink_saver_sub"":3.2,""ink_recovery_up"":1,""sub_power_up"":0.6,""swim_speed_up"":0.6,""special_charge_up"":0.3}",hissen_hue,1,1,0,4,0,422,"{""quick_respawn"":2.8,""ink_resistance_up"":0.3,""quick_super_jump"":0.3,""sub_resistance_up"":0.3,""comeback"":true,""stealth_jump"":true}",prime_frzn,0,0,0,4,1,483,"{""swim_speed_up"":1.3,""ink_saver_sub"":1,""quick_super_jump"":0.6,""intensify_action"":0.3,""sub_power_up"":0.3,""stealth_jump"":true}",l3reelgun_haku,6,5,1,1,2,611,"{""special_power_up"":1.3,""ink_saver_sub"":0.6,""run_speed_up"":0.6,""ink_resistance_up"":0.3,""quick_super_jump"":0.3,""special_charge_up"":0.3,""sub_resistance_up"":0.3,""comeback"":true,""drop_roller"":true}",wakaba,4,3,1,2,2,729,"{""swim_speed_up"":2.9,""run_speed_up"":1.2,""ink_recovery_up"":0.6,""stealth_jump"":true}",order_shooter_replica,4,3,1,2,2,585,"{""swim_speed_up"":2.3,""run_speed_up"":0.6,""ink_resistance_up"":0.3,""ink_saver_main"":0.3,""intensify_action"":0.3,""quick_respawn"":0.3,""quick_super_jump"":0.3,""sub_resistance_up"":0.3,""stealth_jump"":true}",splatroller,3,3,0,0,2,419,"{""swim_speed_up"":1.6,""quick_super_jump"":0.6,""ink_resistance_up"":0.3,""ink_saver_sub"":0.3,""run_speed_up"":0.3,""sub_power_up"":0.3,""sub_resistance_up"":0.3,""ninja_squid"":true,""stealth_jump"":true}",gold,#1 Overall Splatter,gold,#1 Enemy Splatter,gold,#1 Turf Inker,Monthly Challenge
Sizzle Season 2025,2025-06-29T12:00:00+00:00,10.0.1,regular,nawabari,nampla,180,bravo,,,,3555,35.0,,1a1aafff,,3982,62.2,,e38d24ff,,jimuwiper_fuu,4,3,1,3,2,658,"{""quick_respawn"":1.6,""ink_saver_main"":0.6,""quick_super_jump"":0.6,""ink_recovery_up"":0.3,""ink_resistance_up"":0.3,""swim_speed_up"":0.3,""comeback"":true,""stealth_jump"":true}",promodeler_mg,1,1,0,5,5,1295,"{""special_charge_up"":2.6,""special_power_up"":1.9,""ink_resistance_up"":0.3,""quick_super_jump"":0.3,""special_saver"":0.3,""swim_speed_up"":0.3}",bold,5,3,2,3,3,1126,"{""swim_speed_up"":2.9,""special_charge_up"":0.6,""ink_saver_sub"":0.3,""run_speed_up"":0.3,""special_power_up"":0.3,""sub_power_up"":0.3,""ninja_squid"":true}",liter4k,2,2,0,3,0,476,"{""ink_saver_main"":2.2,""quick_super_jump"":1,""ink_resistance_up"":0.3,""ink_saver_sub"":0.3,""run_speed_up"":0.3,""special_power_up"":0.3,""swim_speed_up"":0.3,""respawn_punisher"":true}",promodeler_sai,6,3,3,1,5,1354,"{""special_charge_up"":1.9,""intensify_action"":1,""swim_speed_up"":1,""ink_resistance_up"":0.9,""run_speed_up"":0.9}",promodeler_rg,5,4,1,5,4,1259,"{""swim_speed_up"":3.8,""ink_resistance_up"":1,""run_speed_up"":0.9}",hissen_ash,10,6,4,2,2,688,"{""ink_saver_sub"":3.5,""ink_resistance_up"":0.6,""swim_speed_up"":0.6,""ninja_squid"":true}",lact450_milk,3,1,2,1,2,681,"{""special_charge_up"":1.9,""swim_speed_up"":1,""special_power_up"":0.6,""intensify_action"":0.3,""special_saver"":0.3,""sub_power_up"":0.3,""last_ditch_effort"":true}",gold,#1 Enemy Splatter,gold,#1 Super Jump Spot,gold,#1 Enemy-Base Inker,
Sizzle Season 2025,2025-06-29T12:00:00+00:00,10.0.1,event,asari,ohyo,300,alpha,FALSE,,1861.7,4579,,29,6325cdff,,4515,,0,bfcd41ff,,sshooter,18,15,3,9,4,1404,"{""swim_speed_up"":1.3,""intensify_action"":0.9,""quick_super_jump"":0.6,""special_charge_up"":0.6,""ink_resistance_up"":0.3,""comeback"":true,""stealth_jump"":true}",hissen_hue,8,7,1,7,4,1243,"{""quick_respawn"":2.8,""ink_resistance_up"":0.3,""quick_super_jump"":0.3,""sub_resistance_up"":0.3,""comeback"":true,""stealth_jump"":true}",rapid_elite,4,1,3,7,2,718,"{""swim_speed_up"":1.9,""intensify_action"":1.6,""special_charge_up"":1.3,""ink_resistance_up"":0.3,""ink_saver_main"":0.3,""quick_super_jump"":0.3}",prime_frzn,10,7,3,5,3,1214,"{""swim_speed_up"":1.3,""ink_saver_sub"":1,""quick_super_jump"":0.6,""intensify_action"":0.3,""sub_power_up"":0.3,""stealth_jump"":true}",spygadget,15,5,10,6,6,1370,"{""special_charge_up"":1,""sub_power_up"":1,""ink_recovery_up"":0.9,""ink_resistance_up"":0.6,""quick_super_jump"":0.6,""run_speed_up"":0.3,""special_saver"":0.3,""stealth_jump"":true}",clashblaster,11,9,2,11,1,836,"{""swim_speed_up"":1.9,""run_speed_up"":0.9,""ink_resistance_up"":0.3,""ink_saver_sub"":0.3,""special_charge_up"":0.3,""ninja_squid"":true,""stealth_jump"":true}",splatscope,10,7,3,3,4,1091,"{""special_charge_up"":1.9,""quick_super_jump"":0.6,""ink_recovery_up"":0.3,""ink_resistance_up"":0.3,""special_saver"":0.3,""sub_resistance_up"":0.3,""comeback"":true,""stealth_jump"":true}",prime_frzn,9,7,2,10,3,1218,"{""ink_saver_main"":1.6,""ink_recovery_up"":0.6,""intensify_action"":0.6,""ink_resistance_up"":0.3,""sub_resistance_up"":0.3,""swim_speed_up"":0.3,""comeback"":true,""object_shredder"":true}",gold,#1 Overall Splatter,gold,#1 Turf Inker,gold,#1 Popular Target,Monthly Challenge
Sizzle Season 2025,2025-06-29T12:00:00+00:00,10.0.1,bankara_challenge,asari,hirame,294,bravo,TRUE,S,,4188,,0,e38d24ff,,4272,,100,1a1aafff,,moprin,7,5,2,9,2,1149,"{""special_power_up"":2.8,""swim_speed_up"":0.6,""quick_super_jump"":0.3,""last_ditch_effort"":true,""stealth_jump"":true}",maneuver,7,4,3,11,3,854,"{""quick_respawn"":1.3,""quick_super_jump"":0.6,""special_saver"":0.6,""sub_power_up"":0.6,""ink_recovery_up"":0.3,""intensify_action"":0.3,""comeback"":true,""stealth_jump"":true}",dynamo,6,5,1,9,5,1171,"{""ink_saver_main"":1.9,""quick_super_jump"":0.6,""quick_respawn"":0.3,""sub_power_up"":0.3,""sub_resistance_up"":0.3,""stealth_jump"":true,""thermal_ink"":true}",quadhopper_black,5,4,1,6,1,1014,"{""ink_resistance_up"":1,""ink_saver_sub"":1,""quick_super_jump"":0.6,""sub_resistance_up"":0.6,""swim_speed_up"":0.6,""ink_recovery_up"":0.3,""special_charge_up"":0.3,""special_saver"":0.3,""stealth_jump"":true}",hotblaster_custom,23,20,3,8,2,918,"{""special_charge_up"":1.6,""special_power_up"":1.6,""swim_speed_up"":1,""ink_saver_main"":0.6,""ink_recovery_up"":0.3,""quick_super_jump"":0.3,""special_saver"":0.3}",order_shooter_replica,7,5,2,3,5,1224,"{""run_speed_up"":1.3,""ink_saver_sub"":0.9,""intensify_action"":0.6,""sub_resistance_up"":0.6,""special_saver"":0.3,""stealth_jump"":true,""tenacity"":true}",jetsweeper_cobr,8,2,6,4,3,1056,"{""ink_saver_main"":1.3,""ink_saver_sub"":1,""special_charge_up"":0.6,""sub_power_up"":0.6,""swim_speed_up"":0.6,""intensify_action"":0.3,""special_saver"":0.3,""stealth_jump"":true}",pablo,12,8,4,3,4,1074,"{""ink_saver_sub"":1,""quick_respawn"":0.9,""quick_super_jump"":0.9,""swim_speed_up"":0.9,""ninja_squid"":true,""stealth_jump"":true}",gold,#1 Overall Splatter,gold,#1 Super Jump Spot,gold,#1 Clam Carrier,
Sizzle Season 2025,2025-06-29T12:00:00+00:00,10.0.1,regular,nawabari,amabi,180,bravo,,,,3615,41.8,,e38d24ff,,3497,46.6,,1a1aafff,,jimuwiper_fuu,7,6,1,2,3,851,"{""quick_respawn"":1.6,""ink_saver_main"":0.6,""quick_super_jump"":0.6,""ink_recovery_up"":0.3,""ink_resistance_up"":0.3,""swim_speed_up"":0.3,""comeback"":true,""stealth_jump"":true}",lact450_milk,4,4,0,2,4,998,"{""special_charge_up"":2.8,""quick_respawn"":1,""quick_super_jump"":0.6,""ink_resistance_up"":0.3,""ninja_squid"":true}",variableroller,6,3,3,5,3,962,"{""ink_saver_main"":1.9,""sub_resistance_up"":1.3,""run_speed_up"":1,""ink_recovery_up"":0.6,""ink_resistance_up"":0.6,""special_power_up"":0.3}",explosher_custom,10,7,3,3,2,804,"{""intensify_action"":1.3,""swim_speed_up"":1.2,""ink_recovery_up"":0.3,""ink_resistance_up"":0.3,""ink_saver_main"":0.3,""sub_power_up"":0.3,""comeback"":true,""ninja_squid"":true}",lact450_milk,3,3,0,4,3,1172,"{""ink_saver_sub"":1.3,""swim_speed_up"":1,""ink_resistance_up"":0.6,""ink_saver_main"":0.3,""intensify_action"":0.3,""special_charge_up"":0.3,""special_saver"":0.3,""stealth_jump"":true}",jetsweeper_cobr,5,2,3,4,1,986,"{""special_charge_up"":2.9,""ink_saver_main"":1,""ink_resistance_up"":0.6,""intensify_action"":0.6,""quick_super_jump"":0.3,""special_power_up"":0.3}",dynamo_tesla,5,5,0,6,1,800,"{""ink_recovery_up"":1.3,""quick_super_jump"":1,""special_charge_up"":0.3,""thermal_ink"":true}",splatroller,2,2,0,6,0,539,"{""run_speed_up"":2.6,""ink_recovery_up"":1,""sub_power_up"":0.3}",silver,#1 Ink Consumer,silver,#2 Overall Splatter,silver,First Splat!,
Sizzle Season 2025,2025-06-29T12:00:00+00:00,10.0.1,event,asari,ohyo,319,alpha,FALSE,,1911.9,4724,,69,3a0ccdff,,4795,,0,d0bf08ff,,sshooter,20,20,0,12,3,1251,"{""swim_speed_up"":1.3,""intensify_action"":0.9,""quick_super_jump"":0.6,""special_charge_up"":0.6,""ink_resistance_up"":0.3,""comeback"":true,""stealth_jump"":true}",hissen_hue,13,11,2,7,4,1119,"{""quick_respawn"":2.8,""ink_resistance_up"":0.3,""quick_super_jump"":0.3,""sub_resistance_up"":0.3,""comeback"":true,""stealth_jump"":true}",prime_frzn,13,9,4,8,3,1367,"{""swim_speed_up"":1.3,""ink_saver_sub"":1,""quick_super_jump"":0.6,""intensify_action"":0.3,""sub_power_up"":0.3,""stealth_jump"":true}",jetsweeper_cobr,5,2,3,7,2,987,"{""swim_speed_up"":1.6,""ink_saver_sub"":1.3,""special_charge_up"":1.3,""intensify_action"":0.9,""ink_recovery_up"":0.6}",nautilus47,10,4,6,10,1,941,"{""run_speed_up"":1.9,""swim_speed_up"":1.3,""quick_super_jump"":0.6,""ink_recovery_up"":0.3,""ink_resistance_up"":0.3,""ink_saver_sub"":0.3,""stealth_jump"":true}",order_brush_replica,15,10,5,6,4,1337,"{""swim_speed_up"":1.2,""quick_respawn"":0.6,""quick_super_jump"":0.6,""ink_recovery_up"":0.3,""comeback"":true,""ninja_squid"":true,""stealth_jump"":true}",prime_frzn,14,11,3,12,4,1229,"{""intensify_action"":1.3,""ink_resistance_up"":0.6,""ink_saver_main"":0.3,""quick_respawn"":0.3,""quick_super_jump"":0.3,""special_saver"":0.3,""sub_resistance_up"":0.3,""swim_speed_up"":0.3,""comeback"":true,""stealth_jump"":true}",prime_collabo,12,9,3,14,3,1288,"{""swim_speed_up"":1,""intensify_action"":0.9,""ink_resistance_up"":0.6,""ink_recovery_up"":0.3,""ink_saver_main"":0.3,""quick_super_jump"":0.3,""sub_resistance_up"":0.3,""comeback"":true,""stealth_jump"":true}",gold,#1 Overall Splatter,gold,#1 Enemy Splatter,gold,#1 Popular Target,Monthly Challenge
Sizzle Season 2025,2025-06-29T12:00:00+00:00,10.0.1,regular,nawabari,nampla,180,bravo,,,,3063,43.0,,e38d24ff,,3170,49.5,,1a1aafff,,jimuwiper_fuu,4,2,2,2,4,1049,"{""quick_respawn"":1.6,""ink_saver_main"":0.6,""quick_super_jump"":0.6,""ink_recovery_up"":0.3,""ink_resistance_up"":0.3,""swim_speed_up"":0.3,""comeback"":true,""stealth_jump"":true}",nova_neo,7,7,0,4,2,885,"{""ink_saver_main"":2.6,""run_speed_up"":1,""ink_resistance_up"":0.6,""ink_saver_sub"":0.3,""intensify_action"":0.3,""special_charge_up"":0.3,""special_power_up"":0.3,""swim_speed_up"":0.3}",squiclean_a,0,0,0,0,2,636,"{""intensify_action"":1.9,""sub_resistance_up"":1,""ink_saver_main"":0.9,""run_speed_up"":0.6,""swim_speed_up"":0.3,""respawn_punisher"":true}",liter4k,3,3,0,3,0,493,"{""ink_saver_main"":2.2,""quick_super_jump"":1,""ink_resistance_up"":0.3,""ink_saver_sub"":0.3,""run_speed_up"":0.3,""special_power_up"":0.3,""swim_speed_up"":0.3,""respawn_punisher"":true}",splatscope_collabo,2,1,1,1,3,983,"{""ink_saver_main"":3.5,""swim_speed_up"":0.6,""quick_super_jump"":0.3,""special_saver"":0.3,""stealth_jump"":true}",lact450_milk,3,2,1,2,2,814,"{""ink_saver_main"":4.1,""special_power_up"":0.3,""special_saver"":0.3,""ninja_squid"":true}",explosher_custom,4,3,1,6,2,778,"{""ink_saver_main"":1.9,""quick_super_jump"":0.9,""swim_speed_up"":0.6,""ink_saver_sub"":0.3,""haunt"":true,""stealth_jump"":true}",rapid_elite_wntr,4,3,1,3,2,595,"{""ink_saver_main"":3,""sub_power_up"":0.9,""ink_resistance_up"":0.3,""ink_saver_sub"":0.3,""run_speed_up"":0.3}",gold,#1 Enemy-Base Inker,gold,#1 Turf Inker,gold,#1 Popular Target,
Sizzle Season 2025,2025-06-29T12:00:00+00:00,10.0.1,event,asari,ohyo,316,bravo,FALSE,,1880.2,5221,,38,d74b31ff,,5473,,40,1ec0adff,,sshooter,16,14,2,8,5,1493,"{""swim_speed_up"":1.3,""intensify_action"":0.9,""quick_super_jump"":0.6,""special_charge_up"":0.6,""ink_resistance_up"":0.3,""comeback"":true,""stealth_jump"":true}",examiner,15,6,9,5,4,1058,"{""run_speed_up"":1.6,""special_power_up"":1,""sub_resistance_up"":0.9,""ink_resistance_up"":0.6,""quick_super_jump"":0.6,""stealth_jump"":true}",hissen_hue,10,8,2,7,3,1276,"{""quick_respawn"":2.8,""ink_resistance_up"":0.3,""quick_super_jump"":0.3,""sub_resistance_up"":0.3,""comeback"":true,""stealth_jump"":true}",prime_frzn,9,6,3,5,6,1394,"{""swim_speed_up"":1.3,""ink_saver_sub"":1,""quick_super_jump"":0.9,""intensify_action"":0.3,""sub_power_up"":0.3,""stealth_jump"":true}",dualsweeper_tei,13,7,6,3,5,1434,"{""sub_power_up"":1,""swim_speed_up"":1,""ink_recovery_up"":0.6,""ink_saver_main"":0.6,""intensify_action"":0.6,""quick_super_jump"":0.6,""ink_saver_sub"":0.3,""stealth_jump"":true}",wakaba,13,8,5,10,4,1439,"{""ink_saver_sub"":3.2,""sub_power_up"":1,""ink_recovery_up"":0.6,""swim_speed_up"":0.6,""special_saver"":0.3}",bold,7,4,3,10,4,1265,"{""swim_speed_up"":1.9,""run_speed_up"":1.2,""ink_saver_sub"":0.3,""special_power_up"":0.3,""ninja_squid"":true,""stealth_jump"":true}",jetsweeper_cobr,10,6,4,11,3,1335,"{""ink_saver_sub"":1.9,""swim_speed_up"":1,""ink_saver_main"":0.9,""ink_resistance_up"":0.3,""quick_super_jump"":0.3,""sub_resistance_up"":0.3,""stealth_jump"":true}",gold,#1 Overall Splatter,gold,#1 Turf Inker,gold,#1 Popular Target,Monthly Challenge
Sizzle Season 2025,2025-06-29T12:00:00+00:00,10.0.1,regular,nawabari,nampla,180,alpha,,,,2904,52.7,,a0c937ff,,2683,33.7,,ba30b0ff,,jimuwiper_fuu,5,4,1,3,3,823,"{""quick_respawn"":1.6,""ink_saver_main"":0.6,""quick_super_jump"":0.6,""ink_recovery_up"":0.3,""ink_resistance_up"":0.3,""swim_speed_up"":0.3,""comeback"":true,""stealth_jump"":true}",splatroller,11,10,1,3,3,871,"{""swim_speed_up"":1.2,""quick_super_jump"":1,""ink_resistance_up"":0.3,""ink_saver_main"":0.3,""special_charge_up"":0.3,""special_power_up"":0.3,""special_saver"":0.3,""ninja_squid"":true,""stealth_jump"":true}",kugelschreiber,2,1,1,3,2,605,"{""quick_respawn"":1.9,""quick_super_jump"":1.9,""special_saver"":1.9}",kugelschreiber,6,5,1,4,1,605,"{""run_speed_up"":1.6,""special_power_up"":1.3,""ink_resistance_up"":0.6,""intensify_action"":0.6,""quick_super_jump"":0.3,""sub_resistance_up"":0.3,""drop_roller"":true}",furuido_custom,1,0,1,5,1,916,"{""ink_saver_main"":2.3,""intensify_action"":1.6,""swim_speed_up"":0.9,""quick_super_jump"":0.6,""ink_recovery_up"":0.3}",bold,7,7,0,2,4,888,"{""swim_speed_up"":4.1,""ink_resistance_up"":0.6,""stealth_jump"":true}",liter4k,2,2,0,6,0,531,"{""swim_speed_up"":1,""ink_saver_main"":0.9,""ink_resistance_up"":0.6,""quick_super_jump"":0.6,""sub_resistance_up"":0.6,""object_shredder"":true,""respawn_punisher"":true}",sblast91,4,4,0,7,0,348,"{""swim_speed_up"":1.2,""quick_respawn"":1,""intensify_action"":0.9,""ink_recovery_up"":0.3,""special_charge_up"":0.3,""comeback"":true,""stealth_jump"":true}",gold,#1 Super Jump Spot,gold,#1 Enemy-Base Inker,gold,#1 Home-Base Inker,
Sizzle Season 2025,2025-06-29T12:00:00+00:00,10.0.1,regular,nawabari,nampla,180,bravo,,,,3078,30.2,,cd510aff,,3647,61.3,,6e04b6ff,,jimuwiper_fuu,1,1,0,1,3,964,"{""quick_respawn"":1.6,""ink_saver_main"":0.6,""quick_super_jump"":0.6,""ink_recovery_up"":0.3,""ink_resistance_up"":0.3,""swim_speed_up"":0.3,""comeback"":true,""stealth_jump"":true}",jetsweeper_cobr,3,2,1,5,1,1038,"{""ink_saver_main"":2.3,""run_speed_up"":1,""ink_resistance_up"":0.6,""quick_super_jump"":0.6,""sub_resistance_up"":0.6,""special_saver"":0.3,""swim_speed_up"":0.3}",sputtery,1,1,0,10,0,545,"{""ink_saver_main"":1.9,""sub_power_up"":1.6,""ink_recovery_up"":0.9,""special_power_up"":0.3,""object_shredder"":true}",splatcharger_collabo,1,1,0,2,1,531,"{""quick_super_jump"":1.9,""ink_resistance_up"":0.6,""swim_speed_up"":0.6,""ink_recovery_up"":0.3,""ink_saver_main"":0.3,""object_shredder"":true,""respawn_punisher"":true}",momiji,4,1,3,0,5,1237,"{""ink_saver_sub"":4.1,""special_charge_up"":1.3,""swim_speed_up"":0.3}",furo,4,3,1,1,3,918,"{""ink_saver_main"":4.4,""ink_saver_sub"":1,""run_speed_up"":0.3}",gaen_ff,11,9,2,1,3,858,"{""quick_respawn"":1.6,""ink_resistance_up"":0.6,""special_charge_up"":0.6,""swim_speed_up"":0.6,""special_saver"":0.3,""haunt"":true,""stealth_jump"":true}",dynamo_tesla,7,5,2,3,1,634,"{""ink_saver_sub"":2.3,""ink_recovery_up"":1,""sub_resistance_up"":0.3,""swim_speed_up"":0.3}",silver,#1 Ground Traveler,silver,#1 Ink Consumer,silver,#1 Damage Taker,
Sizzle Season 2025,2025-06-29T12:00:00+00:00,10.0.1,event,asari,ohyo,315,alpha,FALSE,,1917.2,4852,,33,c43a6eff,,4983,,20,1bbfabff,,sshooter,15,11,4,11,3,1317,"{""swim_speed_up"":1.3,""intensify_action"":0.9,""quick_super_jump"":0.6,""special_charge_up"":0.6,""ink_resistance_up"":0.3,""comeback"":true,""stealth_jump"":true}",examiner,11,4,7,4,5,1222,"{""run_speed_up"":1.6,""special_power_up"":1,""sub_resistance_up"":0.9,""ink_resistance_up"":0.6,""quick_super_jump"":0.6,""stealth_jump"":true}",prime_frzn,11,9,2,5,5,1206,"{""swim_speed_up"":1.3,""ink_saver_sub"":1,""quick_super_jump"":0.9,""intensify_action"":0.3,""sub_power_up"":0.3,""stealth_jump"":true}",hissen_hue,9,8,1,10,3,1107,"{""quick_respawn"":2.8,""ink_resistance_up"":0.3,""quick_super_jump"":0.3,""sub_resistance_up"":0.3,""comeback"":true,""stealth_jump"":true}",sshooter,14,10,4,7,6,1483,"{""swim_speed_up"":1,""special_charge_up"":0.9,""intensify_action"":0.6,""ink_resistance_up"":0.3,""quick_super_jump"":0.3,""special_saver"":0.3,""sub_resistance_up"":0.3,""comeback"":true,""stealth_jump"":true}",52gal,12,10,2,5,5,1252,"{""swim_speed_up"":2.6,""ink_saver_sub"":0.6,""special_saver"":0.6,""ink_resistance_up"":0.3,""special_charge_up"":0.3,""sub_resistance_up"":0.3,""stealth_jump"":true}",prime_frzn,8,5,3,9,4,1233,"{""intensify_action"":1.3,""ink_resistance_up"":0.6,""ink_saver_main"":0.3,""quick_respawn"":0.3,""quick_super_jump"":0.3,""special_saver"":0.3,""sub_resistance_up"":0.3,""swim_speed_up"":0.3,""comeback"":true,""stealth_jump"":true}",order_brush_replica,8,5,3,11,4,1015,"{""swim_speed_up"":1.2,""quick_respawn"":0.6,""quick_super_jump"":0.6,""ink_recovery_up"":0.3,""comeback"":true,""ninja_squid"":true,""stealth_jump"":true}",gold,#1 Overall Splatter,gold,#1 Enemy Splatter,gold,#1 Turf Inker,Monthly Challenge
Sizzle Season 2025,2025-06-29T12:00:00+00:00,10.0.1,regular,nawabari,amabi,180,bravo,,,,4198,40.0,,6e04b6ff,,4280,50.3,,cd510aff,,jimuwiper_fuu,5,3,2,1,3,896,"{""quick_respawn"":1.6,""ink_saver_main"":0.6,""quick_super_jump"":0.6,""ink_recovery_up"":0.3,""ink_resistance_up"":0.3,""swim_speed_up"":0.3,""comeback"":true,""stealth_jump"":true}",promodeler_mg,4,1,3,5,4,1366,"{""swim_speed_up"":2.2,""ink_recovery_up"":1,""quick_respawn"":0.6,""ink_saver_main"":0.3,""special_charge_up"":0.3,""sub_power_up"":0.3,""ninja_squid"":true}",hokusai_hue,3,2,1,3,3,1032,"{""sub_power_up"":1.6,""quick_respawn"":1.3,""quick_super_jump"":1.3,""sub_resistance_up"":0.6,""ink_saver_main"":0.3,""swim_speed_up"":0.3}",sshooter_kou,7,6,1,2,3,904,"{""swim_speed_up"":3.2,""run_speed_up"":1.6,""ink_saver_sub"":0.9}",promodeler_rg,1,1,0,1,5,1467,"{""sub_power_up"":3.9,""intensify_action"":0.6,""ink_resistance_up"":0.3,""ink_saver_main"":0.3,""ink_saver_sub"":0.3,""special_charge_up"":0.3}",promodeler_rg,1,0,1,2,4,1171,"{""ink_resistance_up"":1.3,""special_saver"":1,""ink_saver_main"":0.6,""ink_recovery_up"":0.3,""intensify_action"":0.3,""run_speed_up"":0.3,""swim_speed_up"":0.3,""opening_gambit"":true}",momiji,6,3,3,3,3,1074,"{""sub_power_up"":1.6,""special_charge_up"":1.3,""swim_speed_up"":1,""sub_resistance_up"":0.9,""special_power_up"":0.6,""ink_saver_sub"":0.3}",dynamo_mei,7,7,0,6,2,568,"{""ink_saver_main"":2.3,""swim_speed_up"":1.6,""sub_power_up"":0.9,""ink_saver_sub"":0.6}",gold,#1 Enemy-Base Inker,gold,#1 Popular Target,silver,#1 Damage Taker,
Sizzle Season 2025,2025-06-29T12:00:00+00:00,10.0.1,event,asari,decaline,320,bravo,FALSE,,1869.9,4513,,0,c12d74ff,,4428,,45,2cb721ff,,sshooter,12,12,0,11,3,1164,"{""swim_speed_up"":1.3,""intensify_action"":0.9,""quick_super_jump"":0.6,""special_charge_up"":0.6,""ink_resistance_up"":0.3,""comeback"":true,""stealth_jump"":true}",prime_frzn,12,10,2,5,5,1265,"{""swim_speed_up"":1.3,""ink_saver_sub"":1,""quick_super_jump"":0.9,""intensify_action"":0.3,""sub_power_up"":0.3,""stealth_jump"":true}",examiner,7,5,2,7,5,926,"{""run_speed_up"":1.6,""special_power_up"":1,""sub_resistance_up"":0.9,""ink_resistance_up"":0.6,""quick_super_jump"":0.6,""stealth_jump"":true}",hissen_hue,11,9,2,10,3,1158,"{""quick_respawn"":2.8,""ink_resistance_up"":0.3,""quick_super_jump"":0.3,""sub_resistance_up"":0.3,""comeback"":true,""stealth_jump"":true}",clashblaster,20,19,1,13,2,953,"{""quick_respawn"":2.5,""quick_super_jump"":0.6,""sub_power_up"":0.6,""comeback"":true,""stealth_jump"":true}",momiji,10,3,7,5,6,1384,"{""special_power_up"":1.9,""sub_power_up"":1,""special_charge_up"":0.6,""ink_saver_sub"":0.3,""quick_super_jump"":0.3,""sub_resistance_up"":0.3,""swim_speed_up"":0.3,""last_ditch_effort"":true}",campingshelter,9,4,5,8,3,1112,"{""quick_respawn"":1.6,""ink_saver_main"":1,""swim_speed_up"":0.9,""ink_resistance_up"":0.3,""ink_saver_sub"":0.3,""run_speed_up"":0.3,""sub_power_up"":0.3,""stealth_jump"":true}",hissen_ash,8,7,1,10,3,979,"{""special_saver"":1.2,""swim_speed_up"":1,""quick_super_jump"":0.9,""ink_resistance_up"":0.3,""sub_resistance_up"":0.3,""ninja_squid"":true,""stealth_jump"":true}",gold,#1 Overall Splatter,gold,#1 Enemy Splatter,silver,#1 Damage Taker,Monthly Challenge
Sizzle Season 2025,2025-06-29T12:00:00+00:00,10.0.1,event,asari,ohyo,300,alpha,FALSE,,1894.1,4492,,62,ba30b0ff,,3924,,49,a0c937ff,,sshooter,16,12,4,9,3,1181,"{""swim_speed_up"":1.3,""intensify_action"":0.9,""quick_super_jump"":0.6,""special_charge_up"":0.6,""ink_resistance_up"":0.3,""comeback"":true,""stealth_jump"":true}",screwslosher,17,11,6,6,3,1229,"{""swim_speed_up"":2.3,""quick_super_jump"":0.6,""sub_power_up"":0.3,""stealth_jump"":true}",hissen_hue,17,14,3,8,2,1029,"{""quick_respawn"":2.8,""ink_resistance_up"":0.3,""quick_super_jump"":0.3,""sub_resistance_up"":0.3,""comeback"":true,""stealth_jump"":true}",splatspinner,6,6,0,5,4,1053,"{""run_speed_up"":2.6,""sub_resistance_up"":0.9,""quick_super_jump"":0.6,""ink_resistance_up"":0.3,""special_saver"":0.3,""stealth_jump"":true}",52gal,9,6,3,10,4,1167,"{""special_power_up"":1.3,""swim_speed_up"":1.3,""special_charge_up"":1,""ink_saver_main"":0.6,""intensify_action"":0.6,""ink_resistance_up"":0.3,""quick_respawn"":0.3,""quick_super_jump"":0.3}",sshooter_kou,12,11,1,12,2,1121,"{""swim_speed_up"":3.5,""ink_saver_sub"":0.9,""sub_resistance_up"":0.3,""stealth_jump"":true}",sputtery,7,4,3,11,3,800,"{""ink_saver_main"":2.5,""swim_speed_up"":0.9,""ink_resistance_up"":0.3,""drop_roller"":true,""ninja_squid"":true}",carbon_deco,10,7,3,10,3,836,"{""swim_speed_up"":1.8,""intensify_action"":0.9,""comeback"":true,""ninja_squid"":true,""stealth_jump"":true}",silver,First Splat!,silver,#1 Trizooka User,silver,#2 Clam Carrier,Monthly Challenge
Sizzle Season 2025,2025-06-29T12:00:00+00:00,10.0.1,regular,nawabari,amabi,180,alpha,,,,3647,50.0,,6e04b6ff,,3423,34.6,,cd510aff,,jimuwiper_fuu,1,1,0,1,3,823,"{""quick_respawn"":1.6,""ink_saver_main"":0.6,""quick_super_jump"":0.6,""ink_recovery_up"":0.3,""ink_resistance_up"":0.3,""swim_speed_up"":0.3,""comeback"":true,""stealth_jump"":true}",sputtery_hue,3,3,0,1,3,1058,"{""quick_respawn"":1.9,""comeback"":true,""stealth_jump"":true}",sharp,4,3,1,3,1,966,"{""ink_saver_sub"":2.6,""special_charge_up"":1,""ink_recovery_up"":0.3,""ink_saver_main"":0.3,""run_speed_up"":0.3,""special_power_up"":0.3,""special_saver"":0.3}",splatcharger,3,2,1,1,2,800,"{""ink_recovery_up"":1,""ink_saver_main"":1,""sub_power_up"":1,""intensify_action"":0.3,""quick_respawn"":0.3}",barrelspinner,4,2,2,2,4,1138,"{""ink_saver_main"":1.9,""ink_recovery_up"":1,""intensify_action"":1,""run_speed_up"":0.9,""special_power_up"":0.9}",variableroller,1,1,0,1,3,1094,"{""swim_speed_up"":3.2,""intensify_action"":1.2,""special_power_up"":1,""special_charge_up"":0.3}",liter4k,2,2,0,1,2,628,"{""swim_speed_up"":2,""ink_saver_sub"":0.9,""quick_super_jump"":0.9,""sub_power_up"":0.9,""respawn_punisher"":true}",parashelter,1,1,0,5,1,563,"{""ink_saver_main"":1.9,""intensify_action"":0.6,""ink_recovery_up"":0.3,""ink_resistance_up"":0.3,""special_saver"":0.3,""swim_speed_up"":0.3,""comeback"":true,""stealth_jump"":true}",gold,#1 Super Jump Spot,gold,#1 Enemy-Base Inker,gold,#1 Popular Target,
Sizzle Season 2025,2025-06-29T12:00:00+00:00,10.0.1,event,asari,ohyo,320,alpha,FALSE,,1945.0,5366,,79,9025c6ff,,5171,,20,cfb121ff,,sshooter,22,14,8,10,4,1388,"{""swim_speed_up"":1.3,""intensify_action"":0.9,""quick_super_jump"":0.6,""special_charge_up"":0.6,""ink_resistance_up"":0.3,""comeback"":true,""stealth_jump"":true}",splatspinner,8,4,4,5,4,1312,"{""run_speed_up"":2.6,""sub_resistance_up"":0.9,""quick_super_jump"":0.6,""ink_resistance_up"":0.3,""special_saver"":0.3,""stealth_jump"":true}",screwslosher,12,10,2,7,3,1407,"{""quick_respawn"":1.3,""swim_speed_up"":1,""quick_super_jump"":0.6,""sub_resistance_up"":0.3,""stealth_jump"":true}",hissen_hue,13,9,4,8,3,1259,"{""quick_respawn"":2.8,""ink_resistance_up"":0.3,""quick_super_jump"":0.3,""sub_resistance_up"":0.3,""comeback"":true,""stealth_jump"":true}",nzap85,14,9,5,10,5,1616,"{""special_power_up"":1.2,""special_charge_up"":1,""run_speed_up"":0.6,""ink_resistance_up"":0.3,""quick_super_jump"":0.3,""swim_speed_up"":0.3,""comeback"":true,""stealth_jump"":true}",jetsweeper_cobr,11,7,4,6,3,1340,"{""special_charge_up"":1.9,""ink_saver_sub"":1,""ink_resistance_up"":0.9,""ink_saver_main"":0.3,""quick_respawn"":0.3,""run_speed_up"":0.3,""tenacity"":true}",sshooter,13,12,1,11,3,1264,"{""swim_speed_up"":1.9,""quick_respawn"":0.6,""ink_resistance_up"":0.3,""quick_super_jump"":0.3,""special_saver"":0.3,""sub_resistance_up"":0.3,""comeback"":true,""stealth_jump"":true}",sblast91,6,2,4,11,3,951,"{""ink_saver_main"":1,""swim_speed_up"":1,""special_saver"":0.9,""ink_resistance_up"":0.3,""ink_saver_sub"":0.3,""intensify_action"":0.3,""quick_respawn"":0.3,""special_charge_up"":0.3,""sub_power_up"":0.3,""stealth_jump"":true}",gold,#1 Overall Splatter,gold,#1 Enemy Splatter,gold,#1 Clam Carrier,Monthly Challenge
Sizzle Season 2025,2025-06-29T12:00:00+00:00,10.0.1,event,asari,decaline,300,bravo,FALSE,,1910.2,4557,,0,ba30b0ff,,4789,,29,a0c937ff,,sshooter,12,9,3,14,1,1080,"{""swim_speed_up"":1.3,""intensify_action"":0.9,""quick_super_jump"":0.6,""special_charge_up"":0.6,""ink_resistance_up"":0.3,""comeback"":true,""stealth_jump"":true}",screwslosher,14,10,4,7,5,1447,"{""quick_respawn"":1.3,""swim_speed_up"":1,""quick_super_jump"":0.6,""ink_recovery_up"":0.3,""sub_resistance_up"":0.3,""stealth_jump"":true}",hissen_hue,9,7,2,10,3,979,"{""quick_respawn"":2.8,""ink_resistance_up"":0.3,""quick_super_jump"":0.3,""sub_resistance_up"":0.3,""comeback"":true,""stealth_jump"":true}",splatspinner,5,2,3,8,3,1051,"{""run_speed_up"":2.6,""sub_resistance_up"":0.9,""quick_super_jump"":0.6,""ink_resistance_up"":0.3,""special_saver"":0.3,""stealth_jump"":true}",prime_collabo,18,15,3,4,4,1369,"{""ink_saver_sub"":1.9,""intensify_action"":1.9,""sub_resistance_up"":0.6,""quick_super_jump"":0.3,""stealth_jump"":true}",splatspinner,17,9,8,5,5,1447,"{""ink_saver_sub"":1,""run_speed_up"":1,""swim_speed_up"":0.9,""ink_recovery_up"":0.6,""ink_resistance_up"":0.6,""quick_super_jump"":0.3,""special_saver"":0.3,""stealth_jump"":true}",prime,11,7,4,11,2,632,"{""swim_speed_up"":1,""intensify_action"":0.9,""ink_resistance_up"":0.6,""quick_super_jump"":0.6,""special_saver"":0.3,""sub_resistance_up"":0.3,""comeback"":true,""stealth_jump"":true}",nzap85,15,8,7,8,5,1341,"{""special_saver"":1.3,""special_charge_up"":1,""quick_super_jump"":0.9,""ink_resistance_up"":0.6,""special_power_up"":0.6,""ink_saver_sub"":0.3,""comeback"":true}",silver,#2 Overall Splatter,silver,#2 Enemy Splatter,silver,#2 Turf Inker,Monthly Challenge
Sizzle Season 2025,2025-06-29T12:00:00+00:00,10.0.1,event,asari,ohyo,327,alpha,FALSE,,1932.0,5115,,60,df6624ff,,4997,,47,343bc4ff,,sshooter,15,9,6,13,3,1276,"{""swim_speed_up"":1.3,""intensify_action"":0.9,""quick_super_jump"":0.6,""special_charge_up"":0.6,""ink_resistance_up"":0.3,""comeback"":true,""stealth_jump"":true}",screwslosher,17,13,4,7,4,1553,"{""quick_respawn"":1.3,""swim_speed_up"":1,""quick_super_jump"":0.6,""ink_recovery_up"":0.3,""sub_resistance_up"":0.3,""stealth_jump"":true}",hissen_hue,11,6,5,11,2,1168,"{""quick_respawn"":2.8,""ink_resistance_up"":0.3,""quick_super_jump"":0.3,""sub_resistance_up"":0.3,""comeback"":true,""stealth_jump"":true}",dynamo_mei,17,12,5,4,5,1118,"{""swim_speed_up"":1.9,""ink_saver_main"":1.6,""special_power_up"":1.3,""ink_resistance_up"":0.3,""special_saver"":0.3,""sub_resistance_up"":0.3}",splatspinner_pytn,12,10,2,8,5,1385,"{""run_speed_up"":2.5,""sub_power_up"":1,""ink_resistance_up"":0.6,""quick_super_jump"":0.3,""swim_speed_up"":0.3,""comeback"":true}",sblast91,13,11,2,13,1,872,"{""quick_respawn"":1.3,""ink_saver_sub"":1.2,""quick_super_jump"":0.6,""ink_resistance_up"":0.3,""sub_resistance_up"":0.3,""comeback"":true,""stealth_jump"":true}",drivewiper_rust,12,9,3,9,5,1519,"{""quick_respawn"":2.5,""quick_super_jump"":0.6,""ink_resistance_up"":0.3,""swim_speed_up"":0.3,""ninja_squid"":true,""stealth_jump"":true}",moprin_kaku,10,5,5,10,4,1221,"{""special_charge_up"":1.6,""swim_speed_up"":0.9,""special_saver"":0.6,""ink_recovery_up"":0.3,""quick_super_jump"":0.3,""comeback"":true,""stealth_jump"":true}",gold,#1 Splat Assister,silver,#1 Damage Taker,silver,#1 Trizooka User,Monthly Challenge
Sizzle Season 2025,2025-06-29T12:00:00+00:00,10.0.1,event,asari,ohyo,330,bravo,FALSE,,1892.2,5509,,28,a0c937ff,,5559,,29,ba30b0ff,,sshooter,17,15,2,9,7,1641,"{""swim_speed_up"":1.3,""intensify_action"":0.9,""quick_super_jump"":0.6,""special_charge_up"":0.6,""ink_resistance_up"":0.3,""comeback"":true,""stealth_jump"":true}",hissen_hue,10,5,5,9,4,1231,"{""quick_respawn"":2.8,""ink_resistance_up"":0.3,""quick_super_jump"":0.3,""sub_resistance_up"":0.3,""comeback"":true,""stealth_jump"":true}",tristringer_tou,7,3,4,6,6,1164,"{""special_power_up"":1.3,""swim_speed_up"":1.3,""quick_super_jump"":0.6,""ink_resistance_up"":0.3,""ink_saver_main"":0.3,""run_speed_up"":0.3,""special_saver"":0.3,""sub_resistance_up"":0.3,""thermal_ink"":true}",screwslosher,6,5,1,8,4,1473,"{""quick_respawn"":1.3,""swim_speed_up"":1,""quick_super_jump"":0.6,""ink_recovery_up"":0.3,""sub_resistance_up"":0.3,""stealth_jump"":true}",nautilus47,18,16,2,5,4,1567,"{""run_speed_up"":2.9,""ink_resistance_up"":0.6,""swim_speed_up"":0.6,""quick_super_jump"":0.3,""sub_resistance_up"":0.3,""stealth_jump"":true}",jetsweeper_cobr,12,5,7,7,3,1649,"{""intensify_action"":3.2,""swim_speed_up"":1.6,""run_speed_up"":0.3,""special_saver"":0.3,""sub_resistance_up"":0.3}",momiji,8,7,1,4,6,1243,"{""ink_saver_sub"":2.6,""special_charge_up"":1.9,""sub_power_up"":0.9,""ink_resistance_up"":0.3}",sshooter_collabo,6,4,2,12,2,1100,"{""swim_speed_up"":1.6,""quick_respawn"":0.6,""quick_super_jump"":0.6,""ink_resistance_up"":0.3,""run_speed_up"":0.3,""sub_resistance_up"":0.3,""comeback"":true,""stealth_jump"":true}",gold,#1 Overall Splatter,gold,#1 Turf Inker,gold,#1 Popular Target,Monthly Challenge
Sizzle Season 2025,2025-06-29T14:00:00+00:00,10.0.1,bankara_challenge,area,manta,316,bravo,FALSE,S+ 7,,6141,,41,df6624ff,,6452,,42,343bc4ff,,prime_frzn,5,4,1,4,7,1800,"{""ink_saver_sub"":1.3,""swim_speed_up"":1,""intensify_action"":0.6,""sub_resistance_up"":0.6,""ink_recovery_up"":0.3,""ink_resistance_up"":0.3,""special_charge_up"":0.3,""special_saver"":0.3,""last_ditch_effort"":true}",tristringer_tou,15,11,4,3,5,1548,"{""special_power_up"":1.6,""ink_saver_main"":1.2,""run_speed_up"":1,""ink_recovery_up"":0.6,""quick_super_jump"":0.3,""object_shredder"":true}",kelvin525,9,9,0,10,5,1502,"{""quick_respawn"":1.6,""ink_saver_main"":0.6,""quick_super_jump"":0.6,""swim_speed_up"":0.6,""ink_resistance_up"":0.3,""comeback"":true,""stealth_jump"":true}",hissen_hue,4,3,1,8,4,1291,"{""swim_speed_up"":1.2,""sub_resistance_up"":0.6,""ink_saver_main"":0.3,""ink_saver_sub"":0.3,""quick_super_jump"":0.3,""comeback"":true,""ninja_squid"":true,""stealth_jump"":true}",sputtery_owl,15,13,2,10,4,1139,"{""quick_respawn"":2.2,""ink_saver_sub"":1.2,""swim_speed_up"":0.3,""comeback"":true,""stealth_jump"":true}",promodeler_rg,4,2,2,6,10,2128,"{""special_charge_up"":3.5,""special_power_up"":0.9,""special_saver"":0.3,""tenacity"":true}",tristringer,10,8,2,5,8,1322,"{""special_charge_up"":1.9,""swim_speed_up"":1.9,""ink_saver_main"":0.9,""object_shredder"":true}",momiji,4,2,2,6,8,1863,"{""swim_speed_up"":1.6,""ink_recovery_up"":0.6,""ink_saver_main"":0.6,""special_charge_up"":0.6,""ink_resistance_up"":0.3,""ninja_squid"":true,""stealth_jump"":true}",gold,#1 Turf Inker,silver,#1 Ground Traveler,gold,#1 Splat Zone Guard,
Sizzle Season 2025,2025-06-29T14:00:00+00:00,10.0.1,bankara_challenge,area,kajiki,138,bravo,TRUE,S+ 7,,3206,,0,6e04b6ff,,3064,,100,cd510aff,,prime_frzn,5,5,0,4,2,653,"{""ink_saver_sub"":1.3,""swim_speed_up"":1,""intensify_action"":0.6,""sub_resistance_up"":0.6,""ink_recovery_up"":0.3,""ink_resistance_up"":0.3,""special_charge_up"":0.3,""special_saver"":0.3,""last_ditch_effort"":true}",nautilus47,4,0,4,2,3,669,"{""swim_speed_up"":1.3,""run_speed_up"":1.2,""ink_resistance_up"":0.6,""quick_super_jump"":0.3,""special_saver"":0.3,""comeback"":true,""stealth_jump"":true}",wideroller_waku,2,1,1,5,4,958,"{""special_saver"":1.6,""sub_power_up"":1,""special_charge_up"":0.6,""intensify_action"":0.3,""quick_super_jump"":0.3,""sub_resistance_up"":0.3,""object_shredder"":true}",promodeler_rg,1,1,0,3,4,926,"{""special_charge_up"":3.8,""sub_resistance_up"":0.6,""swim_speed_up"":0.3,""ninja_squid"":true}",jetsweeper_cobr,7,5,2,2,3,709,"{""ink_saver_sub"":5.7}",jimuwiper,5,5,0,3,2,602,"{""swim_speed_up"":1,""ink_saver_main"":0.9,""sub_power_up"":0.6,""ink_resistance_up"":0.3,""quick_super_jump"":0.3,""special_charge_up"":0.3,""sub_resistance_up"":0.3,""comeback"":true,""stealth_jump"":true}",nzap89,4,1,3,1,3,898,"{""swim_speed_up"":1.9,""special_power_up"":1.2,""ink_recovery_up"":0.3,""sub_power_up"":0.3,""drop_roller"":true,""ninja_squid"":true}",dynamo,5,3,2,1,3,855,"{""ink_saver_main"":2.6,""quick_super_jump"":1.2,""ink_resistance_up"":0.3,""sub_resistance_up"":0.3,""swim_speed_up"":0.3,""stealth_jump"":true}",gold,#1 Popular Target,gold,#1 Overall Splatter,gold,#1 Splat Zone Guard,
Sizzle Season 2025,2025-06-29T14:00:00+00:00,10.0.1,bankara_challenge,area,manta,287,bravo,TRUE,,,4721,,0,1bbfabff,,4986,,100,c43a6eff,,dualsweeper_tei,11,7,4,7,3,1073,"{""ink_saver_main"":1,""intensify_action"":0.6,""quick_super_jump"":0.6,""sub_power_up"":0.6,""ink_recovery_up"":0.3,""special_power_up"":0.3,""special_saver"":0.3,""opening_gambit"":true,""stealth_jump"":true}",examiner,13,8,5,7,4,1028,"{""swim_speed_up"":2,""run_speed_up"":1.9,""special_charge_up"":0.6,""ink_resistance_up"":0.3,""intensify_action"":0.3,""quick_super_jump"":0.3,""sub_resistance_up"":0.3}",sshooter_collabo,5,2,3,7,7,1471,"{""special_charge_up"":2.3,""swim_speed_up"":1.9,""ink_saver_sub"":0.6,""ink_resistance_up"":0.3,""quick_super_jump"":0.3,""sub_resistance_up"":0.3}",52gal,6,5,1,8,5,1149,"{""swim_speed_up"":2.2,""intensify_action"":1.9,""ink_resistance_up"":0.3,""special_charge_up"":0.3,""stealth_jump"":true}",rapid_elite_wntr,14,9,5,6,4,1241,"{""swim_speed_up"":1,""ink_recovery_up"":0.9,""intensify_action"":0.6,""special_charge_up"":0.6,""ink_resistance_up"":0.3,""sub_resistance_up"":0.3,""last_ditch_effort"":true,""stealth_jump"":true}",prime_frzn,8,8,0,4,6,1405,"{""swim_speed_up"":1.6,""intensify_action"":0.6,""special_charge_up"":0.6,""ink_resistance_up"":0.3,""quick_super_jump"":0.3,""sub_resistance_up"":0.3,""comeback"":true,""stealth_jump"":true}",fincent_brnz,12,10,2,6,4,945,"{""swim_speed_up"":1,""ink_resistance_up"":0.6,""quick_super_jump"":0.6,""special_charge_up"":0.6,""sub_resistance_up"":0.6,""special_saver"":0.3,""comeback"":true,""stealth_jump"":true}",dentalwiper_mint,3,2,1,6,5,1395,"{""quick_respawn"":2.2,""swim_speed_up"":0.6,""ink_saver_sub"":0.3,""sub_power_up"":0.3,""sub_resistance_up"":0.3,""comeback"":true,""stealth_jump"":true}",silver,#1 Damage Taker,silver,#2 Overall Splatter,silver,#2 Popular Target,
Sizzle Season 2025,2025-06-29T14:00:00+00:00,10.0.1,bankara_challenge,area,kajiki,281,alpha,TRUE,S+ 7,,5842,,100,1ec0adff,,5696,,0,d74b31ff,,prime_frzn,10,6,4,4,5,1469,"{""ink_saver_sub"":1.3,""swim_speed_up"":1,""intensify_action"":0.6,""sub_resistance_up"":0.6,""ink_recovery_up"":0.3,""ink_resistance_up"":0.3,""special_charge_up"":0.3,""special_saver"":0.3,""last_ditch_effort"":true}",barrelspinner,13,8,5,4,6,1602,"{""run_speed_up"":3.5,""ink_resistance_up"":1,""special_charge_up"":0.9,""special_saver"":0.3}",sshooter_collabo,11,10,1,5,6,1473,"{""swim_speed_up"":1,""ink_resistance_up"":0.6,""quick_super_jump"":0.6,""sub_resistance_up"":0.6,""quick_respawn"":0.3,""special_charge_up"":0.3,""special_saver"":0.3,""comeback"":true,""stealth_jump"":true}",sshooter,7,6,1,4,5,1298,"{""swim_speed_up"":1.9,""intensify_action"":0.6,""ink_resistance_up"":0.3,""quick_super_jump"":0.3,""special_saver"":0.3,""sub_resistance_up"":0.3,""comeback"":true,""stealth_jump"":true}",barrelspinner_deco,8,8,0,5,3,1406,"{""ink_saver_main"":1.9,""run_speed_up"":1.3,""special_power_up"":0.6,""ink_resistance_up"":0.3,""special_charge_up"":0.3,""sub_power_up"":0.3,""opening_gambit"":true}",wakaba,8,3,5,6,6,1470,"{""ink_saver_sub"":1.9,""sub_power_up"":1,""run_speed_up"":0.9,""swim_speed_up"":0.9,""ninja_squid"":true}",hissen_ash,7,4,3,10,6,1580,"{""ink_saver_sub"":1.9,""swim_speed_up"":1.9,""ink_recovery_up"":0.9,""comeback"":true}",52gal,2,2,0,9,4,1240,"{""ink_recovery_up"":2.3,""ink_saver_main"":1.6,""ink_resistance_up"":0.6,""special_power_up"":0.6,""sub_resistance_up"":0.6}",silver,#2 Splat Assister,silver,#2 Super Jump Spot,silver,#1 Tenta Missiles User,
Sizzle Season 2025,2025-06-29T14:00:00+00:00,10.0.1,bankara_challenge,area,manta,317,alpha,FALSE,S+ 7,,6897,,68,1bbfabff,,6580,,50,c43a6eff,,prime_frzn,3,3,0,4,6,1751,"{""ink_saver_sub"":1.3,""swim_speed_up"":1,""intensify_action"":0.6,""sub_resistance_up"":0.6,""ink_recovery_up"":0.3,""ink_resistance_up"":0.3,""special_charge_up"":0.3,""special_saver"":0.3,""last_ditch_effort"":true}",sshooter_collabo,12,11,1,5,7,1803,"{""swim_speed_up"":1,""ink_resistance_up"":0.6,""quick_super_jump"":0.6,""sub_resistance_up"":0.6,""quick_respawn"":0.3,""special_charge_up"":0.3,""special_saver"":0.3,""comeback"":true,""stealth_jump"":true}",barrelspinner,4,3,1,3,8,1961,"{""run_speed_up"":3.5,""ink_resistance_up"":1,""special_charge_up"":0.9,""special_saver"":0.3}",sshooter,4,3,1,5,5,1382,"{""swim_speed_up"":1.9,""intensify_action"":0.6,""ink_resistance_up"":0.3,""quick_super_jump"":0.3,""special_saver"":0.3,""sub_resistance_up"":0.3,""comeback"":true,""stealth_jump"":true}",furuido_custom,8,3,5,4,8,1780,"{""ink_saver_main"":1.5,""special_charge_up"":1.3,""ink_saver_sub"":1,""swim_speed_up"":0.9,""ninja_squid"":true}",momiji,4,3,1,3,8,1933,"{""ink_saver_sub"":2.9,""sub_power_up"":1.9,""ink_recovery_up"":0.6,""run_speed_up"":0.3}",sshooter_collabo,6,6,0,5,7,1806,"{""quick_respawn"":1.6,""swim_speed_up"":0.9,""intensify_action"":0.6,""ink_resistance_up"":0.3,""quick_super_jump"":0.3,""ninja_squid"":true,""stealth_jump"":true}",rapid_deco,4,4,0,8,4,1061,"{""ink_saver_main"":1.6,""ink_saver_sub"":1.6,""special_power_up"":1.3,""swim_speed_up"":0.6,""ink_recovery_up"":0.3,""quick_super_jump"":0.3}",gold,#1 Super Jump Spot,gold,#1 Splat Zone Guard,silver,#1 Tenta Missiles User,
Sizzle Season 2025,2025-06-29T14:00:00+00:00,10.0.1,bankara_challenge,area,kajiki,222,alpha,TRUE,,,4082,,100,c12d74ff,,4221,,0,2cb721ff,,dualsweeper_tei,11,8,3,4,4,1213,"{""ink_saver_main"":1,""intensify_action"":0.6,""quick_super_jump"":0.6,""sub_power_up"":0.6,""ink_recovery_up"":0.3,""special_power_up"":0.3,""special_saver"":0.3,""opening_gambit"":true,""stealth_jump"":true}",sputtery_owl,12,9,3,6,4,1070,"{""ink_saver_sub"":4.2,""sub_power_up"":0.9,""ink_resistance_up"":0.3,""sub_resistance_up"":0.3}",liter4k,8,6,2,3,4,982,"{""ink_recovery_up"":1.9,""special_charge_up"":1.9,""swim_speed_up"":1.9}",52gal,7,3,4,8,2,817,"{""swim_speed_up"":1.9,""intensify_action"":1.6,""quick_super_jump"":0.6,""special_saver"":0.3,""sub_resistance_up"":0.3,""stealth_jump"":true}",hydra_atsu,9,7,2,6,5,1186,"{""run_speed_up"":1.6,""swim_speed_up"":1,""intensify_action"":0.6,""special_charge_up"":0.6,""ink_resistance_up"":0.3,""quick_super_jump"":0.3,""sub_resistance_up"":0.3,""stealth_jump"":true}",hotblaster_en,7,3,4,9,1,485,"{""sub_power_up"":2.2,""quick_super_jump"":0.6,""ink_resistance_up"":0.3,""special_saver"":0.3,""sub_resistance_up"":0.3,""comeback"":true,""stealth_jump"":true}",sshooter_collabo,7,6,1,6,5,1355,"{""special_charge_up"":1,""run_speed_up"":0.6,""sub_power_up"":0.6,""swim_speed_up"":0.6,""ink_recovery_up"":0.3,""quick_super_jump"":0.3,""special_saver"":0.3,""comeback"":true,""stealth_jump"":true}",sshooter_collabo,4,4,0,5,5,1195,"{""swim_speed_up"":3.8,""special_charge_up"":1,""ink_saver_sub"":0.9}",silver,#1 Ground Traveler,gold,#1 Turf Inker,silver,#1 Damage Taker,
Sizzle Season 2025,2025-06-29T14:00:00+00:00,10.0.1,bankara_challenge,area,manta,308,bravo,FALSE,,,4639,,76,a0c937ff,,4501,,90,ba30b0ff,,dualsweeper_tei,13,10,3,7,4,1028,"{""ink_saver_main"":1,""intensify_action"":0.6,""quick_super_jump"":0.6,""sub_power_up"":0.6,""ink_recovery_up"":0.3,""special_power_up"":0.3,""special_saver"":0.3,""opening_gambit"":true,""stealth_jump"":true}",wakaba,6,4,2,8,3,1423,"{""special_charge_up"":2,""sub_power_up"":0.9,""swim_speed_up"":0.6,""ink_recovery_up"":0.3,""ink_resistance_up"":0.3,""quick_super_jump"":0.3,""sub_resistance_up"":0.3,""last_ditch_effort"":true}",hokusai_sui,9,8,1,8,3,905,"{""special_charge_up"":1.6,""ink_saver_main"":0.9,""swim_speed_up"":0.9,""special_saver"":0.3,""comeback"":true,""ninja_squid"":true}",explosher_custom,7,7,0,9,3,1283,"{""ink_saver_main"":1.2,""swim_speed_up"":1,""ink_recovery_up"":0.6,""ink_resistance_up"":0.6,""quick_super_jump"":0.3,""last_ditch_effort"":true,""stealth_jump"":true}",nova,14,11,3,8,5,1053,"{""quick_respawn"":1.6,""ink_saver_main"":0.6,""quick_super_jump"":0.6,""ink_resistance_up"":0.3,""special_saver"":0.3,""swim_speed_up"":0.3,""comeback"":true,""stealth_jump"":true}",soytuber_custom,5,2,3,6,5,1376,"{""special_charge_up"":3.3,""run_speed_up"":0.9,""ink_saver_main"":0.6,""quick_respawn"":0.6,""quick_super_jump"":0.3}",hissen,12,10,2,9,3,1130,"{""special_power_up"":1.3,""swim_speed_up"":1.3,""ink_resistance_up"":0.6,""special_charge_up"":0.6,""ink_saver_sub"":0.3,""quick_super_jump"":0.3,""sub_resistance_up"":0.3,""drop_roller"":true}",hotblaster_custom,11,8,3,6,4,942,"{""quick_respawn"":1.9,""swim_speed_up"":1.3,""intensify_action"":0.6,""ink_resistance_up"":0.3,""quick_super_jump"":0.3,""special_charge_up"":0.3,""stealth_jump"":true}",gold,#1 Overall Splatter,gold,#1 Popular Target,gold,#1 Splat Zone Guard,
Sizzle Season 2025,2025-06-29T14:00:00+00:00,10.0.1,bankara_challenge,area,manta,189,alpha,TRUE,S+ 7,,4160,,100,9025c6ff,,3837,,0,cfb121ff,,prime_frzn,6,4,2,2,4,1002,"{""ink_saver_sub"":1.3,""swim_speed_up"":1,""intensify_action"":0.6,""sub_resistance_up"":0.6,""ink_recovery_up"":0.3,""ink_resistance_up"":0.3,""special_charge_up"":0.3,""special_saver"":0.3,""last_ditch_effort"":true}",sshooter_collabo,8,8,0,6,3,816,"{""swim_speed_up"":1,""ink_resistance_up"":0.6,""quick_super_jump"":0.6,""sub_resistance_up"":0.6,""quick_respawn"":0.3,""special_charge_up"":0.3,""special_saver"":0.3,""comeback"":true,""stealth_jump"":true}",furo,7,4,3,1,4,1149,"{""ink_saver_main"":1.6,""special_saver"":1,""ink_resistance_up"":0.6,""special_charge_up"":0.6,""swim_speed_up"":0.6,""quick_super_jump"":0.3,""thermal_ink"":true}",barrelspinner,5,3,2,1,4,1193,"{""run_speed_up"":3.5,""ink_resistance_up"":1,""special_charge_up"":0.9,""special_saver"":0.3}",explosher_custom,4,2,2,4,2,1280,"{""ink_recovery_up"":2.3,""ink_saver_main"":1.3,""ink_resistance_up"":0.9,""run_speed_up"":0.9,""special_saver"":0.3}",splatspinner_pytn,4,4,0,5,5,999,"{""run_speed_up"":3,""special_charge_up"":0.9,""quick_super_jump"":0.6,""swim_speed_up"":0.6,""ink_resistance_up"":0.3,""special_saver"":0.3}",order_shooter_replica,4,3,1,6,3,798,"{""swim_speed_up"":1.6,""intensify_action"":0.9,""ink_recovery_up"":0.6,""ink_resistance_up"":0.3,""sub_resistance_up"":0.3,""comeback"":true,""stealth_jump"":true}",wideroller_waku,1,1,0,4,3,760,"{""ink_saver_sub"":3.1,""ink_saver_main"":1,""sub_power_up"":1,""ink_recovery_up"":0.6}",silver,#1 Ground Traveler,silver,#2 Splat Zone Guard,silver,#1 Tenta Missiles User,
Sizzle Season 2025,2025-06-29T14:00:00+00:00,10.0.1,bankara_challenge,area,manta,94,alpha,TRUE,,,1636,,100,bfcd41ff,,1734,,0,6325cdff,,dualsweeper_tei,5,4,1,2,0,364,"{""ink_saver_main"":1,""intensify_action"":0.6,""quick_super_jump"":0.6,""sub_power_up"":0.6,""ink_recovery_up"":0.3,""special_power_up"":0.3,""special_saver"":0.3,""opening_gambit"":true,""stealth_jump"":true}",hydra_atsu,6,6,0,1,1,475,"{""run_speed_up"":2.9,""quick_respawn"":0.3,""special_power_up"":0.3,""object_shredder"":true}",wideroller_waku,2,2,0,0,1,455,"{""ink_saver_main"":1,""special_charge_up"":1,""ink_resistance_up"":0.6,""ink_saver_sub"":0.6,""swim_speed_up"":0.6,""quick_super_jump"":0.3,""special_saver"":0.3,""sub_resistance_up"":0.3,""stealth_jump"":true}",campingshelter_sorella,2,0,2,0,1,342,"{""quick_respawn"":1.9,""ink_saver_main"":0.9,""quick_super_jump"":0.6,""special_charge_up"":0.3,""comeback"":true,""stealth_jump"":true}",sshooter_collabo,2,2,0,4,2,463,"{""swim_speed_up"":2.3,""ink_resistance_up"":0.6,""intensify_action"":0.6,""run_speed_up"":0.6,""special_charge_up"":0.3,""special_saver"":0.3,""stealth_jump"":true}",tristringer,1,0,1,2,2,336,"{""quick_respawn"":1,""quick_super_jump"":1,""intensify_action"":0.9,""run_speed_up"":0.6,""ink_saver_main"":0.3,""special_charge_up"":0.3,""sub_power_up"":0.3,""sub_resistance_up"":0.3,""haunt"":true}",prime_frzn,1,1,0,3,2,514,"{""swim_speed_up"":1.5,""ink_resistance_up"":1,""special_charge_up"":0.6,""ink_recovery_up"":0.3,""quick_super_jump"":0.3,""last_ditch_effort"":true,""stealth_jump"":true}",sshooter,0,0,0,3,1,421,"{""swim_speed_up"":2.6,""intensify_action"":0.9,""run_speed_up"":0.6,""ink_resistance_up"":0.3,""sub_resistance_up"":0.3,""stealth_jump"":true}",silver,#1 Ground Traveler,silver,#1 Damage Taker,gold,#1 Splat Zone Guard,
Sizzle Season 2025,2025-06-29T14:00:00+00:00,10.0.1,bankara_challenge,area,kajiki,99,alpha,TRUE,S+ 7,,2147,,100,df6624ff,,2236,,0,343bc4ff,,prime_frzn,2,2,0,0,2,602,"{""ink_saver_sub"":1.3,""swim_speed_up"":1,""intensify_action"":0.6,""sub_resistance_up"":0.6,""ink_recovery_up"":0.3,""ink_resistance_up"":0.3,""special_charge_up"":0.3,""special_saver"":0.3,""last_ditch_effort"":true}",order_shooter_replica,5,4,1,2,2,580,"{""swim_speed_up"":1.3,""intensify_action"":0.6,""special_charge_up"":0.6,""ink_resistance_up"":0.3,""ink_saver_main"":0.3,""ink_saver_sub"":0.3,""run_speed_up"":0.3,""comeback"":true,""stealth_jump"":true}",jetsweeper_cobr,4,3,1,2,1,511,"{""ink_saver_main"":2,""ink_resistance_up"":0.6,""ink_saver_sub"":0.6,""ink_recovery_up"":0.3,""special_charge_up"":0.3,""special_power_up"":0.3,""special_saver"":0.3,""sub_power_up"":0.3,""ninja_squid"":true}",barrelspinner,2,2,0,2,1,454,"{""run_speed_up"":3.5,""ink_resistance_up"":1,""special_charge_up"":0.9,""special_saver"":0.3}",wakaba,4,1,3,2,1,688,"{""ink_saver_sub"":1.6,""swim_speed_up"":1.3,""ink_recovery_up"":1.2,""sub_power_up"":1,""ink_resistance_up"":0.3,""sub_resistance_up"":0.3}",furo,4,3,1,3,2,709,"{""ink_saver_main"":2.8,""swim_speed_up"":1,""special_power_up"":0.6,""special_charge_up"":0.3,""respawn_punisher"":true}",hissen_hue,3,2,1,3,2,436,"{""quick_respawn"":1.6,""special_charge_up"":1.3,""quick_super_jump"":0.9,""special_power_up"":0.6,""special_saver"":0.3,""stealth_jump"":true}",barrelspinner,0,0,0,4,1,403,"{""run_speed_up"":2.6,""ink_resistance_up"":1,""intensify_action"":0.9,""special_charge_up"":0.9,""quick_super_jump"":0.3}",gold,#1 Popular Target,gold,#1 Turf Inker,gold,#1 Splat Zone Inker,
Sizzle Season 2025,2025-06-29T14:00:00+00:00,10.0.1,bankara_challenge,area,kajiki,220,alpha,TRUE,,,4401,,100,cfb121ff,,4130,,0,9025c6ff,,dualsweeper_tei,13,7,6,4,4,1069,"{""ink_saver_main"":1,""intensify_action"":0.6,""quick_super_jump"":0.6,""sub_power_up"":0.6,""ink_recovery_up"":0.3,""special_power_up"":0.3,""special_saver"":0.3,""opening_gambit"":true,""stealth_jump"":true}",rapid_elite_wntr,14,7,7,3,3,941,"{""special_charge_up"":1.6,""quick_super_jump"":0.9,""ink_saver_sub"":0.6,""ink_resistance_up"":0.3,""swim_speed_up"":0.3,""last_ditch_effort"":true,""stealth_jump"":true}",wakaba,6,2,4,1,6,1486,"{""ink_saver_sub"":3.6,""special_charge_up"":0.6,""sub_power_up"":0.6,""ink_resistance_up"":0.3,""quick_super_jump"":0.3,""swim_speed_up"":0.3}",hydra_atsu,12,9,3,4,3,905,"{""run_speed_up"":2.9,""quick_respawn"":0.3,""special_power_up"":0.3,""object_shredder"":true}",jetsweeper_cobr,8,7,1,5,6,1324,"{""ink_saver_sub"":1.6,""special_charge_up"":1.6,""ink_saver_main"":1,""ink_recovery_up"":0.6,""swim_speed_up"":0.6,""sub_resistance_up"":0.3}",liter4k_scope,4,2,2,5,3,744,"{""ink_saver_main"":0.9,""ink_resistance_up"":0.6,""quick_super_jump"":0.6,""swim_speed_up"":0.6,""last_ditch_effort"":true,""object_shredder"":true,""respawn_punisher"":true}",spygadget,3,1,2,7,5,1336,"{""special_power_up"":2.9,""special_saver"":0.6,""ink_recovery_up"":0.3,""ink_resistance_up"":0.3,""quick_super_jump"":0.3,""stealth_jump"":true}",nautilus47,4,2,2,8,2,726,"{""ink_saver_main"":1,""swim_speed_up"":1,""special_saver"":0.9,""ink_recovery_up"":0.3,""intensify_action"":0.3,""sub_resistance_up"":0.3,""object_shredder"":true}",silver,#1 Ground Traveler,silver,First Splat!,silver,#1 Splattercolor Screen User,
Sizzle Season 2025,2025-06-29T14:00:00+00:00,10.0.1,bankara_challenge,area,kajiki,313,bravo,FALSE,S+ 7,,6738,,94,6e04b6ff,,6360,,95,cd510aff,,prime_frzn,13,11,2,5,8,1956,"{""ink_saver_sub"":1.3,""swim_speed_up"":1,""intensify_action"":0.6,""sub_resistance_up"":0.6,""ink_recovery_up"":0.3,""ink_resistance_up"":0.3,""special_charge_up"":0.3,""special_saver"":0.3,""last_ditch_effort"":true}",jetsweeper_cobr,12,9,3,5,5,1796,"{""ink_saver_main"":2,""ink_resistance_up"":0.6,""ink_saver_sub"":0.6,""ink_recovery_up"":0.3,""special_charge_up"":0.3,""special_power_up"":0.3,""special_saver"":0.3,""sub_power_up"":0.3,""ninja_squid"":true}",sshooter_collabo,8,6,2,7,8,1798,"{""ink_saver_sub"":1.9,""special_charge_up"":1.9,""sub_power_up"":1.9}",wideroller_waku,7,5,2,9,5,1188,"{""special_charge_up"":4.7,""drop_roller"":true}",kelvin525,12,10,2,13,4,1025,"{""quick_respawn"":2.9,""ink_saver_main"":0.6,""quick_super_jump"":0.6,""swim_speed_up"":0.6,""stealth_jump"":true}",explosher_custom,7,5,2,5,7,2151,"{""ink_saver_main"":2.3,""quick_super_jump"":0.9,""ink_recovery_up"":0.6,""sub_resistance_up"":0.6,""ink_resistance_up"":0.3,""last_ditch_effort"":true}",wakaba,7,7,0,7,6,2015,"{""ink_saver_sub"":3.5,""sub_power_up"":1.6,""ink_recovery_up"":0.6}",dualsweeper,7,2,5,6,4,1169,"{""quick_respawn"":1.6,""intensify_action"":0.6,""swim_speed_up"":0.6,""quick_super_jump"":0.3,""opening_gambit"":true,""stealth_jump"":true}",gold,#1 Overall Splatter,gold,#1 Splat Zone Guard,gold,#1 Splat Zone Inker,
Sizzle Season 2025,2025-06-29T14:00:00+00:00,10.0.1,bankara_challenge,area,kajiki,300,bravo,FALSE,S,,7471,,59,bfcd41ff,,7488,,81,6325cdff,,promodeler_mg,7,7,0,8,8,1780,"{""swim_speed_up"":3.7,""intensify_action"":1,""ninja_squid"":true}",promodeler_rg,6,5,1,4,13,2657,"{""special_power_up"":1.6,""special_charge_up"":0.9,""swim_speed_up"":0.9,""special_saver"":0.3,""stealth_jump"":true,""tenacity"":true}",order_stringer_replica,3,1,2,8,6,1494,"{""special_power_up"":1.9,""special_charge_up"":1.6,""ink_saver_main"":1,""ink_recovery_up"":0.6,""ink_saver_sub"":0.3}",sputtery_hue,5,3,2,10,5,1540,"{""ink_saver_sub"":1.9,""quick_respawn"":1.9,""swim_speed_up"":1.9}",promodeler_rg,14,12,2,6,11,2046,"{""ink_saver_main"":1.8,""quick_super_jump"":1,""special_charge_up"":1,""ink_recovery_up"":0.9,""respawn_punisher"":true}",tristringer_tou,13,6,7,2,6,1270,"{""special_charge_up"":1.3,""special_power_up"":1.3,""quick_super_jump"":0.9,""ink_resistance_up"":0.6,""special_saver"":0.3,""sub_resistance_up"":0.3,""comeback"":true}",promodeler_rg,8,6,2,5,11,2402,"{""special_charge_up"":4.2,""special_saver"":0.9,""special_power_up"":0.6}",lact450_milk,9,6,3,4,7,1770,"{""ink_saver_sub"":1.9,""special_charge_up"":1.9,""special_power_up"":1.9}",gold,#1 Overall Splatter,gold,#1 Splat Zone Guard,gold,#1 Popular Target,
Sizzle Season 2025,2025-06-29T16:00:00+00:00,10.0.1,bankara_challenge,yagura,kinmedai,185,bravo,TRUE,S,,3023,,0,9025c6ff,,3452,,100,cfb121ff,,promodeler_mg,6,3,3,7,2,747,"{""swim_speed_up"":3.7,""intensify_action"":1,""ninja_squid"":true}",sshooter_collabo,7,6,1,6,2,778,"{""swim_speed_up"":2.2,""intensify_action"":0.9,""ink_saver_sub"":0.3,""special_saver"":0.3,""ninja_squid"":true,""stealth_jump"":true}",sharp_geck,3,1,2,7,3,864,"{""ink_saver_sub"":1.9,""special_charge_up"":1.9,""swim_speed_up"":1.9}",hydra_atsu,6,6,0,5,2,634,"{""run_speed_up"":2.9,""swim_speed_up"":1.3,""quick_super_jump"":0.6,""ink_resistance_up"":0.3,""intensify_action"":0.3,""sub_resistance_up"":0.3}",dualsweeper,10,9,1,2,4,778,"{""quick_respawn"":1.3,""special_power_up"":0.6,""ink_recovery_up"":0.3,""ink_resistance_up"":0.3,""ink_saver_main"":0.3,""intensify_action"":0.3,""quick_super_jump"":0.3,""sub_power_up"":0.3,""comeback"":true,""stealth_jump"":true}",promodeler_rg,4,3,1,4,7,1384,"{""special_charge_up"":3.6,""ink_recovery_up"":0.3,""ink_saver_main"":0.3,""intensify_action"":0.3,""run_speed_up"":0.3,""sub_power_up"":0.3,""swim_speed_up"":0.3}",momiji,11,7,4,8,2,765,"{""ink_saver_sub"":3.5,""ink_saver_main"":1.6,""ink_recovery_up"":0.6}",liter4k,7,6,1,2,2,525,"{""ink_saver_main"":1,""ink_saver_sub"":0.9,""swim_speed_up"":0.9,""quick_super_jump"":0.6,""quick_respawn"":0.3,""object_shredder"":true,""respawn_punisher"":true}",gold,#1 Splat Assister,gold,#1 Super Jump Spot,silver,#1 Checkpoint Breaker,
Sizzle Season 2025,2025-06-29T16:00:00+00:00,10.0.1,bankara_challenge,yagura,mahimahi,300,alpha,FALSE,S,,4503,,82,a0c937ff,,4776,,73,ba30b0ff,,promodeler_mg,8,6,2,9,5,1058,"{""swim_speed_up"":3.7,""intensify_action"":1,""ninja_squid"":true}",prime,20,13,7,7,4,1217,"{""swim_speed_up"":1.2,""intensify_action"":1,""ink_recovery_up"":0.3,""ink_resistance_up"":0.3,""quick_super_jump"":0.3,""special_saver"":0.3,""sub_resistance_up"":0.3,""comeback"":true,""stealth_jump"":true}",nzap85,11,4,7,8,5,1249,"{""ink_saver_sub"":1,""quick_super_jump"":1,""swim_speed_up"":1,""special_power_up"":0.6,""sub_resistance_up"":0.6,""ink_resistance_up"":0.3,""intensify_action"":0.3,""special_charge_up"":0.3,""special_saver"":0.3,""sub_power_up"":0.3}",examiner,18,8,10,9,4,979,"{""special_charge_up"":2.8,""run_speed_up"":1,""swim_speed_up"":0.6,""quick_super_jump"":0.3,""stealth_jump"":true}",jetsweeper_cobr,13,12,1,8,7,1531,"{""ink_saver_main"":1,""sub_power_up"":1,""ink_recovery_up"":0.6,""quick_super_jump"":0.6,""special_saver"":0.6,""ink_resistance_up"":0.3,""intensify_action"":0.3,""special_power_up"":0.3,""stealth_jump"":true}",furuido_custom,9,2,7,4,6,1290,"{""ink_recovery_up"":1.2,""special_charge_up"":1,""swim_speed_up"":1,""ink_saver_main"":0.6,""ink_resistance_up"":0.3,""quick_respawn"":0.3,""special_power_up"":0.3,""thermal_ink"":true}",dualsweeper,16,11,5,7,5,1158,"{""intensify_action"":2,""ink_saver_main"":0.9,""sub_power_up"":0.9,""swim_speed_up"":0.9,""ninja_squid"":true}",momiji,13,8,5,14,2,797,"{""quick_respawn"":2.6,""quick_super_jump"":0.6,""run_speed_up"":0.6,""ink_saver_main"":0.3,""special_power_up"":0.3,""special_saver"":0.3,""stealth_jump"":true}",silver,#1 Ground Traveler,silver,#1 Checkpoint Breaker,gold,#1 Score Booster,
Sizzle Season 2025,2025-06-29T16:00:00+00:00,10.0.1,event,asari,decaline,318,bravo,FALSE,,,3800,,62,a0c937ff,,3990,,77,ba30b0ff,,pablo,7,6,1,12,3,1170,"{""ink_saver_main"":1.9,""swim_speed_up"":1.9,""sub_power_up"":1,""special_charge_up"":0.9}",maneuver_you,13,12,1,8,2,758,"{""intensify_action"":1.6,""ink_recovery_up"":1,""run_speed_up"":1,""ink_saver_sub"":0.3,""quick_super_jump"":0.3,""special_charge_up"":0.3,""sub_resistance_up"":0.3}",promodeler_sai,9,7,2,11,3,1121,"{""special_saver"":1.3,""quick_super_jump"":1,""run_speed_up"":1,""ink_recovery_up"":0.9}",nzap85,7,6,1,13,0,751,"{""run_speed_up"":1.3,""ink_recovery_up"":1,""swim_speed_up"":1,""ink_resistance_up"":0.3,""ink_saver_sub"":0.3,""special_saver"":0.3}",carbon_deco,20,20,0,9,1,1092,"{""ink_saver_main"":1.9,""quick_respawn"":1.3,""quick_super_jump"":1,""ink_recovery_up"":0.6,""special_charge_up"":0.6,""sub_resistance_up"":0.3}",bold,14,12,2,6,5,1262,"{""quick_super_jump"":1.3,""special_power_up"":0.6,""quick_respawn"":0.3,""sub_power_up"":0.3,""sub_resistance_up"":0.3,""ninja_squid"":true,""stealth_jump"":true}",dualsweeper,12,7,5,9,1,814,"{""ink_saver_main"":1.6,""quick_respawn"":1,""sub_power_up"":1,""ink_resistance_up"":0.6,""run_speed_up"":0.6,""swim_speed_up"":0.6,""ink_saver_sub"":0.3}",drivewiper_deco,6,5,1,7,1,822,"{""ink_saver_main"":1.6,""intensify_action"":1.6,""special_power_up"":1.6}",gold,#1 Turf Inker,silver,#1 Ink Consumer,silver,#1 Killer Wail 5.1 User,Monthly Challenge
Sizzle Season 2025,2025-06-29T16:00:00+00:00,10.0.1,event,asari,ohyo,250,bravo,TRUE,,,3767,,0,a0c937ff,,3784,,100,ba30b0ff,,pablo,6,5,1,9,1,907,"{""ink_saver_main"":1.9,""swim_speed_up"":1.9,""sub_power_up"":1,""special_charge_up"":0.9}",promodeler_rg,9,6,3,7,4,1183,"{""quick_respawn"":1.9,""special_charge_up"":1.9,""special_saver"":0.9,""comeback"":true}",96gal_sou,2,2,0,9,2,856,"{""run_speed_up"":1,""swim_speed_up"":1,""ink_resistance_up"":0.9,""ink_saver_main"":0.9,""quick_super_jump"":0.9,""comeback"":true}",maneuver_collabo,4,3,1,6,3,821,"{""special_charge_up"":1.6,""sub_resistance_up"":1.3,""intensify_action"":0.3,""quick_respawn"":0.3,""sub_power_up"":0.3,""respawn_punisher"":true}",sputtery_owl,15,14,1,5,3,1071,"{""quick_respawn"":1,""sub_power_up"":1,""ink_resistance_up"":0.6,""sub_resistance_up"":0.6,""ink_recovery_up"":0.3,""intensify_action"":0.3,""quick_super_jump"":0.3,""special_charge_up"":0.3,""special_power_up"":0.3,""stealth_jump"":true}",wideroller_waku,14,13,1,3,5,1256,"{""quick_respawn"":1,""special_charge_up"":1,""ink_saver_sub"":0.6,""ink_recovery_up"":0.3,""ink_resistance_up"":0.3,""intensify_action"":0.3,""quick_super_jump"":0.3,""special_saver"":0.3,""sub_power_up"":0.3,""swim_speed_up"":0.3,""comeback"":true}",kelvin525,6,4,2,3,4,753,"{""sub_resistance_up"":3.8,""special_charge_up"":0.9,""drop_roller"":true}",drivewiper_deco,1,0,1,5,2,704,"{""ink_saver_main"":1.6,""intensify_action"":1.6,""special_power_up"":1.6}",silver,#1 Damage Taker,silver,#1 Ink Consumer,silver,#1 Killer Wail 5.1 User,Monthly Challenge
Sizzle Season 2025,2025-06-29T16:00:00+00:00,10.0.1,event,asari,decaline,311,bravo,FALSE,,,3871,,20,2cb721ff,,4004,,23,c12d74ff,,pablo,11,9,2,8,2,962,"{""ink_saver_main"":1.9,""swim_speed_up"":1.9,""sub_power_up"":1,""special_charge_up"":0.9}",nautilus79,15,15,0,7,2,914,"{""special_saver"":1.3,""quick_respawn"":0.6,""ink_recovery_up"":0.3,""ink_resistance_up"":0.3,""ink_saver_sub"":0.3,""intensify_action"":0.3,""last_ditch_effort"":true,""stealth_jump"":true}",bold,5,5,0,11,2,1100,"{""sub_power_up"":1.3,""ink_recovery_up"":1.2,""special_power_up"":1,""ink_saver_main"":0.3,""sub_resistance_up"":0.3,""opening_gambit"":true}",lact450,6,5,1,12,2,895,"{""special_charge_up"":1.6,""special_power_up"":1,""sub_resistance_up"":1,""ink_saver_main"":0.6,""intensify_action"":0.6,""special_saver"":0.6,""sub_power_up"":0.3}",sputtery_hue,20,18,2,6,4,1118,"{""swim_speed_up"":1.5,""quick_respawn"":1,""quick_super_jump"":0.6,""special_charge_up"":0.3,""sub_resistance_up"":0.3,""comeback"":true,""stealth_jump"":true}",hokusai_hue,14,10,4,7,4,1373,"{""intensify_action"":1.3,""quick_respawn"":1,""swim_speed_up"":1,""ink_recovery_up"":0.3,""ink_saver_main"":0.3,""special_power_up"":0.3}",hotblaster,8,3,5,11,1,485,"{""special_power_up"":1,""sub_resistance_up"":1,""ink_saver_sub"":0.9,""swim_speed_up"":0.3,""last_ditch_effort"":true}",jetsweeper,10,7,3,10,2,1028,"{""quick_respawn"":1,""sub_resistance_up"":1,""ink_saver_main"":0.6,""ink_recovery_up"":0.3,""ink_saver_sub"":0.3,""intensify_action"":0.3,""special_charge_up"":0.3,""object_shredder"":true}",gold,#1 Splat Assister,silver,#1 Ground Traveler,gold,#1 Clam Carrier,Monthly Challenge
Sizzle Season 2025,2025-06-29T16:00:00+00:00,10.0.1,event,asari,decaline,300,alpha,FALSE,,,4117,,58,e38d24ff,,3979,,0,1a1aafff,,pablo,15,13,2,7,5,1071,"{""ink_saver_main"":1.9,""swim_speed_up"":1.9,""sub_power_up"":1,""special_charge_up"":0.9}",splatcharger,11,9,2,6,3,714,"{""special_power_up"":1.3,""intensify_action"":1,""quick_super_jump"":1,""ink_saver_main"":0.3,""ink_saver_sub"":0.3,""sub_power_up"":0.3,""swim_speed_up"":0.3}",prime_frzn,5,3,2,4,5,1021,"{""ink_saver_sub"":2.2,""ink_saver_main"":1,""special_power_up"":1,""special_saver"":0.6,""ink_resistance_up"":0.3,""quick_respawn"":0.3,""special_charge_up"":0.3}",lact450,1,0,1,8,4,1311,"{""quick_respawn"":2.8,""quick_super_jump"":1.9,""comeback"":true}",explosher_custom,13,11,2,3,1,1909,"{""ink_saver_main"":4.5,""intensify_action"":1.2}",hotblaster,1,0,1,7,0,300,"{""ink_recovery_up"":1,""quick_respawn"":1,""special_saver"":1,""ink_resistance_up"":0.3,""quick_super_jump"":0.3,""special_charge_up"":0.3}",carbon,10,9,1,9,0,727,"{""ink_recovery_up"":1.3,""ink_saver_main"":1,""special_saver"":1,""intensify_action"":0.3,""quick_super_jump"":0.3,""sub_power_up"":0.3,""sub_resistance_up"":0.3}",fincent_hue,6,5,1,6,4,1043,"{""special_charge_up"":1,""special_power_up"":1,""swim_speed_up"":1,""quick_super_jump"":0.9,""ink_saver_main"":0.3,""intensify_action"":0.3,""run_speed_up"":0.3}",gold,#1 Overall Splatter,gold,#1 Enemy Splatter,gold,#1 Splat Assister,Monthly Challenge
Sizzle Season 2025,2025-06-29T16:00:00+00:00,10.0.1,event,asari,ohyo,300,bravo,FALSE,,1307.2,3790,,0,df6624ff,,4074,,92,343bc4ff,,pablo,15,15,0,9,5,1430,"{""ink_saver_main"":1.9,""swim_speed_up"":1.9,""sub_power_up"":1,""special_charge_up"":0.9}",furo,15,11,4,8,3,1217,"{""intensify_action"":2.6,""special_charge_up"":0.9,""ink_resistance_up"":0.3,""ink_saver_sub"":0.3,""special_power_up"":0.3,""special_saver"":0.3,""thermal_ink"":true}",nzap89,2,2,0,6,1,697,"{""quick_respawn"":1,""special_power_up"":1,""sub_power_up"":1,""intensify_action"":0.6,""run_speed_up"":0.6,""ink_recovery_up"":0.3,""swim_speed_up"":0.3}",momiji,5,4,1,2,1,446,"{""ink_saver_sub"":3.6,""special_power_up"":0.6,""ink_saver_main"":0.3}",sharp_geck,10,8,2,6,3,1106,"{""ink_saver_sub"":1.6,""quick_respawn"":1.3,""swim_speed_up"":1,""ink_resistance_up"":0.3}",drivewiper,10,6,4,12,1,816,"{""quick_respawn"":1.9,""ink_saver_main"":1.3,""special_charge_up"":1.3,""ink_recovery_up"":0.9,""quick_super_jump"":0.3}",tristringer_tou,7,5,2,5,4,1332,"{""quick_respawn"":1.6,""ink_saver_main"":1.3,""special_charge_up"":0.6,""special_power_up"":0.3,""special_saver"":0.3,""swim_speed_up"":0.3,""thermal_ink"":true}",nzap85,6,6,0,9,1,820,"{""run_speed_up"":1.3,""ink_recovery_up"":1,""swim_speed_up"":1,""ink_resistance_up"":0.3,""ink_saver_sub"":0.3,""special_saver"":0.3}",gold,#1 Overall Splatter,gold,#1 Popular Target,gold,#1 Turf Inker,Monthly Challenge
Sizzle Season 2025,2025-06-29T16:00:00+00:00,10.0.1,event,asari,ohyo,310,bravo,FALSE,,1271.7,4226,,19,ba30b0ff,,4396,,30,a0c937ff,,pablo,9,6,3,11,2,1053,"{""ink_saver_main"":1.9,""swim_speed_up"":1.9,""sub_power_up"":1,""special_charge_up"":0.9}",heroshooter_replica,13,10,3,10,1,1097,"{""ink_saver_main"":1.3,""ink_resistance_up"":1,""sub_power_up"":0.9,""intensify_action"":0.3,""last_ditch_effort"":true}",maneuver_collabo,6,5,1,9,4,1106,"{""special_saver"":1,""sub_power_up"":1,""ink_recovery_up"":0.9,""special_power_up"":0.3,""sub_resistance_up"":0.3,""swim_speed_up"":0.3,""haunt"":true}",maneuver_collabo,4,4,0,9,3,970,"{""special_saver"":1.3,""quick_respawn"":1,""ink_resistance_up"":0.6,""intensify_action"":0.3,""run_speed_up"":0.3,""sub_resistance_up"":0.3,""ninja_squid"":true}",dualsweeper,16,13,3,6,3,866,"{""ink_recovery_up"":1.3,""quick_super_jump"":1,""special_saver"":1}",tristringer,15,8,7,2,4,984,"{""sub_power_up"":1,""run_speed_up"":0.6,""ink_recovery_up"":0.3,""ink_saver_sub"":0.3,""special_charge_up"":0.3,""special_power_up"":0.3,""drop_roller"":true,""thermal_ink"":true}",sputtery_owl,14,11,3,8,2,875,"{""sub_power_up"":1.3,""ink_saver_main"":0.9,""quick_super_jump"":0.6,""run_speed_up"":0.6,""respawn_punisher"":true,""stealth_jump"":true}",promodeler_rg,10,7,3,9,6,1671,"{""sub_resistance_up"":2,""run_speed_up"":0.6,""swim_speed_up"":0.3,""thermal_ink"":true}",gold,#1 Splat Assister,gold,#1 Super Jump Spot,silver,#1 Ground Traveler,Monthly Challenge
Sizzle Season 2025,2025-06-29T16:00:00+00:00,10.0.1,event,asari,decaline,300,bravo,FALSE,,1242.4,4474,,20,c43a6eff,,4619,,57,1bbfabff,,pablo,6,5,1,10,2,1007,"{""ink_saver_main"":1.9,""swim_speed_up"":1.9,""sub_power_up"":1,""special_charge_up"":0.9}",sshooter_kou,8,7,1,6,4,1167,"{""swim_speed_up"":2.3,""ink_recovery_up"":0.6,""ink_saver_main"":0.6,""intensify_action"":0.6,""sub_power_up"":0.3,""ninja_squid"":true}",nzap89,6,3,3,7,5,1527,"{""ink_saver_sub"":1,""sub_power_up"":1,""quick_respawn"":0.6,""ink_recovery_up"":0.3,""sub_resistance_up"":0.3,""stealth_jump"":true}",splatroller,5,5,0,10,1,773,"{""quick_respawn"":1,""special_power_up"":1,""swim_speed_up"":1,""ink_saver_sub"":0.3,""quick_super_jump"":0.3}",sshooter_collabo,15,14,1,1,6,1351,"{""special_charge_up"":1,""special_power_up"":1,""swim_speed_up"":1,""ink_saver_sub"":0.6,""ink_resistance_up"":0.3,""ink_saver_main"":0.3,""quick_respawn"":0.3,""quick_super_jump"":0.3,""special_saver"":0.3}",furuido,10,7,3,5,3,997,"{""special_power_up"":1.3,""swim_speed_up"":1.3,""special_saver"":0.9,""ink_saver_main"":0.6,""run_speed_up"":0.6,""drop_roller"":true}",promodeler_rg,8,4,4,7,4,986,"{""sub_power_up"":1.6,""swim_speed_up"":1.3,""ink_resistance_up"":1,""special_saver"":0.6,""quick_respawn"":0.3,""special_power_up"":0.3,""sub_resistance_up"":0.3}",sputtery_hue,10,8,2,7,3,1285,"{""intensify_action"":1.3,""special_saver"":1,""ink_saver_sub"":0.9,""swim_speed_up"":0.6,""ink_saver_main"":0.3,""run_speed_up"":0.3,""sub_power_up"":0.3,""stealth_jump"":true}",silver,#2 Overall Splatter,silver,#1 Ink Consumer,silver,#2 Enemy Splatter,Monthly Challenge
Sizzle Season 2025,2025-06-29T16:00:00+00:00,10.0.1,event,asari,ohyo,325,alpha,FALSE,,1308.2,4723,,53,ba30b0ff,,4943,,35,a0c937ff,,pablo,15,14,1,8,5,1350,"{""ink_saver_main"":1.9,""swim_speed_up"":1.9,""sub_power_up"":1,""special_charge_up"":0.9}",sharp,13,11,2,7,3,1349,"{""quick_respawn"":1,""ink_recovery_up"":0.3,""ink_resistance_up"":0.3,""ink_saver_main"":0.3,""special_saver"":0.3,""sub_power_up"":0.3,""sub_resistance_up"":0.3,""swim_speed_up"":0.3,""opening_gambit"":true,""stealth_jump"":true}",prime_frzn,12,8,4,8,5,1305,"{""sub_power_up"":1,""sub_resistance_up"":1,""special_power_up"":0.3,""special_saver"":0.3,""swim_speed_up"":0.3,""tenacity"":true}",splatroller,5,5,0,12,1,719,"{""quick_respawn"":1,""special_power_up"":1,""swim_speed_up"":1,""ink_saver_sub"":0.3,""quick_super_jump"":0.3}",fincent_hue,15,15,0,6,3,936,"{""run_speed_up"":1.9,""ink_saver_main"":1.3,""ink_recovery_up"":1,""quick_super_jump"":0.6,""special_power_up"":0.3}",promodeler_rg,10,8,2,9,9,2022,"{""special_charge_up"":2.9,""special_saver"":0.6,""sub_power_up"":0.6,""last_ditch_effort"":true}",furo,9,5,4,9,4,1219,"{""swim_speed_up"":1.6,""ink_resistance_up"":1,""special_charge_up"":0.6,""special_saver"":0.6,""ink_saver_main"":0.3,""quick_respawn"":0.3,""sub_power_up"":0.3,""ninja_squid"":true}",pablo,9,7,2,14,3,766,"{""intensify_action"":1,""special_saver"":1,""ink_saver_main"":0.6,""ink_recovery_up"":0.3,""ink_resistance_up"":0.3,""ink_saver_sub"":0.3,""sub_power_up"":0.3,""ninja_squid"":true}",gold,#1 Overall Splatter,gold,#1 Popular Target,gold,#1 Turf Inker,Monthly Challenge
Sizzle Season 2025,2025-06-29T16:00:00+00:00,10.0.1,event,asari,decaline,305,alpha,FALSE,,1332.0,3930,,36,ba30b0ff,,4237,,20,a0c937ff,,pablo,9,7,2,6,4,1074,"{""ink_saver_main"":1.9,""swim_speed_up"":1.9,""sub_power_up"":1,""special_charge_up"":0.9}",sputtery_hue,15,14,1,8,3,1143,"{""intensify_action"":1.3,""special_saver"":1,""ink_saver_sub"":0.9,""swim_speed_up"":0.6,""ink_saver_main"":0.3,""run_speed_up"":0.3,""sub_power_up"":0.3,""stealth_jump"":true}",barrelspinner_deco,14,10,4,6,2,745,"{""swim_speed_up"":2.2,""run_speed_up"":1.3,""ink_saver_main"":1,""quick_respawn"":0.6}",wideroller_waku,7,3,4,4,0,968,"{""special_charge_up"":2.3,""special_power_up"":1,""quick_respawn"":0.3,""run_speed_up"":0.3,""special_saver"":0.3,""sub_power_up"":0.3}",hokusai_sui,10,8,2,8,1,611,"{""quick_respawn"":1,""sub_resistance_up"":0.9,""run_speed_up"":0.6,""ink_resistance_up"":0.3,""special_power_up"":0.3,""sub_power_up"":0.3,""swim_speed_up"":0.3,""drop_roller"":true,""thermal_ink"":true}",bold,10,9,1,8,5,1187,"{""special_charge_up"":3,""ink_saver_sub"":0.3,""quick_super_jump"":0.3,""swim_speed_up"":0.3}",dualsweeper,5,3,2,8,4,1053,"{""ink_saver_main"":1.3,""quick_respawn"":1,""sub_resistance_up"":1,""ink_recovery_up"":0.6,""swim_speed_up"":0.6,""run_speed_up"":0.3,""special_power_up"":0.3,""special_saver"":0.3}",promodeler_rg,5,4,1,10,4,1386,"{""quick_respawn"":1.3,""ink_saver_main"":1,""sub_resistance_up"":1,""ink_resistance_up"":0.3,""ink_saver_sub"":0.3,""special_charge_up"":0.3,""special_power_up"":0.3,""sub_power_up"":0.3}",gold,#1 Super Jump Spot,silver,#1 Ground Traveler,silver,First Splat!,Monthly Challenge
Sizzle Season 2025,2025-06-29T20:00:00+00:00,10.0.1,bankara_open,yagura,kusaya,300,bravo,FALSE,,,4119,,29,1bbfabff,,4386,,97,c43a6eff,,rapid_elite_wntr,6,3,3,13,3,1107,"{""swim_speed_up"":1.3,""ink_saver_main"":1,""intensify_action"":0.9,""special_charge_up"":0.6,""ink_resistance_up"":0.3,""quick_super_jump"":0.3,""special_saver"":0.3,""stealth_jump"":true}",h3reelgun,15,6,9,11,4,1074,"{""special_charge_up"":1,""swim_speed_up"":1,""run_speed_up"":0.3,""special_saver"":0.3,""sub_resistance_up"":0.3,""stealth_jump"":true}",rapid_elite_wntr,7,3,4,8,4,1011,"{""ink_saver_main"":2,""special_charge_up"":1.3,""special_saver"":0.6,""swim_speed_up"":0.6,""intensify_action"":0.3,""quick_respawn"":0.3,""quick_super_jump"":0.3,""special_power_up"":0.3}",carbon_deco,11,10,1,14,2,927,"{""quick_respawn"":1,""ink_recovery_up"":0.3,""special_power_up"":0.3,""comeback"":true,""stealth_jump"":true}",tristringer,21,12,9,3,7,1201,"{""swim_speed_up"":2.2,""ink_saver_main"":1.3,""quick_super_jump"":1,""ink_resistance_up"":0.3,""quick_respawn"":0.3,""special_saver"":0.3,""sub_power_up"":0.3}",heroshooter_replica,20,14,6,12,3,986,"{""swim_speed_up"":2.6,""intensify_action"":0.6,""ink_recovery_up"":0.3,""ink_resistance_up"":0.3,""quick_super_jump"":0.3,""special_saver"":0.3,""sub_resistance_up"":0.3,""stealth_jump"":true}",bold_neo,11,8,3,5,7,1069,"{""special_saver"":1.9,""sub_power_up"":1.9,""swim_speed_up"":1.9}",jetsweeper_cobr,18,12,6,3,4,1130,"{""ink_saver_main"":1,""intensify_action"":1,""quick_super_jump"":0.9,""ink_resistance_up"":0.6,""ink_saver_sub"":0.6,""swim_speed_up"":0.6,""ninja_squid"":true}",gold,#1 Turf Inker,silver,#1 Tower Stopper,silver,#2 Super Jump Spot,
Sizzle Season 2025,2025-06-29T20:00:00+00:00,10.0.1,bankara_open,yagura,kombu,316,alpha,FALSE,,,5465,,81,a0c937ff,,5595,,53,ba30b0ff,,nzap85,12,10,2,9,4,1467,"{""special_charge_up"":1.3,""run_speed_up"":0.6,""swim_speed_up"":0.6,""ink_resistance_up"":0.3,""ink_saver_sub"":0.3,""quick_super_jump"":0.3,""special_saver"":0.3,""comeback"":true,""stealth_jump"":true}",splatspinner_pytn,13,8,5,5,7,1596,"{""run_speed_up"":2,""ink_recovery_up"":0.3,""ink_resistance_up"":0.3,""intensify_action"":0.3,""object_shredder"":true}",hissen_ash,13,12,1,10,4,1021,"{""ink_saver_sub"":1.3,""special_charge_up"":1,""swim_speed_up"":1,""sub_power_up"":0.9,""ink_recovery_up"":0.6,""ink_resistance_up"":0.3,""quick_super_jump"":0.3,""special_saver"":0.3}",momiji,9,6,3,9,5,1381,"{""ink_saver_sub"":2.9,""sub_power_up"":1.8,""ink_recovery_up"":1}",wakaba,19,16,3,9,6,1680,"{""ink_saver_sub"":3.2,""sub_power_up"":1.3,""ink_recovery_up"":0.6,""swim_speed_up"":0.6}",hydra,12,9,3,6,6,1416,"{""run_speed_up"":2,""ink_recovery_up"":0.9,""ink_resistance_up"":0.6,""sub_resistance_up"":0.6,""quick_super_jump"":0.3,""special_saver"":0.3,""thermal_ink"":true}",hydra_atsu,4,4,0,9,3,1010,"{""run_speed_up"":2.9,""special_charge_up"":1.3,""swim_speed_up"":0.6,""ink_resistance_up"":0.3,""quick_super_jump"":0.3,""sub_resistance_up"":0.3}",sharp_neo,4,4,0,12,4,1489,"{""ink_saver_sub"":4.5,""sub_power_up"":0.6,""special_charge_up"":0.3,""swim_speed_up"":0.3}",gold,Record-Score Setter,silver,#1 Tower Stopper,silver,#1 Checkpoint Breaker,
Sizzle Season 2025,2025-06-29T20:00:00+00:00,10.0.1,event,asari,ohyo,306,alpha,FALSE,,,4999,,55,a0c937ff,,4409,,23,ba30b0ff,,sharp,20,16,4,7,5,1404,"{""special_charge_up"":1,""swim_speed_up"":1,""ink_recovery_up"":0.6,""quick_super_jump"":0.6,""sub_power_up"":0.6,""ink_resistance_up"":0.3,""special_saver"":0.3,""sub_resistance_up"":0.3,""stealth_jump"":true}",sputtery_owl,14,10,4,7,4,1200,"{""ink_saver_sub"":1,""intensify_action"":0.9,""sub_power_up"":0.6,""swim_speed_up"":0.6,""quick_super_jump"":0.3,""special_saver"":0.3,""comeback"":true,""stealth_jump"":true}",wideroller_waku,5,4,1,9,2,1065,"{""special_power_up"":2,""ink_recovery_up"":0.3,""ink_saver_main"":0.3,""run_speed_up"":0.3,""tenacity"":true}",wideroller_waku,11,9,2,11,3,1330,"{""swim_speed_up"":1.9,""ink_saver_main"":1.2,""ink_recovery_up"":1,""sub_power_up"":1,""ink_resistance_up"":0.3,""special_saver"":0.3}",dynamo_mei,14,11,3,8,5,1288,"{""swim_speed_up"":2,""ink_saver_main"":1.9,""ink_resistance_up"":0.6,""quick_super_jump"":0.6,""ink_recovery_up"":0.3,""sub_resistance_up"":0.3}",fincent,14,12,2,12,1,824,"{""quick_respawn"":1.2,""swim_speed_up"":1.2,""quick_super_jump"":0.3,""comeback"":true,""ninja_squid"":true,""stealth_jump"":true}",splatscope_frst,10,8,2,7,3,1072,"{""quick_respawn"":1.9,""swim_speed_up"":1.2,""quick_super_jump"":0.3,""special_saver"":0.3,""comeback"":true,""stealth_jump"":true}",sshooter_collabo,5,3,2,12,2,1225,"{""quick_respawn"":2.8,""quick_super_jump"":0.6,""ink_resistance_up"":0.3,""comeback"":true,""stealth_jump"":true}",gold,#1 Overall Splatter,gold,#1 Turf Inker,gold,#1 Score Booster,Monthly Challenge
Sizzle Season 2025,2025-06-29T20:00:00+00:00,10.0.1,bankara_open,yagura,kombu,302,bravo,FALSE,,,5017,,49,d0bf08ff,,4963,,58,3a0ccdff,,nzap85,13,10,3,10,5,1282,"{""special_charge_up"":1.3,""run_speed_up"":0.6,""swim_speed_up"":0.6,""ink_resistance_up"":0.3,""ink_saver_sub"":0.3,""quick_super_jump"":0.3,""special_saver"":0.3,""comeback"":true,""stealth_jump"":true}",wakaba,12,9,3,7,6,1570,"{""ink_saver_sub"":3.2,""sub_power_up"":1.3,""ink_recovery_up"":0.6,""swim_speed_up"":0.6}",hydra_atsu,9,5,4,9,2,1061,"{""ink_saver_main"":2.3,""swim_speed_up"":1.6,""special_charge_up"":0.6,""special_power_up"":0.6,""ink_recovery_up"":0.3,""quick_super_jump"":0.3}",variableroller,7,5,2,10,4,1104,"{""special_charge_up"":1.9,""quick_super_jump"":0.9,""swim_speed_up"":0.9,""ninja_squid"":true,""stealth_jump"":true}",hydra_atsu,12,12,0,5,4,1255,"{""run_speed_up"":2.9,""swim_speed_up"":1.3,""ink_resistance_up"":0.6,""intensify_action"":0.3,""quick_super_jump"":0.3,""special_charge_up"":0.3}",sshooter,12,12,0,6,4,1235,"{""quick_super_jump"":1.3,""ink_recovery_up"":0.9,""intensify_action"":0.6,""swim_speed_up"":0.6,""ink_saver_main"":0.3,""comeback"":true,""stealth_jump"":true}",sharp_neo,3,2,1,10,3,1270,"{""special_charge_up"":2.6,""ink_saver_sub"":1.9,""swim_speed_up"":0.6,""ink_saver_main"":0.3,""sub_resistance_up"":0.3}",hissen_hue,11,10,1,8,3,1203,"{""swim_speed_up"":1.9,""ink_saver_main"":0.9,""ink_saver_sub"":0.3,""quick_respawn"":0.3,""special_saver"":0.3,""ninja_squid"":true,""stealth_jump"":true}",silver,#1 Ground Traveler,gold,#1 Overall Splatter,gold,#1 Enemy Splatter,
Sizzle Season 2025,2025-06-29T20:00:00+00:00,10.0.1,bankara_open,yagura,kusaya,327,alpha,FALSE,,,4996,,69,6e04b6ff,,4799,,68,cd510aff,,nzap85,15,11,4,9,7,1665,"{""special_charge_up"":1.3,""run_speed_up"":0.6,""swim_speed_up"":0.6,""ink_resistance_up"":0.3,""ink_saver_sub"":0.3,""quick_super_jump"":0.3,""special_saver"":0.3,""comeback"":true,""stealth_jump"":true}",hydra_atsu,8,5,3,6,4,1049,"{""intensify_action"":2.2,""ink_saver_main"":1.6,""run_speed_up"":0.6,""ink_saver_sub"":0.3,""opening_gambit"":true}",hissen_ash,11,11,0,14,4,1135,"{""ink_saver_sub"":1.3,""swim_speed_up"":0.9,""quick_super_jump"":0.6,""sub_power_up"":0.6,""run_speed_up"":0.3,""comeback"":true,""stealth_jump"":true}",prime_collabo,4,3,1,11,5,1147,"{""swim_speed_up"":2.9,""ink_saver_main"":1.6,""ink_resistance_up"":0.6,""run_speed_up"":0.6}",dualsweeper,17,7,10,7,3,1112,"{""quick_respawn"":2.8,""intensify_action"":0.6,""quick_super_jump"":0.3,""opening_gambit"":true,""stealth_jump"":true}",hissen_ash,9,9,0,7,6,1646,"{""ink_saver_sub"":1,""ink_recovery_up"":0.6,""ink_resistance_up"":0.3,""ink_saver_main"":0.3,""quick_respawn"":0.3,""sub_power_up"":0.3,""ninja_squid"":true,""stealth_jump"":true}",fincent_hue,16,13,3,13,1,849,"{""ink_saver_main"":2,""ink_recovery_up"":1.3,""quick_respawn"":0.6,""quick_super_jump"":0.6,""special_charge_up"":0.6,""run_speed_up"":0.3,""sub_power_up"":0.3}",nova,15,11,4,3,3,1192,"{""ink_saver_sub"":3.8,""ink_saver_main"":1.3,""swim_speed_up"":0.6}",gold,#1 Overall Splatter,gold,Record-Score Setter,gold,#1 Turf Inker,
Sizzle Season 2025,2025-06-29T20:00:00+00:00,10.0.1,bankara_open,yagura,kombu,318,bravo,FALSE,,,4330,,56,cd510aff,,4396,,88,6e04b6ff,,jetsweeper_cobr,16,12,4,10,6,1075,"{""ink_saver_main"":3.8,""ink_saver_sub"":1.9}",fincent_hue,24,12,12,9,1,538,"{""ink_saver_sub"":3,""ink_recovery_up"":0.6,""ink_resistance_up"":0.3,""special_power_up"":0.3}",spygadget_ryo,16,10,6,7,8,1485,"{""quick_respawn"":2,""intensify_action"":0.6,""special_saver"":0.6,""ink_resistance_up"":0.3,""quick_super_jump"":0.3,""sub_resistance_up"":0.3,""comeback"":true}",jetsweeper_custom,11,5,6,8,5,1232,"{""ink_saver_main"":3.8,""special_charge_up"":1,""special_power_up"":0.6,""sub_resistance_up"":0.3}",nova,18,11,7,10,3,779,"{""ink_saver_main"":2.2,""quick_respawn"":1.2,""intensify_action"":1,""swim_speed_up"":0.3,""respawn_punisher"":true}",hydra,11,10,1,6,6,1430,"{""ink_recovery_up"":2,""quick_super_jump"":1,""ink_saver_sub"":0.9,""quick_respawn"":0.6,""ink_resistance_up"":0.3,""ink_saver_main"":0.3,""intensify_action"":0.3,""sub_power_up"":0.3}",sshooter,5,4,1,11,2,1066,"{""special_charge_up"":1.9,""ink_saver_sub"":1,""swim_speed_up"":1,""sub_resistance_up"":0.6,""ink_recovery_up"":0.3,""ink_resistance_up"":0.3,""ink_saver_main"":0.3,""quick_respawn"":0.3}",sharp,14,9,5,12,2,1121,"{""ink_saver_main"":1.3,""quick_respawn"":1.3,""run_speed_up"":1.3,""swim_speed_up"":0.9,""ink_saver_sub"":0.6,""quick_super_jump"":0.3}",gold,#1 Popular Target,gold,Record-Score Setter,gold,#1 Enemy Splatter,
Sizzle Season 2025,2025-06-29T20:00:00+00:00,10.0.1,bankara_open,yagura,kombu,130,alpha,TRUE,,,1745,,100,df6624ff,,1831,,0,343bc4ff,,jetsweeper_cobr,7,5,2,2,3,617,"{""ink_saver_main"":3.8,""ink_saver_sub"":1.9}",splatroller,13,10,3,3,3,461,"{""ink_saver_sub"":1.3,""special_charge_up"":1,""run_speed_up"":0.9,""swim_speed_up"":0.9,""ink_resistance_up"":0.3,""quick_super_jump"":0.3,""stealth_jump"":true}",maneuver_collabo,3,1,2,4,1,297,"{""run_speed_up"":2.3,""ink_saver_sub"":1,""ink_saver_main"":0.6,""special_saver"":0.6,""swim_speed_up"":0.3}",nova_neo,7,6,1,4,2,370,"{""ink_saver_main"":1.9,""quick_respawn"":1.6,""swim_speed_up"":1.6,""ink_recovery_up"":0.3,""run_speed_up"":0.3}",bold,8,6,2,6,1,524,"{""quick_respawn"":1.6,""swim_speed_up"":1.3,""ink_recovery_up"":0.9,""ink_resistance_up"":0.3,""intensify_action"":0.3,""quick_super_jump"":0.3,""opening_gambit"":true}",bucketslosher,3,3,0,5,0,468,"{""ink_resistance_up"":1.6,""ink_recovery_up"":1,""ink_saver_main"":0.3,""swim_speed_up"":0.3,""thermal_ink"":true}",splatcharger,4,3,1,5,1,239,"{""intensify_action"":1.3,""swim_speed_up"":1.3,""special_saver"":1,""ink_resistance_up"":0.3,""ink_saver_sub"":0.3,""quick_respawn"":0.3,""run_speed_up"":0.3,""special_power_up"":0.3,""sub_power_up"":0.3}",maneuver_you,1,1,0,6,1,600,"{""ink_saver_main"":1,""special_power_up"":1,""last_ditch_effort"":true}",gold,#1 Super Jump Spot,silver,First Splat!,gold,#1 Turf Inker,
Sizzle Season 2025,2025-06-29T20:00:00+00:00,10.0.1,event,asari,ohyo,300,alpha,FALSE,,,4718,,35,cd510aff,,4775,,0,6e04b6ff,,pablo,12,10,2,9,3,1128,"{""ink_saver_main"":1.9,""swim_speed_up"":1.9,""sub_power_up"":1,""special_charge_up"":0.9}",prime_frzn,13,8,5,4,4,1176,"{""special_power_up"":1.6,""run_speed_up"":1,""ink_saver_sub"":0.6,""quick_super_jump"":0.6,""quick_respawn"":0.3,""special_charge_up"":0.3,""sub_resistance_up"":0.3,""last_ditch_effort"":true}",promodeler_sai,11,9,2,7,5,1321,"{""ink_saver_main"":1.3,""swim_speed_up"":1.3,""ink_recovery_up"":1,""ink_resistance_up"":0.3,""run_speed_up"":0.3,""special_saver"":0.3,""sub_power_up"":0.3}",sshooter_kou,8,6,2,7,2,1093,"{""swim_speed_up"":1.9,""ink_recovery_up"":1,""intensify_action"":1,""ink_saver_main"":0.9,""quick_super_jump"":0.9}",moprin,11,11,0,10,4,1360,"{""special_power_up"":1.9,""quick_super_jump"":0.6,""ink_saver_main"":0.3,""quick_respawn"":0.3,""special_saver"":0.3,""last_ditch_effort"":true,""stealth_jump"":true}",octoshooter_replica,9,8,1,4,4,1347,"{""special_charge_up"":1.9,""special_power_up"":1.5,""ink_saver_main"":1,""quick_respawn"":1,""sub_resistance_up"":0.3}",bold,9,7,2,10,2,979,"{""swim_speed_up"":1.9,""sub_power_up"":1.3,""run_speed_up"":0.9,""ink_resistance_up"":0.3,""quick_respawn"":0.3,""drop_roller"":true}",furo,4,1,3,9,1,1089,"{""ink_resistance_up"":1.6,""special_power_up"":1.3,""ink_saver_main"":0.3,""quick_respawn"":0.3,""special_charge_up"":0.3,""sub_power_up"":0.3,""sub_resistance_up"":0.3,""swim_speed_up"":0.3,""respawn_punisher"":true}",gold,#1 Enemy Splatter,silver,#1 Damage Taker,silver,#1 Clam Stopper,Monthly Challenge
Sizzle Season 2025,2025-06-29T20:00:00+00:00,10.0.1,event,asari,ohyo,319,alpha,FALSE,,,4840,,32,1a1aafff,,5040,,20,e38d24ff,,pablo,23,16,7,10,3,1389,"{""ink_saver_main"":1.9,""swim_speed_up"":1.9,""sub_power_up"":1,""special_charge_up"":0.9}",quadhopper_white,11,7,4,7,3,1185,"{""quick_respawn"":2.9,""special_saver"":0.6,""ink_resistance_up"":0.3,""ink_saver_main"":0.3,""quick_super_jump"":0.3,""sub_resistance_up"":0.3,""stealth_jump"":true}",sshooter_collabo,11,5,6,9,2,1075,"{""ink_saver_main"":1.6,""special_power_up"":1.3,""quick_respawn"":0.6,""special_saver"":0.3,""stealth_jump"":true}",sharp_neo,15,12,3,12,2,1191,"{""ink_saver_sub"":1.6,""quick_respawn"":1.3,""ink_recovery_up"":0.3,""ink_resistance_up"":0.3,""ink_saver_main"":0.3,""special_power_up"":0.3,""special_saver"":0.3,""sub_resistance_up"":0.3,""stealth_jump"":true}",sshooter,16,15,1,13,1,971,"{""special_charge_up"":1.3,""ink_saver_sub"":0.6,""quick_super_jump"":0.6,""special_saver"":0.6,""ink_resistance_up"":0.3,""ink_saver_main"":0.3,""ninja_squid"":true,""stealth_jump"":true}",maneuver_collabo,10,9,1,8,5,1565,"{""swim_speed_up"":1.3,""special_charge_up"":1,""ink_saver_sub"":0.6,""ink_recovery_up"":0.3,""ink_resistance_up"":0.3,""ink_saver_main"":0.3,""intensify_action"":0.3,""run_speed_up"":0.3,""special_saver"":0.3,""stealth_jump"":true}",furo,9,5,4,9,4,1474,"{""ink_resistance_up"":1.6,""special_power_up"":1.3,""ink_saver_main"":0.3,""quick_respawn"":0.3,""special_charge_up"":0.3,""sub_power_up"":0.3,""sub_resistance_up"":0.3,""swim_speed_up"":0.3,""respawn_punisher"":true}",sputtery_hue,11,9,2,10,2,1030,"{""special_saver"":1,""ink_recovery_up"":0.6,""ink_saver_main"":0.6,""quick_respawn"":0.3,""quick_super_jump"":0.3,""sub_resistance_up"":0.3,""comeback"":true,""haunt"":true}",gold,#1 Overall Splatter,gold,#1 Popular Target,gold,#1 Turf Inker,Monthly Challenge
Sizzle Season 2025,2025-06-29T20:00:00+00:00,10.0.1,event,asari,ohyo,300,bravo,FALSE,,,4282,,0,a0c937ff,,4416,,63,ba30b0ff,,pablo,6,5,1,11,3,890,"{""ink_saver_main"":1.9,""swim_speed_up"":1.9,""sub_power_up"":1,""special_charge_up"":0.9}",drivewiper_deco,15,10,5,9,3,1227,"{""ink_recovery_up"":0.9,""special_charge_up"":0.9,""swim_speed_up"":0.9,""drop_roller"":true,""opening_gambit"":true,""respawn_punisher"":true}",variableroller,12,10,2,9,4,1377,"{""special_saver"":0.9,""ink_saver_main"":0.6,""special_charge_up"":0.6,""run_speed_up"":0.3,""swim_speed_up"":0.3,""drop_roller"":true,""haunt"":true,""opening_gambit"":true}",sshooter_collabo,10,5,5,12,3,788,"{""quick_respawn"":1.3,""sub_power_up"":1,""ink_recovery_up"":0.6,""ink_resistance_up"":0.3,""intensify_action"":0.3,""quick_super_jump"":0.3,""special_saver"":0.3,""comeback"":true}",nova,18,15,3,7,2,993,"{""swim_speed_up"":1.6,""ink_recovery_up"":0.3,""ink_resistance_up"":0.3,""ink_saver_main"":0.3,""intensify_action"":0.3,""quick_super_jump"":0.3,""run_speed_up"":0.3,""sub_resistance_up"":0.3,""comeback"":true,""stealth_jump"":true}",campingshelter_sorella,15,12,3,6,4,1302,"{""run_speed_up"":1.6,""swim_speed_up"":1.6,""ink_saver_sub"":1,""ink_saver_main"":0.6}",bold,6,5,1,6,3,1164,"{""swim_speed_up"":1.9,""ink_resistance_up"":1,""special_power_up"":1,""special_charge_up"":0.6,""sub_power_up"":0.6,""ink_recovery_up"":0.3,""sub_resistance_up"":0.3}",dynamo_mei,14,9,5,11,3,957,"{""ink_saver_main"":1.9,""special_saver"":0.6,""swim_speed_up"":0.6,""ink_resistance_up"":0.3,""quick_super_jump"":0.3,""ninja_squid"":true,""stealth_jump"":true}",gold,#1 Super Jump Spot,silver,#1 Ink Consumer,silver,#1 Killer Wail 5.1 User,Monthly Challenge
Sizzle Season 2025,2025-06-29T20:00:00+00:00,10.0.1,event,asari,decaline,301,bravo,FALSE,,1608.7,4136,,26,ba30b0ff,,4242,,57,a0c937ff,,pablo,11,8,3,9,5,995,"{""ink_saver_main"":1.9,""swim_speed_up"":1.9,""sub_power_up"":1,""special_charge_up"":0.9}",barrelspinner,8,4,4,4,7,1360,"{""run_speed_up"":2.9,""ink_resistance_up"":0.6,""quick_super_jump"":0.6,""special_saver"":0.6,""stealth_jump"":true}",dualsweeper_custom,4,2,2,8,3,1104,"{""quick_respawn"":2.2,""quick_super_jump"":1,""intensify_action"":0.9,""ink_resistance_up"":0.3,""sub_resistance_up"":0.3,""stealth_jump"":true}",hissen,8,7,1,11,0,677,"{""ink_saver_main"":2.1,""swim_speed_up"":1.6,""last_ditch_effort"":true,""ninja_squid"":true}",examiner,17,12,5,4,2,1050,"{""run_speed_up"":2.8,""ink_resistance_up"":1,""swim_speed_up"":0.6,""special_power_up"":0.3,""drop_roller"":true}",nzap89,2,1,1,5,4,1073,"{""ink_saver_sub"":1.3,""special_charge_up"":1.3,""special_saver"":1,""intensify_action"":0.3}",hydra_atsu,16,14,2,6,1,1062,"{""run_speed_up"":1.9,""swim_speed_up"":1,""ink_resistance_up"":0.6,""intensify_action"":0.6,""quick_super_jump"":0.6,""stealth_jump"":true}",nzap85,5,5,0,6,4,1057,"{""ink_saver_main"":1,""special_charge_up"":1,""quick_super_jump"":0.9,""ink_saver_sub"":0.6,""swim_speed_up"":0.6,""ink_resistance_up"":0.3,""last_ditch_effort"":true}",gold,#1 Overall Splatter,gold,#1 Enemy Splatter,silver,#1 Damage Taker,Monthly Challenge
Sizzle Season 2025,2025-06-29T20:00:00+00:00,10.0.1,event,asari,decaline,318,bravo,FALSE,,1583.2,4868,,26,ba30b0ff,,4405,,35,a0c937ff,,pablo,9,6,3,9,4,1011,"{""ink_saver_main"":1.9,""swim_speed_up"":1.9,""sub_power_up"":1,""special_charge_up"":0.9}",barrelspinner,20,13,7,5,6,1236,"{""run_speed_up"":2.9,""ink_resistance_up"":0.6,""quick_super_jump"":0.6,""special_saver"":0.6,""stealth_jump"":true}",dualsweeper_custom,10,9,1,9,6,1467,"{""quick_respawn"":2.2,""quick_super_jump"":1,""intensify_action"":0.9,""ink_resistance_up"":0.3,""sub_resistance_up"":0.3,""stealth_jump"":true}",nzap89,6,4,2,9,5,1154,"{""special_charge_up"":1.6,""ink_resistance_up"":1,""ink_saver_main"":0.6,""swim_speed_up"":0.6,""ink_recovery_up"":0.3,""run_speed_up"":0.3,""sub_resistance_up"":0.3,""tenacity"":true}",splatspinner_pytn,15,13,2,7,4,1481,"{""run_speed_up"":1,""special_charge_up"":0.9,""sub_power_up"":0.9,""ink_resistance_up"":0.3,""quick_super_jump"":0.3,""sub_resistance_up"":0.3,""comeback"":true,""stealth_jump"":true}",pablo_hue,14,10,4,10,5,1018,"{""quick_respawn"":1,""special_saver"":1,""special_charge_up"":0.9,""intensify_action"":0.6,""ink_resistance_up"":0.3,""ink_saver_sub"":0.3,""special_power_up"":0.3,""sub_power_up"":0.3,""haunt"":true}",drivewiper,10,7,3,6,2,894,"{""ink_saver_main"":1.9,""intensify_action"":1.9,""quick_super_jump"":0.9,""drop_roller"":true}",dualsweeper,5,2,3,9,3,1012,"{""quick_respawn"":2,""ink_saver_main"":0.6,""sub_resistance_up"":0.6,""quick_super_jump"":0.3,""thermal_ink"":true}",silver,#1 Ground Traveler,silver,#1 Damage Taker,silver,#1 Killer Wail 5.1 User,Monthly Challenge
Sizzle Season 2025,2025-06-29T20:00:00+00:00,10.0.1,event,asari,decaline,300,bravo,FALSE,,1569.6,4078,,20,bfcd41ff,,4182,,82,6325cdff,,pablo,7,5,2,11,3,1017,"{""ink_saver_main"":1.9,""swim_speed_up"":1.9,""sub_power_up"":1,""special_charge_up"":0.9}",drivewiper_deco,12,12,0,11,2,1098,"{""ink_recovery_up"":0.9,""special_charge_up"":0.9,""swim_speed_up"":0.9,""drop_roller"":true,""opening_gambit"":true,""respawn_punisher"":true}",sshooter_collabo,5,3,2,12,1,534,"{""quick_respawn"":1.3,""sub_power_up"":1,""ink_recovery_up"":0.6,""ink_resistance_up"":0.3,""intensify_action"":0.3,""quick_super_jump"":0.3,""special_saver"":0.3,""comeback"":true}",drivewiper_deco,5,4,1,9,5,1429,"{""special_charge_up"":1.6,""ink_resistance_up"":1,""ink_saver_main"":0.6,""swim_speed_up"":0.6,""ink_recovery_up"":0.3,""run_speed_up"":0.3,""sub_resistance_up"":0.3,""tenacity"":true}",dynamo_mei,21,18,3,4,3,1201,"{""ink_saver_main"":1.9,""special_saver"":0.6,""swim_speed_up"":0.6,""ink_resistance_up"":0.3,""quick_super_jump"":0.3,""ninja_squid"":true,""stealth_jump"":true}",bold,8,5,3,5,2,1074,"{""swim_speed_up"":1.9,""ink_resistance_up"":1,""special_power_up"":1,""special_charge_up"":0.6,""sub_power_up"":0.6,""ink_recovery_up"":0.3,""sub_resistance_up"":0.3}",nova,14,9,5,6,0,1045,"{""swim_speed_up"":1.6,""ink_recovery_up"":0.3,""ink_resistance_up"":0.3,""ink_saver_main"":0.3,""intensify_action"":0.3,""quick_super_jump"":0.3,""run_speed_up"":0.3,""sub_resistance_up"":0.3,""comeback"":true,""stealth_jump"":true}",jimuwiper_fuu,13,11,2,9,2,862,"{""ink_recovery_up"":2.6,""sub_resistance_up"":1.3,""special_power_up"":0.6,""intensify_action"":0.3,""special_charge_up"":0.3,""special_saver"":0.3,""sub_power_up"":0.3}",gold,#1 Splat Assister,gold,#1 Super Jump Spot,silver,#1 Ink Consumer,Monthly Challenge
Sizzle Season 2025,2025-06-29T20:00:00+00:00,10.0.1,bankara_open,yagura,kusaya,301,bravo,FALSE,S+ 7,,5210,,54,6e04b6ff,,4891,,84,cd510aff,,maneuver_you,7,7,0,10,3,1182,"{""quick_respawn"":1.6,""swim_speed_up"":0.6,""ink_resistance_up"":0.3,""ink_saver_sub"":0.3,""intensify_action"":0.3,""quick_super_jump"":0.3,""special_saver"":0.3,""comeback"":true,""stealth_jump"":true}",wideroller_waku,6,5,1,6,6,1517,"{""ink_saver_main"":1.9,""ink_saver_sub"":1.9,""swim_speed_up"":0.6,""quick_super_jump"":0.3,""comeback"":true}",furuido,2,0,2,7,4,1017,"{""swim_speed_up"":1.6,""ink_saver_main"":1.3,""special_charge_up"":0.6,""ink_resistance_up"":0.3,""quick_super_jump"":0.3,""run_speed_up"":0.3,""sub_resistance_up"":0.3,""object_shredder"":true}",prime_collabo,6,6,0,3,6,1494,"{""ink_saver_sub"":2.8,""swim_speed_up"":1.9,""ninja_squid"":true}",liter4k,14,8,6,3,4,1016,"{""sub_power_up"":1.6,""ink_saver_main"":1.3,""quick_super_jump"":0.6,""intensify_action"":0.3,""special_power_up"":0.3,""sub_resistance_up"":0.3,""swim_speed_up"":0.3,""object_shredder"":true}",splatcharger,5,5,0,5,4,970,"{""ink_saver_main"":1.6,""swim_speed_up"":1.3,""ink_saver_sub"":0.6,""quick_respawn"":0.6,""run_speed_up"":0.6,""drop_roller"":true}",bucketslosher,10,7,3,5,6,1518,"{""quick_respawn"":1.6,""quick_super_jump"":0.6,""swim_speed_up"":0.6,""ink_resistance_up"":0.3,""ink_saver_sub"":0.3,""special_saver"":0.3,""comeback"":true,""stealth_jump"":true}",l3reelgun_haku,7,5,2,5,6,1387,"{""ink_saver_sub"":0.9,""quick_respawn"":0.9,""swim_speed_up"":0.9,""comeback"":true,""drop_roller"":true,""haunt"":true}",gold,#1 Overall Splatter,gold,#1 Popular Target,gold,#1 Score Booster,
Sizzle Season 2025,2025-06-29T20:00:00+00:00,10.0.1,event,asari,ohyo,300,bravo,FALSE,,1517.6,4009,,20,df6624ff,,3995,,58,343bc4ff,,pablo,12,10,2,10,2,1066,"{""ink_saver_main"":1.9,""swim_speed_up"":1.9,""sub_power_up"":1,""special_charge_up"":0.9}",nautilus79,13,11,2,7,3,1068,"{""intensify_action"":1.3,""special_power_up"":1.3,""quick_respawn"":0.9,""run_speed_up"":0.6,""sub_resistance_up"":0.6,""respawn_punisher"":true}",furo,4,3,1,6,4,1172,"{""intensify_action"":1,""quick_super_jump"":1,""swim_speed_up"":1,""ink_resistance_up"":0.9,""run_speed_up"":0.6,""ink_saver_main"":0.3,""special_saver"":0.3}",carbon_angl,8,6,2,12,1,703,"{""ink_saver_main"":1.9,""intensify_action"":1.9,""swim_speed_up"":1.9}",hokusai,18,15,3,5,4,1251,"{""special_power_up"":1.3,""ink_saver_sub"":0.3,""intensify_action"":0.3,""quick_respawn"":0.3,""quick_super_jump"":0.3,""sub_power_up"":0.3,""opening_gambit"":true,""thermal_ink"":true}",maneuver_collabo,11,9,2,7,2,851,"{""ink_saver_sub"":1,""sub_power_up"":0.6,""ink_recovery_up"":0.3,""ink_saver_main"":0.3,""special_saver"":0.3,""sub_resistance_up"":0.3,""swim_speed_up"":0.3,""drop_roller"":true,""haunt"":true}",sputtery_hue,5,5,0,9,2,1042,"{""special_power_up"":1.9,""run_speed_up"":0.9,""sub_power_up"":0.9,""comeback"":true,""drop_roller"":true}",drivewiper,9,6,3,9,2,851,"{""quick_super_jump"":1,""ink_resistance_up"":0.3,""special_charge_up"":0.3,""sub_power_up"":0.3,""swim_speed_up"":0.3,""comeback"":true,""stealth_jump"":true}",gold,#1 Splat Assister,gold,#1 Score Booster,gold,#1 Clam Carrier,Monthly Challenge
Sizzle Season 2025,2025-06-29T20:00:00+00:00,10.0.1,bankara_open,yagura,kusaya,300,bravo,FALSE,S+ 7,,4611,,65,a0c937ff,,4868,,77,ba30b0ff,,maneuver_you,9,9,0,6,2,1181,"{""quick_respawn"":1.6,""swim_speed_up"":0.6,""ink_resistance_up"":0.3,""ink_saver_sub"":0.3,""intensify_action"":0.3,""quick_super_jump"":0.3,""special_saver"":0.3,""comeback"":true,""stealth_jump"":true}",96gal_sou,12,7,5,5,5,1197,"{""intensify_action"":1.2,""special_charge_up"":1,""special_power_up"":1,""ink_recovery_up"":0.6,""ink_resistance_up"":0.3,""special_saver"":0.3,""sub_resistance_up"":0.3,""stealth_jump"":true}",96gal_sou,10,5,5,12,4,905,"{""special_saver"":1,""swim_speed_up"":1,""intensify_action"":0.6,""ink_recovery_up"":0.3,""ink_saver_sub"":0.3,""quick_respawn"":0.3,""sub_resistance_up"":0.3,""object_shredder"":true}",furuido,7,5,2,4,6,1328,"{""swim_speed_up"":1.6,""special_charge_up"":0.9,""ink_resistance_up"":0.3,""quick_super_jump"":0.3,""run_speed_up"":0.3,""sub_resistance_up"":0.3,""last_ditch_effort"":true,""object_shredder"":true}",liter4k,12,11,1,3,4,912,"{""ink_saver_main"":2.2,""run_speed_up"":0.6,""intensify_action"":0.3,""sub_power_up"":0.3,""sub_resistance_up"":0.3,""last_ditch_effort"":true,""respawn_punisher"":true}",lact450_milk,10,6,4,6,5,1841,"{""swim_speed_up"":1.6,""run_speed_up"":0.6,""special_charge_up"":0.6,""ink_resistance_up"":0.3,""quick_super_jump"":0.3,""special_saver"":0.3,""comeback"":true,""stealth_jump"":true}",screwslosher,6,4,2,7,5,1181,"{""ink_saver_main"":0.9,""ink_saver_sub"":0.6,""ink_recovery_up"":0.3,""quick_super_jump"":0.3,""special_power_up"":0.3,""special_saver"":0.3,""drop_roller"":true,""ninja_squid"":true,""tenacity"":true}",dynamo,8,6,2,10,2,934,"{""run_speed_up"":1.9,""ink_saver_main"":1.3,""special_charge_up"":1.3,""ink_recovery_up"":0.3,""ink_saver_sub"":0.3,""quick_respawn"":0.3,""sub_resistance_up"":0.3}",gold,#1 Popular Target,gold,Record-Score Setter,gold,#1 Score Booster,
Sizzle Season 2025,2025-06-29T22:00:00+00:00,10.0.1,bankara_open,hoko,sumeshi,203,bravo,TRUE,S+ 1,,2869,,0,343bc4ff,,3482,,100,df6624ff,,carbon_deco,6,4,2,8,0,513,"{""run_speed_up"":1.3,""swim_speed_up"":1.2,""quick_super_jump"":0.9,""ink_saver_sub"":0.3,""ninja_squid"":true,""stealth_jump"":true}",examiner,10,5,5,4,3,1092,"{""quick_super_jump"":1.3,""special_charge_up"":1.3,""ink_saver_main"":0.6,""quick_respawn"":0.6,""run_speed_up"":0.6,""swim_speed_up"":0.3,""comeback"":true}",squiclean_b,6,5,1,5,1,638,"{""intensify_action"":1,""swim_speed_up"":1,""stealth_jump"":true}",jimuwiper,5,3,2,8,1,626,"{""swim_speed_up"":1.3,""ink_resistance_up"":0.6,""sub_power_up"":0.6,""special_charge_up"":0.3,""special_power_up"":0.3,""special_saver"":0.3,""comeback"":true,""stealth_jump"":true}",sshooter_collabo,10,6,4,3,4,1025,"{""ink_saver_sub"":2,""ink_resistance_up"":0.6,""quick_super_jump"":0.3,""swim_speed_up"":0.3,""comeback"":true}",maneuver_collabo,9,7,2,4,3,1087,"{""quick_respawn"":1.9,""special_charge_up"":1.9,""special_power_up"":1,""special_saver"":0.6,""sub_resistance_up"":0.3}",maneuver_collabo,9,7,2,5,2,800,"{""ink_saver_main"":4.5,""swim_speed_up"":0.6,""run_speed_up"":0.3,""special_power_up"":0.3}",squiclean_a,6,5,1,5,2,570,"{""swim_speed_up"":2.1,""ink_saver_main"":1,""ink_saver_sub"":1,""run_speed_up"":0.6,""drop_roller"":true}",silver,#2 Overall Splatter,silver,#2 Super Jump Spot,silver,#1 Rainmaker Stopper,
Sizzle Season 2025,2025-06-29T22:00:00+00:00,10.0.1,bankara_challenge,area,decaline,310,alpha,FALSE,,,5190,,96,ba30b0ff,,5234,,92,a0c937ff,,sshooter,15,13,2,8,5,1213,"{""special_charge_up"":1,""swim_speed_up"":1,""ink_recovery_up"":0.6,""quick_super_jump"":0.6,""sub_power_up"":0.6,""ink_resistance_up"":0.3,""special_saver"":0.3,""sub_resistance_up"":0.3,""stealth_jump"":true}",momiji,16,8,8,3,7,1633,"{""ink_recovery_up"":1,""ink_saver_main"":1,""ink_saver_sub"":0.9,""sub_resistance_up"":0.9,""swim_speed_up"":0.9,""object_shredder"":true}",drivewiper,15,8,7,10,6,1135,"{""ink_saver_sub"":2.5,""swim_speed_up"":2.2,""stealth_jump"":true}",sputtery_owl,14,9,5,12,4,1209,"{""swim_speed_up"":1.6,""quick_respawn"":1.3,""ink_saver_sub"":0.9,""ink_resistance_up"":0.3,""quick_super_jump"":0.3,""sub_resistance_up"":0.3,""stealth_jump"":true}",sputtery_owl,16,14,2,10,5,1176,"{""swim_speed_up"":2.2,""ink_saver_sub"":1.6,""sub_power_up"":0.6,""ink_resistance_up"":0.3,""stealth_jump"":true}",moprin_kaku,10,4,6,10,4,1619,"{""quick_respawn"":1.9,""special_charge_up"":1,""swim_speed_up"":0.6,""ink_resistance_up"":0.3,""quick_super_jump"":0.3,""special_saver"":0.3,""sub_resistance_up"":0.3,""stealth_jump"":true}",quadhopper_black,12,7,5,8,5,1346,"{""quick_respawn"":3.5,""quick_super_jump"":0.6,""ink_resistance_up"":0.3,""special_saver"":0.3,""stealth_jump"":true}",drivewiper,10,8,2,10,5,1093,"{""quick_respawn"":1.6,""ink_saver_main"":0.6,""ink_resistance_up"":0.3,""intensify_action"":0.3,""quick_super_jump"":0.3,""sub_resistance_up"":0.3,""swim_speed_up"":0.3,""comeback"":true,""stealth_jump"":true}",gold,#1 Enemy Splatter,silver,#1 Damage Taker,silver,#1 Splat Zone Hero,
Sizzle Season 2025,2025-06-29T22:00:00+00:00,10.0.1,bankara_challenge,area,mategai,251,alpha,TRUE,,,4475,,100,cd510aff,,4451,,0,6e04b6ff,,bucketslosher,7,5,2,4,4,1085,"{""quick_respawn"":2.2,""quick_super_jump"":0.6,""ink_resistance_up"":0.3,""special_saver"":0.3,""sub_resistance_up"":0.3,""comeback"":true,""stealth_jump"":true}",sshooter,11,9,2,5,5,1177,"{""ink_recovery_up"":1.3,""special_charge_up"":1.3,""swim_speed_up"":1,""intensify_action"":0.9,""special_saver"":0.6,""ink_resistance_up"":0.3,""ink_saver_sub"":0.3}",jetsweeper_cobr,10,8,2,4,4,1423,"{""ink_saver_main"":1,""run_speed_up"":0.9,""swim_speed_up"":0.6,""ink_recovery_up"":0.3,""intensify_action"":0.3,""quick_super_jump"":0.3,""sub_resistance_up"":0.3,""drop_roller"":true,""last_ditch_effort"":true}",nova_neo,11,8,3,8,3,790,"{""special_charge_up"":1.3,""swim_speed_up"":1.3,""ink_saver_sub"":0.6,""special_saver"":0.6,""ink_resistance_up"":0.3,""sub_resistance_up"":0.3,""stealth_jump"":true}",hokusai_sui,9,6,3,10,3,890,"{""swim_speed_up"":1,""special_power_up"":0.9,""quick_super_jump"":0.6,""special_charge_up"":0.6,""ink_resistance_up"":0.3,""special_saver"":0.3,""comeback"":true,""stealth_jump"":true}",explosher,5,4,1,5,5,1670,"{""ink_saver_main"":1.9,""swim_speed_up"":1,""ink_recovery_up"":0.9,""ink_resistance_up"":0.3,""quick_super_jump"":0.3,""sub_resistance_up"":0.3,""last_ditch_effort"":true}",dynamo_mei,7,7,0,9,2,853,"{""swim_speed_up"":2.2,""ink_saver_main"":1.5,""last_ditch_effort"":true,""stealth_jump"":true}",drivewiper,6,4,2,6,4,1038,"{""swim_speed_up"":1.3,""ink_saver_main"":1,""run_speed_up"":0.6,""ink_recovery_up"":0.3,""ink_resistance_up"":0.3,""intensify_action"":0.3,""quick_super_jump"":0.3,""special_power_up"":0.3,""special_saver"":0.3,""comeback"":true}",silver,#2 Popular Target,silver,#1 Ink Consumer,silver,#2 Splat Zone Guard,
Sizzle Season 2025,2025-06-29T22:00:00+00:00,10.0.1,bankara_open,hoko,amabi,300,alpha,FALSE,S+ 5,,5012,,67,1ec0adff,,4756,,29,d74b31ff,,order_shelter_replica,8,4,4,3,5,1574,"{""run_speed_up"":1.3,""swim_speed_up"":1.3,""ink_saver_main"":1,""special_charge_up"":0.6,""special_saver"":0.6,""quick_super_jump"":0.3,""special_power_up"":0.3,""sub_resistance_up"":0.3}",pablo,13,9,4,5,5,1451,"{""ink_saver_sub"":1.9,""sub_power_up"":1.9,""ink_resistance_up"":0.3,""quick_super_jump"":0.3,""sub_resistance_up"":0.3,""object_shredder"":true}",rapid_elite_deco,12,4,8,4,3,882,"{""intensify_action"":1.6,""swim_speed_up"":1.6,""sub_power_up"":0.9,""special_saver"":0.6,""object_shredder"":true}",liter4k_scope,11,11,0,3,3,1105,"{""swim_speed_up"":1.9,""run_speed_up"":1.3,""ink_saver_main"":1.2,""ink_resistance_up"":0.3,""respawn_punisher"":true}",explosher,4,4,0,6,5,1414,"{""ink_saver_main"":1.6,""swim_speed_up"":1.3,""special_charge_up"":1,""ink_recovery_up"":0.6,""ink_saver_sub"":0.6,""special_power_up"":0.6}",hydra,4,3,1,8,3,1127,"{""intensify_action"":1,""swim_speed_up"":1,""quick_super_jump"":0.9,""sub_power_up"":0.6,""ink_resistance_up"":0.3,""special_saver"":0.3,""stealth_jump"":true}",splatroller,5,5,0,8,3,892,"{""swim_speed_up"":1.8,""quick_super_jump"":0.6,""ink_resistance_up"":0.3,""ninja_squid"":true,""opening_gambit"":true,""stealth_jump"":true}",hissen_ash,3,3,0,6,6,1323,"{""ink_saver_sub"":1.9,""ink_recovery_up"":1.6,""special_saver"":0.3,""sub_resistance_up"":0.3,""haunt"":true}",gold,#1 Popular Target,gold,#1 Turf Inker,silver,#1 Checkpoint Breaker,
Sizzle Season 2025,2025-06-30T00:00:00+00:00,10.0.1,bankara_open,area,takaashi,72,bravo,TRUE,,,1060,,0,bfcd41ff,,1321,,100,6325cdff,,wideroller_waku,1,0,1,3,1,373,"{""ink_saver_main"":5.7}",order_roller_replica,1,1,0,4,0,244,"{""ink_saver_main"":2,""special_power_up"":0.9,""special_charge_up"":0.6,""swim_speed_up"":0.6,""ink_resistance_up"":0.3,""quick_super_jump"":0.3,""stealth_jump"":true}",parashelter_sorella,0,0,0,3,1,286,"{""ink_saver_main"":1.8,""ink_recovery_up"":1,""intensify_action"":1,""quick_super_jump"":1,""quick_respawn"":0.9}",furo,0,0,0,3,0,157,"{""swim_speed_up"":1.9,""ink_saver_main"":1.3,""run_speed_up"":1,""special_charge_up"":0.6,""ink_recovery_up"":0.3,""ink_saver_sub"":0.3,""special_power_up"":0.3}",dualsweeper,8,5,3,1,1,331,"{""special_power_up"":1.6,""ink_saver_sub"":1.3,""sub_power_up"":1.2,""ink_saver_main"":1,""intensify_action"":0.3}",52gal,6,6,0,0,1,388,"{""run_speed_up"":1,""ink_resistance_up"":0.9,""ink_saver_main"":0.3,""swim_speed_up"":0.3,""comeback"":true,""stealth_jump"":true}",bold,0,0,0,0,1,272,"{""swim_speed_up"":5.7}",tristringer_tou,4,2,2,0,1,330,"{""special_charge_up"":1.6,""special_power_up"":1.3,""run_speed_up"":1,""ink_recovery_up"":0.6,""ink_saver_main"":0.6,""ink_resistance_up"":0.3,""quick_super_jump"":0.3}",gold,#1 Popular Target,gold,#1 Overall Splatter,gold,#1 Turf Inker,
Sizzle Season 2025,2025-06-30T00:00:00+00:00,10.0.1,bankara_open,area,takaashi,75,alpha,TRUE,,,1697,,100,343bc4ff,,1488,,0,df6624ff,,wideroller_waku,5,2,3,1,1,357,"{""ink_saver_main"":3.8,""ink_saver_sub"":1.9}",moprin,4,3,1,0,2,470,"{""ink_saver_main"":1.8,""ink_recovery_up"":1,""intensify_action"":1,""quick_super_jump"":1,""quick_respawn"":0.9}",rpen_5h,4,3,1,0,1,404,"{""special_charge_up"":2.3,""special_power_up"":0.9,""ink_recovery_up"":0.6,""ink_saver_main"":0.3,""quick_super_jump"":0.3,""sub_resistance_up"":0.3,""last_ditch_effort"":true}",furo,4,3,1,0,2,466,"{""swim_speed_up"":1.9,""ink_saver_main"":1.3,""run_speed_up"":1,""special_charge_up"":0.6,""ink_recovery_up"":0.3,""ink_saver_sub"":0.3,""special_power_up"":0.3}",jetsweeper_cobr,1,1,0,3,1,377,"{""ink_recovery_up"":1.6,""quick_respawn"":1.6,""intensify_action"":1,""ink_saver_sub"":0.3,""quick_super_jump"":0.3,""run_speed_up"":0.3,""swim_speed_up"":0.3}",furo,0,0,0,1,3,647,"{""intensify_action"":1.6,""sub_power_up"":1,""special_saver"":0.6,""ink_recovery_up"":0.3,""ink_saver_main"":0.3,""ink_saver_sub"":0.3,""quick_super_jump"":0.3,""special_power_up"":0.3,""ninja_squid"":true}",bold,0,0,0,4,0,270,"{""sub_resistance_up"":1.3,""ink_saver_main"":1.2,""ink_resistance_up"":1,""special_saver"":0.6,""ninja_squid"":true}",splatscope_frst,0,0,0,3,0,194,"{""swim_speed_up"":1.3,""ink_resistance_up"":0.6,""special_charge_up"":0.6,""ink_recovery_up"":0.3,""quick_super_jump"":0.3,""respawn_punisher"":true,""stealth_jump"":true}",gold,#1 Overall Splatter,gold,#1 Splat Assister,gold,#1 Splat Zone Guard,
Sizzle Season 2025,2025-06-30T00:00:00+00:00,10.0.1,bankara_open,area,gonzui,175,bravo,TRUE,,,3243,,0,ba30b0ff,,3019,,100,a0c937ff,,sharp,7,5,2,5,3,827,"{""special_charge_up"":1,""swim_speed_up"":1,""ink_recovery_up"":0.6,""quick_super_jump"":0.6,""sub_power_up"":0.6,""ink_resistance_up"":0.3,""special_saver"":0.3,""sub_resistance_up"":0.3,""stealth_jump"":true}",prime_collabo,7,7,0,4,4,834,"{""special_charge_up"":1.3,""swim_speed_up"":1.2,""special_power_up"":0.6,""ink_resistance_up"":0.3,""quick_super_jump"":0.3,""last_ditch_effort"":true,""stealth_jump"":true}",tristringer_collabo,4,2,2,0,4,1086,"{""run_speed_up"":2.9,""ink_resistance_up"":0.3,""quick_super_jump"":0.3,""special_charge_up"":0.3,""special_power_up"":0.3,""special_saver"":0.3,""sub_resistance_up"":0.3,""last_ditch_effort"":true}",jimuwiper,5,3,2,8,0,496,"{""swim_speed_up"":1.3,""ink_saver_main"":0.6,""sub_power_up"":0.6,""ink_recovery_up"":0.3,""ink_resistance_up"":0.3,""quick_super_jump"":0.3,""special_power_up"":0.3,""comeback"":true,""stealth_jump"":true}",pablo,9,6,3,7,2,669,"{""quick_respawn"":1.6,""quick_super_jump"":0.6,""special_charge_up"":0.6,""special_power_up"":0.6,""sub_resistance_up"":0.3,""last_ditch_effort"":true,""stealth_jump"":true}",jetsweeper_cobr,4,3,1,2,3,916,"{""sub_power_up"":1,""swim_speed_up"":1,""ink_saver_sub"":0.6,""run_speed_up"":0.6,""ink_recovery_up"":0.3,""ink_resistance_up"":0.3,""quick_super_jump"":0.3,""sub_resistance_up"":0.3,""stealth_jump"":true}",52gal,8,6,2,3,2,727,"{""swim_speed_up"":2.8,""intensify_action"":1.9,""stealth_jump"":true}",jimuwiper,4,2,2,5,2,707,"{""swim_speed_up"":1,""ink_saver_main"":0.6,""special_power_up"":0.6,""sub_power_up"":0.6,""quick_super_jump"":0.3,""special_saver"":0.3,""sub_resistance_up"":0.3,""comeback"":true,""stealth_jump"":true}",gold,#1 Overall Splatter,gold,#1 Splat Assister,gold,#1 Splat Zone Guard,
Sizzle Season 2025,2025-06-30T00:00:00+00:00,10.0.1,xmatch,hoko,negitoro,301,bravo,FALSE,,1532.0,4419,,40,343bc4ff,,4404,,72,df6624ff,,carbon_deco,5,3,2,12,0,1050,"{""run_speed_up"":1.3,""swim_speed_up"":1.2,""quick_super_jump"":0.9,""ink_saver_sub"":0.3,""ninja_squid"":true,""stealth_jump"":true}",order_roller_replica,12,11,1,7,4,1072,"{""swim_speed_up"":2.2,""ink_saver_main"":1.9,""quick_respawn"":0.6,""ninja_squid"":true}",bucketslosher,10,8,2,9,3,1177,"{""quick_respawn"":1,""ink_resistance_up"":0.3,""ink_saver_main"":0.3,""ink_saver_sub"":0.3,""quick_super_jump"":0.3,""special_charge_up"":0.3,""sub_resistance_up"":0.3,""comeback"":true,""stealth_jump"":true}",hydra_atsu,8,4,4,7,4,1120,"{""run_speed_up"":0.9,""swim_speed_up"":0.9,""intensify_action"":0.6,""ink_resistance_up"":0.3,""comeback"":true,""object_shredder"":true,""thermal_ink"":true}",nzap85,17,15,2,6,5,1594,"{""swim_speed_up"":4.7,""ninja_squid"":true}",examiner,9,6,3,3,5,1052,"{""run_speed_up"":1.6,""special_charge_up"":1,""ink_resistance_up"":0.9,""special_power_up"":0.6,""quick_super_jump"":0.3,""special_saver"":0.3,""stealth_jump"":true}",furuido,5,3,2,9,2,975,"{""ink_saver_sub"":0.6,""run_speed_up"":0.6,""ink_saver_main"":0.3,""intensify_action"":0.3,""special_charge_up"":0.3,""special_power_up"":0.3,""swim_speed_up"":0.3,""drop_roller"":true,""respawn_punisher"":true,""tenacity"":true}",carbon_deco,13,11,2,9,0,783,"{""swim_speed_up"":1.9,""quick_super_jump"":0.9,""ink_resistance_up"":0.3,""ink_saver_sub"":0.3,""sub_resistance_up"":0.3,""ninja_squid"":true,""stealth_jump"":true}",gold,#1 Popular Target,silver,#1 Checkpoint Breaker,gold,#1 Score Booster,
Sizzle Season 2025,2025-06-30T00:00:00+00:00,10.0.1,bankara_open,area,gonzui,104,alpha,TRUE,,,1943,,100,343bc4ff,,1687,,0,df6624ff,,sharp,8,4,4,0,2,660,"{""special_charge_up"":1,""swim_speed_up"":1,""ink_recovery_up"":0.6,""quick_super_jump"":0.6,""sub_power_up"":0.6,""ink_resistance_up"":0.3,""special_saver"":0.3,""sub_resistance_up"":0.3,""stealth_jump"":true}",prime_collabo,9,6,3,1,2,525,"{""special_charge_up"":1.3,""swim_speed_up"":1.2,""special_power_up"":0.6,""ink_resistance_up"":0.3,""quick_super_jump"":0.3,""last_ditch_effort"":true,""stealth_jump"":true}",hokusai,6,5,1,1,1,498,"{""run_speed_up"":1.8,""special_saver"":1,""ink_recovery_up"":0.9,""ninja_squid"":true,""stealth_jump"":true}",jimuwiper_fuu,2,1,1,5,0,260,"{""swim_speed_up"":1,""quick_super_jump"":0.9,""ink_saver_main"":0.6,""ink_recovery_up"":0.3,""ink_resistance_up"":0.3,""special_saver"":0.3,""sub_resistance_up"":0.3,""comeback"":true,""stealth_jump"":true}",bottlegeyser_foil,3,1,2,3,2,531,"{""special_charge_up"":1,""quick_super_jump"":0.6,""special_saver"":0.6,""swim_speed_up"":0.6,""ink_resistance_up"":0.3,""special_power_up"":0.3,""sub_resistance_up"":0.3,""stealth_jump"":true,""thermal_ink"":true}",quadhopper_black,2,2,0,4,2,489,"{""quick_respawn"":3.1,""quick_super_jump"":0.6,""comeback"":true,""stealth_jump"":true}",hokusai,2,2,0,5,1,252,"{""swim_speed_up"":1.6,""ink_resistance_up"":0.6,""intensify_action"":0.6,""quick_super_jump"":0.6,""special_saver"":0.3,""comeback"":true,""stealth_jump"":true}",nautilus79,2,2,0,4,1,415,"{""run_speed_up"":1.9,""swim_speed_up"":1.6,""ink_resistance_up"":0.6,""quick_super_jump"":0.3,""special_saver"":0.3,""stealth_jump"":true}",gold,#1 Splat Zone Guard,gold,#1 Turf Inker,gold,#1 Splat Zone Inker,
Sizzle Season 2025,2025-06-30T00:00:00+00:00,10.0.1,bankara_open,area,gonzui,150,bravo,TRUE,,,2568,,0,e38d24ff,,2760,,100,1a1aafff,,jimuwiper_fuu,5,4,1,4,2,652,"{""ink_saver_main"":3.8,""ink_saver_sub"":1.9}",hissen_hue,8,7,1,6,2,668,"{""swim_speed_up"":1.3,""ink_saver_main"":1,""run_speed_up"":0.6,""special_charge_up"":0.6,""ink_resistance_up"":0.3,""quick_super_jump"":0.3,""special_power_up"":0.3,""sub_resistance_up"":0.3,""stealth_jump"":true}",prime_frzn,1,1,0,2,3,784,"{""ink_saver_main"":1.3,""ink_saver_sub"":1.3,""ink_recovery_up"":0.9,""special_charge_up"":0.3,""special_saver"":0.3,""sub_power_up"":0.3,""swim_speed_up"":0.3,""ninja_squid"":true}",maneuver_collabo,0,0,0,4,1,464,"{""swim_speed_up"":2.2,""quick_respawn"":1.9,""ink_resistance_up"":0.6,""ninja_squid"":true}",sshooter_collabo,8,7,1,1,3,808,"{""ink_recovery_up"":1.6,""sub_power_up"":1.2,""ink_saver_sub"":1,""special_charge_up"":1,""swim_speed_up"":0.9}",nzap85,4,1,3,4,2,596,"{""ink_recovery_up"":1.9,""ink_saver_main"":1.9,""special_charge_up"":1.9}",nzap89,7,6,1,3,3,757,"{""run_speed_up"":1.9,""sub_resistance_up"":1.9,""ink_saver_main"":0.9,""opening_gambit"":true}",furo,3,2,1,4,1,599,"{""special_charge_up"":1.2,""quick_respawn"":1,""ink_recovery_up"":0.6,""ink_saver_main"":0.6,""ink_resistance_up"":0.3,""comeback"":true,""drop_roller"":true}",gold,#1 Splat Assister,silver,First Splat!,silver,#1 Booyah Bomb User,
Sizzle Season 2025,2025-06-30T00:00:00+00:00,10.0.1,bankara_open,area,takaashi,181,alpha,TRUE,,,3457,,100,cd510aff,,3278,,0,6e04b6ff,,sharp,12,7,5,1,3,963,"{""special_charge_up"":1,""swim_speed_up"":1,""ink_recovery_up"":0.6,""quick_super_jump"":0.6,""sub_power_up"":0.6,""ink_resistance_up"":0.3,""special_saver"":0.3,""sub_resistance_up"":0.3,""stealth_jump"":true}",prime_collabo,9,8,1,2,4,917,"{""special_charge_up"":1.3,""swim_speed_up"":1.2,""special_power_up"":0.6,""ink_resistance_up"":0.3,""quick_super_jump"":0.3,""last_ditch_effort"":true,""stealth_jump"":true}",jimuwiper,9,5,4,3,3,842,"{""swim_speed_up"":1,""ink_saver_main"":0.6,""sub_power_up"":0.6,""ink_resistance_up"":0.3,""quick_super_jump"":0.3,""special_power_up"":0.3,""special_saver"":0.3,""sub_resistance_up"":0.3,""comeback"":true,""stealth_jump"":true}",lact450_milk,8,4,4,2,2,735,"{""special_charge_up"":1,""quick_super_jump"":0.9,""swim_speed_up"":0.9,""ink_resistance_up"":0.3,""special_saver"":0.3,""sub_resistance_up"":0.3,""comeback"":true,""stealth_jump"":true}",splatroller,4,3,1,10,2,527,"{""quick_super_jump"":1.9,""ink_saver_sub"":1.3,""swim_speed_up"":0.9,""ink_recovery_up"":0.3,""quick_respawn"":0.3,""ninja_squid"":true}",gaen_ff,3,2,1,4,3,924,"{""run_speed_up"":1,""intensify_action"":0.6,""swim_speed_up"":0.6,""ink_resistance_up"":0.3,""quick_super_jump"":0.3,""special_power_up"":0.3,""special_saver"":0.3,""sub_resistance_up"":0.3,""comeback"":true,""stealth_jump"":true}",dynamo,3,2,1,5,4,1046,"{""special_charge_up"":1.3,""ink_saver_main"":1,""ink_recovery_up"":0.6,""quick_respawn"":0.6,""ink_resistance_up"":0.3,""quick_super_jump"":0.3,""run_speed_up"":0.3,""swim_speed_up"":0.3,""stealth_jump"":true}",jimuwiper,3,1,2,5,4,781,"{""swim_speed_up"":1,""ink_saver_main"":0.6,""special_power_up"":0.6,""sub_power_up"":0.6,""ink_resistance_up"":0.3,""quick_super_jump"":0.3,""sub_resistance_up"":0.3,""comeback"":true,""stealth_jump"":true}",gold,#1 Overall Splatter,gold,#1 Splat Zone Guard,gold,#1 Turf Inker,
Sizzle Season 2025,2025-06-30T00:00:00+00:00,10.0.1,bankara_open,area,gonzui,86,alpha,TRUE,S+ 5,,1779,,100,ba30b0ff,,1482,,0,a0c937ff,,order_shelter_replica,3,2,1,2,1,455,"{""run_speed_up"":1.3,""swim_speed_up"":1.3,""ink_saver_main"":1,""special_charge_up"":0.6,""special_saver"":0.6,""quick_super_jump"":0.3,""special_power_up"":0.3,""sub_resistance_up"":0.3}",dentalwiper_sumi,6,5,1,1,1,349,"{""quick_respawn"":1,""special_power_up"":0.9,""swim_speed_up"":0.6,""ink_resistance_up"":0.3,""quick_super_jump"":0.3,""special_saver"":0.3,""sub_resistance_up"":0.3,""comeback"":true,""haunt"":true}",octoshooter_replica,5,3,2,0,1,502,"{""ink_saver_sub"":1.9,""ink_saver_main"":1.6,""swim_speed_up"":0.9,""special_charge_up"":0.3,""drop_roller"":true}",tristringer_collabo,2,2,0,0,2,473,"{""run_speed_up"":1.9,""ink_saver_main"":1.2,""ink_saver_sub"":0.3,""sub_resistance_up"":0.3,""object_shredder"":true,""thermal_ink"":true}",sshooter,2,2,0,3,2,433,"{""special_charge_up"":1.9,""swim_speed_up"":1.9,""quick_super_jump"":0.9,""drop_roller"":true}",sputtery_hue,0,0,0,2,1,462,"{""ink_recovery_up"":1.2,""ink_saver_main"":1,""ink_saver_sub"":1,""swim_speed_up"":0.9,""quick_super_jump"":0.3,""special_power_up"":0.3,""stealth_jump"":true}",examiner,1,0,1,3,1,168,"{""run_speed_up"":1.6,""special_charge_up"":1.3,""quick_super_jump"":0.6,""swim_speed_up"":0.6,""intensify_action"":0.3,""special_saver"":0.3,""stealth_jump"":true}",wakaba,1,1,0,4,1,419,"{""ink_saver_sub"":2.8,""swim_speed_up"":1.9,""special_charge_up"":1}",silver,#2 Splat Assister,,,,,
Sizzle Season 2025,2025-06-30T00:00:00+00:00,10.0.1,bankara_open,area,takaashi,253,alpha,TRUE,S+ 5,,4866,,100,a0c937ff,,4557,,0,ba30b0ff,,order_shelter_replica,4,2,2,6,5,1100,"{""run_speed_up"":1.3,""swim_speed_up"":1.3,""ink_saver_main"":1,""special_charge_up"":0.6,""special_saver"":0.6,""quick_super_jump"":0.3,""special_power_up"":0.3,""sub_resistance_up"":0.3}",order_shooter_replica,14,11,3,9,2,1040,"{""sub_power_up"":1.3,""ink_resistance_up"":1,""run_speed_up"":1,""swim_speed_up"":0.6,""ink_saver_sub"":0.3,""intensify_action"":0.3,""special_power_up"":0.3}",octoshooter_replica,8,3,5,4,6,1564,"{""ink_saver_sub"":1.9,""ink_saver_main"":1.6,""swim_speed_up"":0.9,""special_charge_up"":0.3,""drop_roller"":true}",kugelschreiber_hue,7,5,2,3,4,1162,"{""run_speed_up"":3.2,""swim_speed_up"":1,""ink_resistance_up"":0.6,""intensify_action"":0.6,""quick_super_jump"":0.3}",hissen_ash,12,11,1,7,2,976,"{""swim_speed_up"":0.9,""ink_saver_sub"":0.6,""ink_resistance_up"":0.3,""quick_super_jump"":0.3,""special_power_up"":0.3,""sub_resistance_up"":0.3,""comeback"":true,""ninja_squid"":true,""stealth_jump"":true}",l3reelgun_haku,9,4,5,4,5,966,"{""special_power_up"":1.9,""quick_super_jump"":1.6,""swim_speed_up"":0.6,""ink_resistance_up"":0.3,""quick_respawn"":0.3,""stealth_jump"":true}",moprin,7,5,2,4,5,1330,"{""special_power_up"":3.3,""ink_resistance_up"":0.6,""sub_resistance_up"":0.6,""quick_super_jump"":0.3,""run_speed_up"":0.3,""special_charge_up"":0.3,""special_saver"":0.3}",jimuwiper_fuu,2,2,0,6,5,1285,"{""special_charge_up"":1.9,""ink_saver_main"":1.6,""ink_resistance_up"":0.6,""quick_super_jump"":0.6,""stealth_jump"":true}",silver,#2 Splat Zone Inker,,,,,
Sizzle Season 2025,2025-06-30T00:00:00+00:00,10.0.1,bankara_open,area,gonzui,228,alpha,TRUE,,,3883,,100,d0bf08ff,,3617,,0,3a0ccdff,,sharp,5,2,3,6,4,982,"{""special_charge_up"":1,""swim_speed_up"":1,""ink_recovery_up"":0.6,""quick_super_jump"":0.6,""sub_power_up"":0.6,""ink_resistance_up"":0.3,""special_saver"":0.3,""sub_resistance_up"":0.3,""stealth_jump"":true}",96gal_sou,9,8,1,2,5,792,"{""swim_speed_up"":1.3,""special_charge_up"":0.6,""ink_recovery_up"":0.3,""ink_resistance_up"":0.3,""quick_respawn"":0.3,""quick_super_jump"":0.3,""special_saver"":0.3,""sub_resistance_up"":0.3,""last_ditch_effort"":true,""stealth_jump"":true}",lact450_milk,3,3,0,6,3,1057,"{""special_charge_up"":1,""quick_super_jump"":0.9,""swim_speed_up"":0.9,""ink_resistance_up"":0.3,""special_saver"":0.3,""sub_resistance_up"":0.3,""comeback"":true,""stealth_jump"":true}",prime_collabo,6,5,1,5,5,1052,"{""special_charge_up"":1.3,""swim_speed_up"":1.2,""special_power_up"":0.6,""ink_resistance_up"":0.3,""quick_super_jump"":0.3,""last_ditch_effort"":true,""stealth_jump"":true}",liter4k,8,6,2,6,2,643,"{""swim_speed_up"":1.9,""quick_super_jump"":0.9,""ink_resistance_up"":0.3,""special_saver"":0.3,""sub_resistance_up"":0.3,""object_shredder"":true,""respawn_punisher"":true}",momiji,6,4,2,4,6,1332,"{""ink_saver_sub"":1,""special_power_up"":1,""quick_super_jump"":0.9,""swim_speed_up"":0.9,""ink_recovery_up"":0.6,""ink_resistance_up"":0.3,""last_ditch_effort"":true}",splatroller,7,6,1,5,3,791,"{""intensify_action"":3.5,""run_speed_up"":0.6,""ink_resistance_up"":0.3,""quick_respawn"":0.3,""ninja_squid"":true}",tristringer_tou,5,3,2,3,3,851,"{""ink_recovery_up"":1,""ink_saver_main"":0.9,""sub_resistance_up"":0.9,""quick_super_jump"":0.6,""ink_resistance_up"":0.3,""last_ditch_effort"":true,""stealth_jump"":true}",gold,#1 Splat Assister,gold,#1 Popular Target,silver,#1 Splat Zone Hero,
Sizzle Season 2025,2025-06-30T00:00:00+00:00,10.0.1,bankara_open,area,gonzui,88,bravo,TRUE,,,1694,,0,a0c937ff,,2164,,100,ba30b0ff,,jimuwiper_fuu,1,0,1,4,1,208,"{""ink_saver_main"":3.8,""ink_saver_sub"":1.9}",96gal_sou,4,3,1,2,2,537,"{""run_speed_up"":1,""swim_speed_up"":1,""ink_resistance_up"":0.9,""ink_saver_main"":0.9,""quick_super_jump"":0.9,""comeback"":true}",hydra_atsu,2,2,0,4,0,230,"{""run_speed_up"":2.2,""special_charge_up"":1.6,""ink_resistance_up"":0.3,""special_power_up"":0.3,""sub_resistance_up"":0.3,""stealth_jump"":true}",promodeler_sai,1,1,0,2,2,719,"{""ink_saver_main"":1.9,""ink_recovery_up"":1.3,""ink_resistance_up"":1.3,""quick_respawn"":0.6,""run_speed_up"":0.6}",furo,6,4,2,0,2,657,"{""ink_saver_main"":3.3,""run_speed_up"":0.3,""special_power_up"":0.3}",furo,3,2,1,2,1,447,"{""ink_saver_main"":1.5,""ink_recovery_up"":1,""swim_speed_up"":1,""ink_saver_sub"":0.6,""intensify_action"":0.3,""sub_power_up"":0.3,""thermal_ink"":true}",wideroller_waku,3,3,0,2,2,484,"{""special_charge_up"":1.6,""ink_recovery_up"":1.3,""run_speed_up"":1.3,""ink_saver_main"":0.9,""special_saver"":0.6}",promodeler_rg,4,3,1,2,2,576,"{""quick_respawn"":1,""run_speed_up"":1,""ink_resistance_up"":0.9,""comeback"":true}",gold,#1 Splat Assister,,,,,
Sizzle Season 2025,2025-06-30T00:00:00+00:00,10.0.1,bankara_open,area,takaashi,208,bravo,TRUE,,,3580,,0,1ec0adff,,3606,,100,d74b31ff,,sharp,14,12,2,4,6,1023,"{""special_charge_up"":1,""swim_speed_up"":1,""ink_recovery_up"":0.6,""quick_super_jump"":0.6,""sub_power_up"":0.6,""ink_resistance_up"":0.3,""special_saver"":0.3,""sub_resistance_up"":0.3,""stealth_jump"":true}",prime_collabo,13,7,6,4,4,989,"{""special_charge_up"":1.3,""swim_speed_up"":1.2,""special_power_up"":0.6,""ink_resistance_up"":0.3,""quick_super_jump"":0.3,""last_ditch_effort"":true,""stealth_jump"":true}",tristringer_collabo,5,3,2,4,4,909,"{""run_speed_up"":2.9,""ink_resistance_up"":0.3,""quick_super_jump"":0.3,""special_charge_up"":0.3,""special_power_up"":0.3,""special_saver"":0.3,""sub_resistance_up"":0.3,""last_ditch_effort"":true}",jimuwiper,10,7,3,8,1,659,"{""swim_speed_up"":1,""ink_saver_main"":0.6,""special_power_up"":0.6,""sub_power_up"":0.6,""ink_resistance_up"":0.3,""quick_super_jump"":0.3,""sub_resistance_up"":0.3,""comeback"":true,""stealth_jump"":true}",examiner,9,7,2,5,5,1193,"{""run_speed_up"":1,""special_power_up"":1,""special_saver"":0.6,""intensify_action"":0.3,""comeback"":true}",quadhopper_black,9,4,5,11,3,803,"{""quick_respawn"":1.6,""special_power_up"":0.6,""special_saver"":0.6,""ink_resistance_up"":0.3,""quick_super_jump"":0.3,""sub_resistance_up"":0.3,""comeback"":true,""stealth_jump"":true}",jimuwiper,5,3,2,6,4,1036,"{""quick_respawn"":1.6,""swim_speed_up"":1.3,""ink_recovery_up"":0.3,""ink_resistance_up"":0.3,""run_speed_up"":0.3,""stealth_jump"":true}",fincent_brnz,7,6,1,7,2,574,"{""ink_saver_main"":1.9,""swim_speed_up"":0.6,""ink_recovery_up"":0.3,""ink_saver_sub"":0.3,""quick_super_jump"":0.3,""sub_resistance_up"":0.3,""comeback"":true,""stealth_jump"":true}",gold,#1 Overall Splatter,gold,#1 Splat Zone Guard,gold,#1 Turf Inker,
Sizzle Season 2025,2025-06-30T00:00:00+00:00,10.0.1,bankara_open,area,gonzui,300,alpha,FALSE,,,4469,,77,1a1aafff,,4570,,65,e38d24ff,,jimuwiper_fuu,7,5,2,7,5,1018,"{""ink_saver_main"":3.8,""ink_saver_sub"":1.9}",hissen_hue,20,16,4,9,4,1132,"{""special_power_up"":1.2,""ink_resistance_up"":0.3,""ink_saver_sub"":0.3,""quick_super_jump"":0.3,""special_charge_up"":0.3,""special_saver"":0.3,""haunt"":true,""last_ditch_effort"":true,""stealth_jump"":true}",nzap89,5,3,2,6,4,1168,"{""ink_saver_sub"":1.9,""special_charge_up"":0.6,""sub_power_up"":0.6,""ink_recovery_up"":0.3,""intensify_action"":0.3,""last_ditch_effort"":true,""stealth_jump"":true}",prime_frzn,9,7,2,5,5,1151,"{""special_charge_up"":1,""special_saver"":1,""swim_speed_up"":0.3,""thermal_ink"":true}",variableroller,11,9,2,7,4,1211,"{""quick_super_jump"":0.9,""sub_power_up"":0.9,""sub_resistance_up"":0.9,""drop_roller"":true,""haunt"":true,""tenacity"":true}",campingshelter_sorella,9,7,2,8,5,1167,"{""special_charge_up"":1.6,""ink_saver_main"":1,""ink_recovery_up"":0.3,""quick_respawn"":0.3,""quick_super_jump"":0.3,""run_speed_up"":0.3,""special_power_up"":0.3,""sub_resistance_up"":0.3,""stealth_jump"":true}",hissen_ash,8,7,1,6,4,1173,"{""ink_recovery_up"":2.6,""ink_saver_sub"":1.9,""swim_speed_up"":0.9,""sub_power_up"":0.3}",bold,4,4,0,10,2,1019,"{""ink_saver_sub"":1,""special_power_up"":1,""sub_resistance_up"":1,""special_charge_up"":0.9,""sub_power_up"":0.9,""swim_speed_up"":0.9}",silver,#1 Damage Taker,silver,#2 Splat Zone Inker,silver,#1 Booyah Bomb User,
Sizzle Season 2025,2025-06-30T00:00:00+00:00,10.0.1,bankara_open,area,takaashi,133,alpha,TRUE,S+ 5,,2724,,100,9025c6ff,,2439,,0,cfb121ff,,order_shelter_replica,4,3,1,3,2,636,"{""run_speed_up"":1.3,""swim_speed_up"":1.3,""ink_saver_main"":1,""special_charge_up"":0.6,""special_saver"":0.6,""quick_super_jump"":0.3,""special_power_up"":0.3,""sub_resistance_up"":0.3}",bold,9,8,1,2,3,800,"{""swim_speed_up"":1.9,""special_charge_up"":1.3,""ink_resistance_up"":0.3,""ink_saver_sub"":0.3,""quick_super_jump"":0.3,""run_speed_up"":0.3,""sub_power_up"":0.3,""ninja_squid"":true}",prime_frzn,9,5,4,1,2,560,"{""intensify_action"":1.3,""ink_resistance_up"":0.3,""ink_saver_main"":0.3,""ink_saver_sub"":0.3,""quick_super_jump"":0.3,""sub_resistance_up"":0.3,""swim_speed_up"":0.3,""last_ditch_effort"":true,""stealth_jump"":true}",bucketslosher,6,4,2,1,2,728,"{""quick_respawn"":1.9,""swim_speed_up"":0.9,""ink_resistance_up"":0.3,""quick_super_jump"":0.3,""special_saver"":0.3,""comeback"":true,""stealth_jump"":true}",sputtery_hue,4,3,1,5,2,746,"{""special_power_up"":3.8,""quick_respawn"":0.6,""ink_resistance_up"":0.3,""stealth_jump"":true}",furuido_custom,2,1,1,2,3,726,"{""ink_recovery_up"":2,""ink_saver_main"":1,""special_charge_up"":0.6,""special_power_up"":0.6,""ink_saver_sub"":0.3,""quick_respawn"":0.3,""run_speed_up"":0.3,""swim_speed_up"":0.3}",prime_frzn,2,2,0,5,1,477,"{""ink_saver_sub"":1.9,""special_charge_up"":1.6,""swim_speed_up"":1.6,""special_power_up"":0.3,""sub_power_up"":0.3}",quadhopper_white,1,1,0,8,0,490,"{""quick_respawn"":2.2,""ink_resistance_up"":0.3,""quick_super_jump"":0.3,""special_power_up"":0.3,""special_saver"":0.3,""sub_resistance_up"":0.3,""comeback"":true,""stealth_jump"":true}",gold,#1 Splat Zone Inker,silver,#1 Splat Zone Hero,silver,#1 Triple Inkstrike User,
Sizzle Season 2025,2025-06-30T00:00:00+00:00,10.0.1,bankara_open,area,gonzui,309,alpha,FALSE,S+ 5,,5564,,93,df6624ff,,5699,,92,343bc4ff,,order_shelter_replica,11,9,2,7,8,1710,"{""run_speed_up"":1.3,""swim_speed_up"":1.3,""ink_saver_main"":1,""special_charge_up"":0.6,""special_saver"":0.6,""quick_super_jump"":0.3,""special_power_up"":0.3,""sub_resistance_up"":0.3}",hydra_atsu,7,5,2,6,3,1237,"{""run_speed_up"":2.3,""ink_resistance_up"":0.6,""ink_saver_main"":0.3,""intensify_action"":0.3,""quick_super_jump"":0.3,""special_saver"":0.3,""sub_power_up"":0.3,""sub_resistance_up"":0.3,""thermal_ink"":true}",jetsweeper_cobr,5,5,0,2,7,1579,"{""ink_saver_main"":1.3,""intensify_action"":1.3,""run_speed_up"":1.3,""sub_power_up"":0.3,""swim_speed_up"":0.3}",prime_frzn,4,3,1,6,4,1038,"{""swim_speed_up"":1.9,""quick_super_jump"":1.3,""ink_saver_sub"":0.9,""ink_saver_main"":0.3,""sub_power_up"":0.3,""stealth_jump"":true}",order_shooter_replica,12,11,1,7,5,1316,"{""swim_speed_up"":1.3,""intensify_action"":0.9,""special_saver"":0.6,""quick_super_jump"":0.3,""special_charge_up"":0.3,""sub_resistance_up"":0.3,""comeback"":true,""stealth_jump"":true}",wakaba,5,4,1,3,7,1736,"{""ink_saver_sub"":2.6,""swim_speed_up"":1.6,""sub_power_up"":0.6,""ink_resistance_up"":0.3,""quick_respawn"":0.3,""run_speed_up"":0.3}",momiji,5,2,3,5,6,1358,"{""special_charge_up"":2.9,""special_power_up"":1.3,""ink_saver_main"":0.6,""ink_recovery_up"":0.3,""ink_resistance_up"":0.3,""quick_super_jump"":0.3}",pablo_hue,5,4,1,7,5,1289,"{""special_charge_up"":2.9,""special_power_up"":0.9,""ink_saver_sub"":0.3,""quick_respawn"":0.3,""swim_speed_up"":0.3,""haunt"":true}",gold,#1 Overall Splatter,gold,#1 Splat Zone Guard,gold,#1 Turf Inker,
Sizzle Season 2025,2025-06-30T00:00:00+00:00,10.0.1,bankara_open,area,gonzui,124,alpha,TRUE,,,2508,,100,a0c937ff,,2497,,0,ba30b0ff,,sharp,6,3,3,4,2,487,"{""special_charge_up"":1,""swim_speed_up"":1,""ink_recovery_up"":0.6,""quick_super_jump"":0.6,""sub_power_up"":0.6,""ink_resistance_up"":0.3,""special_saver"":0.3,""sub_resistance_up"":0.3,""stealth_jump"":true}",prime_collabo,5,3,2,1,3,677,"{""special_charge_up"":1.3,""swim_speed_up"":1.2,""special_power_up"":0.6,""ink_resistance_up"":0.3,""quick_super_jump"":0.3,""last_ditch_effort"":true,""stealth_jump"":true}",bucketslosher,4,4,0,1,2,673,"{""quick_respawn"":1.9,""swim_speed_up"":0.9,""ink_resistance_up"":0.3,""quick_super_jump"":0.3,""special_saver"":0.3,""comeback"":true,""stealth_jump"":true}",tristringer_collabo,3,3,0,1,2,671,"{""run_speed_up"":2.9,""ink_resistance_up"":0.3,""quick_super_jump"":0.3,""special_charge_up"":0.3,""special_power_up"":0.3,""special_saver"":0.3,""sub_resistance_up"":0.3,""last_ditch_effort"":true}",tristringer_tou,4,2,2,0,3,747,"{""special_power_up"":2.2,""ink_saver_main"":0.9,""special_charge_up"":0.6,""drop_roller"":true,""tenacity"":true}",jimuwiper,2,2,0,3,2,591,"{""ink_recovery_up"":1.6,""run_speed_up"":1.3,""ink_saver_main"":0.6,""special_saver"":0.6,""quick_respawn"":0.3,""quick_super_jump"":0.3,""comeback"":true}",bold,2,2,0,5,2,741,"{""swim_speed_up"":1.9,""special_charge_up"":1.3,""ink_resistance_up"":0.3,""ink_saver_sub"":0.3,""quick_super_jump"":0.3,""run_speed_up"":0.3,""sub_power_up"":0.3,""ninja_squid"":true}",rapid_elite_wntr,2,1,1,5,1,418,"{""intensify_action"":1,""special_charge_up"":1,""special_power_up"":0.6,""swim_speed_up"":0.6,""ink_recovery_up"":0.3,""ink_resistance_up"":0.3,""ink_saver_main"":0.3,""quick_super_jump"":0.3,""sub_resistance_up"":0.3,""stealth_jump"":true}",gold,#1 Overall Splatter,gold,#1 Splat Assister,silver,#1 Crab Tank User,
Sizzle Season 2025,2025-06-30T00:00:00+00:00,10.0.1,bankara_open,area,gonzui,90,bravo,TRUE,,,1393,,0,ba30b0ff,,1372,,100,a0c937ff,,jimuwiper_fuu,1,0,1,3,1,335,"{""ink_saver_main"":3.8,""ink_saver_sub"":1.9}",52gal,3,2,1,3,2,503,"{""sub_resistance_up"":1.3,""run_speed_up"":1,""ink_resistance_up"":0.3,""ink_saver_main"":0.3,""quick_super_jump"":0.3,""swim_speed_up"":0.3,""opening_gambit"":true}",52gal,2,2,0,3,1,303,"{""ink_recovery_up"":1.3,""quick_respawn"":1,""ink_resistance_up"":0.3,""ink_saver_main"":0.3,""ink_saver_sub"":0.3,""quick_super_jump"":0.3,""run_speed_up"":0.3,""special_charge_up"":0.3,""special_saver"":0.3,""swim_speed_up"":0.3,""respawn_punisher"":true}",hydra,1,1,0,4,1,252,"{""run_speed_up"":2.5,""sub_resistance_up"":1,""drop_roller"":true}",hokusai_sui,7,4,3,0,1,421,"{""ink_saver_sub"":1.9,""quick_super_jump"":1,""run_speed_up"":0.9,""sub_resistance_up"":0.9,""opening_gambit"":true}",hokusai_sui,5,4,1,1,1,306,"{""swim_speed_up"":2,""run_speed_up"":1,""ink_saver_main"":0.3,""ink_saver_sub"":0.3,""quick_super_jump"":0.3,""sub_power_up"":0.3}",hokusai_sui,6,3,3,2,0,290,"{""swim_speed_up"":1.9,""run_speed_up"":1.6,""sub_resistance_up"":1.6,""special_power_up"":0.3,""special_saver"":0.3}",hokusai_sui,3,2,1,2,1,355,"{""special_charge_up"":4.1,""quick_super_jump"":1,""quick_respawn"":0.3}",silver,#1 Ink Consumer,gold,#1 Splat Assister,silver,#2 Turf Inker,
Sizzle Season 2025,2025-06-30T00:00:00+00:00,10.0.1,bankara_open,area,gonzui,98,alpha,TRUE,,,1831,,100,a0c937ff,,1901,,0,ba30b0ff,,sharp,3,1,2,1,1,452,"{""special_charge_up"":1,""swim_speed_up"":1,""ink_recovery_up"":0.6,""quick_super_jump"":0.6,""sub_power_up"":0.6,""ink_resistance_up"":0.3,""special_saver"":0.3,""sub_resistance_up"":0.3,""stealth_jump"":true}",tristringer_collabo,5,3,2,0,2,518,"{""run_speed_up"":2.9,""ink_resistance_up"":0.3,""quick_super_jump"":0.3,""special_charge_up"":0.3,""special_power_up"":0.3,""special_saver"":0.3,""sub_resistance_up"":0.3,""last_ditch_effort"":true}",prime_collabo,5,5,0,0,2,592,"{""special_charge_up"":1.3,""swim_speed_up"":1.2,""special_power_up"":0.6,""ink_resistance_up"":0.3,""quick_super_jump"":0.3,""last_ditch_effort"":true,""stealth_jump"":true}",dualsweeper,2,1,1,4,0,269,"{""quick_respawn"":1.6,""intensify_action"":0.6,""quick_super_jump"":0.6,""swim_speed_up"":0.6,""ink_resistance_up"":0.3,""comeback"":true,""stealth_jump"":true}",spygadget_ryo,2,0,2,2,3,622,"{""swim_speed_up"":1.6,""special_charge_up"":0.9,""run_speed_up"":0.6,""ink_recovery_up"":0.3,""quick_super_jump"":0.3,""last_ditch_effort"":true,""ninja_squid"":true}",96gal_sou,4,4,0,2,2,498,"{""special_charge_up"":1,""swim_speed_up"":1,""intensify_action"":0.6,""special_power_up"":0.6,""ink_resistance_up"":0.3,""quick_super_jump"":0.3,""special_saver"":0.3,""sub_resistance_up"":0.3,""stealth_jump"":true}",jimuwiper,1,1,0,3,0,365,"{""quick_respawn"":1.6,""ink_saver_main"":0.6,""swim_speed_up"":0.6,""quick_super_jump"":0.3,""special_saver"":0.3,""sub_resistance_up"":0.3,""comeback"":true,""stealth_jump"":true}",dynamo_mei,1,0,1,3,2,416,"{""special_charge_up"":1,""ink_resistance_up"":0.6,""sub_power_up"":0.6,""ink_recovery_up"":0.3,""ink_saver_main"":0.3,""quick_super_jump"":0.3,""special_power_up"":0.3,""sub_resistance_up"":0.3,""comeback"":true,""stealth_jump"":true}",gold,#1 Splat Assister,silver,#1 Ground Traveler,silver,#2 Splat Zone Inker,
Sizzle Season 2025,2025-06-30T00:00:00+00:00,10.0.1,bankara_open,area,takaashi,195,alpha,TRUE,S+ 6,,3299,,100,1ec0adff,,3285,,0,d74b31ff,,order_shelter_replica,6,3,3,2,4,1037,"{""run_speed_up"":1.3,""swim_speed_up"":1.3,""ink_saver_main"":1,""special_charge_up"":0.6,""special_saver"":0.6,""quick_super_jump"":0.3,""special_power_up"":0.3,""sub_resistance_up"":0.3}",order_maneuver_replica,11,10,1,5,2,825,"{""ink_saver_main"":1.3,""run_speed_up"":1.3,""special_charge_up"":1.3,""ink_recovery_up"":0.3,""ink_saver_sub"":0.3,""intensify_action"":0.3,""quick_super_jump"":0.3,""special_saver"":0.3,""swim_speed_up"":0.3}",hydra_atsu,3,3,0,2,1,641,"{""run_speed_up"":2.3,""ink_resistance_up"":0.6,""ink_saver_main"":0.3,""intensify_action"":0.3,""quick_super_jump"":0.3,""special_saver"":0.3,""sub_power_up"":0.3,""sub_resistance_up"":0.3,""thermal_ink"":true}",furuido,7,7,0,1,4,796,"{""quick_respawn"":1.6,""run_speed_up"":1.3,""swim_speed_up"":0.9,""quick_super_jump"":0.6,""ink_saver_main"":0.3,""stealth_jump"":true}",hokusai_hue,4,4,0,6,3,895,"{""ink_saver_main"":3.8,""sub_power_up"":1.3,""ink_saver_sub"":0.6}",momiji,4,3,1,7,4,875,"{""special_charge_up"":1.3,""ink_saver_sub"":0.9,""sub_power_up"":0.6,""ink_recovery_up"":0.3,""special_power_up"":0.3,""special_saver"":0.3,""comeback"":true,""ninja_squid"":true}",jetsweeper_cobr,2,2,0,7,3,879,"{""ink_saver_main"":2.9,""quick_respawn"":1.9,""ink_saver_sub"":0.6,""special_saver"":0.3}",fincent_hue,1,1,0,3,4,636,"{""ink_saver_sub"":1,""swim_speed_up"":0.9,""ink_resistance_up"":0.6,""ink_saver_main"":0.6,""special_charge_up"":0.6,""ninja_squid"":true,""stealth_jump"":true}",gold,#1 Popular Target,gold,#1 Turf Inker,gold,#1 Splat Zone Inker,
Sizzle Season 2025,2025-06-30T00:00:00+00:00,10.0.1,bankara_open,area,takaashi,276,alpha,TRUE,,,5462,,100,d0bf08ff,,5548,,0,3a0ccdff,,sharp,14,9,5,4,6,1567,"{""special_charge_up"":1,""swim_speed_up"":1,""ink_recovery_up"":0.6,""quick_super_jump"":0.6,""sub_power_up"":0.6,""ink_resistance_up"":0.3,""special_saver"":0.3,""sub_resistance_up"":0.3,""stealth_jump"":true}",prime_collabo,13,12,1,4,7,1673,"{""special_charge_up"":1.3,""swim_speed_up"":1.2,""special_power_up"":0.6,""ink_resistance_up"":0.3,""quick_super_jump"":0.3,""last_ditch_effort"":true,""stealth_jump"":true}",rpen_5h,6,1,5,5,5,1255,"{""quick_super_jump"":1.3,""special_power_up"":1,""run_speed_up"":0.6,""special_charge_up"":0.6,""ink_resistance_up"":0.3,""ink_saver_main"":0.3,""special_saver"":0.3,""swim_speed_up"":0.3,""last_ditch_effort"":true}",campingshelter_crem,7,4,3,11,3,967,"{""quick_respawn"":0.6,""ink_resistance_up"":0.3,""ink_saver_sub"":0.3,""intensify_action"":0.3,""quick_super_jump"":0.3,""special_saver"":0.3,""sub_resistance_up"":0.3,""comeback"":true,""haunt"":true,""stealth_jump"":true}",rpen_5h,12,9,3,3,6,1506,"{""special_charge_up"":1.3,""special_power_up"":1.3,""ink_resistance_up"":0.6,""run_speed_up"":0.6,""ink_recovery_up"":0.3,""quick_super_jump"":0.3,""swim_speed_up"":0.3,""stealth_jump"":true}",tristringer_collabo,4,3,1,4,6,1758,"{""run_speed_up"":2.9,""ink_resistance_up"":0.3,""quick_super_jump"":0.3,""special_charge_up"":0.3,""special_power_up"":0.3,""special_saver"":0.3,""sub_resistance_up"":0.3,""last_ditch_effort"":true}",l3reelgun_haku,9,7,2,10,5,1467,"{""special_power_up"":1,""run_speed_up"":0.6,""ink_recovery_up"":0.3,""sub_power_up"":0.3,""sub_resistance_up"":0.3,""comeback"":true,""drop_roller"":true}",order_roller_replica,6,5,1,9,3,817,"{""quick_respawn"":1.6,""quick_super_jump"":1.2,""ink_resistance_up"":0.3,""sub_resistance_up"":0.3,""swim_speed_up"":0.3,""opening_gambit"":true,""stealth_jump"":true}",gold,#1 Overall Splatter,gold,#1 Splat Zone Guard,gold,#1 Super Jump Spot,
Sizzle Season 2025,2025-06-30T00:00:00+00:00,10.0.1,bankara_open,area,takaashi,292,bravo,TRUE,S+ 6,,4418,,0,1ec0adff,,4590,,100,d74b31ff,,order_shelter_replica,10,8,2,7,6,1387,"{""run_speed_up"":1.3,""swim_speed_up"":1.3,""ink_saver_main"":1,""special_charge_up"":0.6,""special_saver"":0.6,""quick_super_jump"":0.3,""special_power_up"":0.3,""sub_resistance_up"":0.3}",longblaster,15,10,5,8,2,777,"{""ink_saver_main"":1.3,""swim_speed_up"":1.3,""ink_resistance_up"":0.6,""special_charge_up"":0.6,""quick_super_jump"":0.3,""special_saver"":0.3,""sub_resistance_up"":0.3,""stealth_jump"":true}",hydra_atsu,6,5,1,6,3,966,"{""run_speed_up"":2.3,""ink_resistance_up"":0.6,""ink_saver_main"":0.3,""intensify_action"":0.3,""quick_super_jump"":0.3,""special_saver"":0.3,""sub_power_up"":0.3,""sub_resistance_up"":0.3,""thermal_ink"":true}",sharp_neo,4,4,0,9,5,1288,"{""intensify_action"":1.3,""special_saver"":1,""sub_power_up"":1,""ink_recovery_up"":0.6,""ink_resistance_up"":0.3,""ink_saver_main"":0.3,""ink_saver_sub"":0.3,""quick_respawn"":0.3,""special_charge_up"":0.3,""swim_speed_up"":0.3}",prime_frzn,9,4,5,5,5,1336,"{""ink_saver_main"":1.9,""ink_saver_sub"":1.9,""ink_recovery_up"":1,""swim_speed_up"":0.9}",sputtery_hue,13,11,2,9,5,1165,"{""quick_respawn"":4.4,""quick_super_jump"":0.3,""stealth_jump"":true}",liter4k,6,5,1,2,5,1241,"{""ink_saver_main"":2.2,""swim_speed_up"":1,""quick_super_jump"":0.6,""special_charge_up"":0.6,""ink_resistance_up"":0.3,""respawn_punisher"":true}",jimuwiper_fuu,12,10,2,11,3,848,"{""swim_speed_up"":1.9,""ink_recovery_up"":0.6,""ink_saver_main"":0.6,""ink_resistance_up"":0.3,""sub_resistance_up"":0.3,""comeback"":true,""stealth_jump"":true}",gold,#1 Popular Target,gold,#1 Turf Inker,silver,#1 Splat Zone Hero,
Sizzle Season 2025,2025-06-30T00:00:00+00:00,10.0.1,xmatch,hoko,negitoro,318,alpha,FALSE,,1582.0,5317,,36,ba30b0ff,,5128,,35,a0c937ff,,sputtery_owl,11,9,2,12,2,1255,"{""quick_respawn"":1.6,""swim_speed_up"":0.9,""ink_resistance_up"":0.3,""ink_saver_sub"":0.3,""intensify_action"":0.3,""quick_super_jump"":0.3,""comeback"":true,""stealth_jump"":true}",promodeler_rg,11,8,3,8,5,1533,"{""special_charge_up"":1.9,""intensify_action"":0.6,""quick_respawn"":0.3,""quick_super_jump"":0.3,""sub_power_up"":0.3,""swim_speed_up"":0.3,""haunt"":true,""stealth_jump"":true}",prime_frzn,13,11,2,5,4,1518,"{""swim_speed_up"":1.3,""ink_recovery_up"":1,""ink_saver_sub"":1,""special_charge_up"":0.6,""sub_power_up"":0.6,""ink_resistance_up"":0.3,""quick_super_jump"":0.3,""run_speed_up"":0.3,""sub_resistance_up"":0.3}",maneuver_collabo,9,8,1,10,3,1011,"{""swim_speed_up"":1,""intensify_action"":0.9,""ink_resistance_up"":0.6,""quick_super_jump"":0.6,""ink_recovery_up"":0.3,""ink_saver_sub"":0.3,""comeback"":true,""stealth_jump"":true}",bold,14,13,1,12,5,1470,"{""swim_speed_up"":2.9,""special_power_up"":1.3,""ink_resistance_up"":0.3,""ink_saver_main"":0.3,""special_charge_up"":0.3,""sub_resistance_up"":0.3}",nzap85,14,10,4,11,4,1370,"{""swim_speed_up"":1.9,""run_speed_up"":1,""ink_resistance_up"":0.9,""ink_saver_main"":0.3,""stealth_jump"":true}",sshooter,8,6,2,9,4,1208,"{""ink_recovery_up"":1.6,""swim_speed_up"":1.3,""intensify_action"":1,""ink_resistance_up"":0.6,""ink_saver_main"":0.6,""ink_saver_sub"":0.6}",kelvin525_deco,10,5,5,5,4,1080,"{""quick_respawn"":1.6,""special_charge_up"":1,""ink_saver_main"":0.6,""swim_speed_up"":0.6,""ink_resistance_up"":0.3,""ink_saver_sub"":0.3,""special_saver"":0.3,""stealth_jump"":true}",gold,#1 Popular Target,silver,#1 Checkpoint Breaker,gold,#1 Score Booster,
Sizzle Season 2025,2025-06-30T00:00:00+00:00,10.0.1,bankara_open,area,takaashi,244,alpha,TRUE,,,4793,,100,3a0ccdff,,4747,,0,d0bf08ff,,sharp,10,10,0,5,4,1215,"{""special_charge_up"":1,""swim_speed_up"":1,""ink_recovery_up"":0.6,""quick_super_jump"":0.6,""sub_power_up"":0.6,""ink_resistance_up"":0.3,""special_saver"":0.3,""sub_resistance_up"":0.3,""stealth_jump"":true}",tristringer_collabo,9,3,6,4,5,1389,"{""run_speed_up"":2.9,""ink_resistance_up"":0.3,""quick_super_jump"":0.3,""special_charge_up"":0.3,""special_power_up"":0.3,""special_saver"":0.3,""sub_resistance_up"":0.3,""last_ditch_effort"":true}",prime_collabo,13,8,5,6,4,1094,"{""special_charge_up"":1.3,""swim_speed_up"":1.2,""special_power_up"":0.6,""ink_resistance_up"":0.3,""quick_super_jump"":0.3,""last_ditch_effort"":true,""stealth_jump"":true}",prime_frzn,14,9,5,4,5,1095,"{""special_charge_up"":1.6,""swim_speed_up"":1.3,""ink_saver_main"":0.6,""ink_saver_sub"":0.3,""quick_respawn"":0.3,""stealth_jump"":true}",quadhopper_white,10,9,1,12,2,787,"{""quick_respawn"":2.9,""quick_super_jump"":0.6,""special_power_up"":0.6,""special_saver"":0.6,""stealth_jump"":true}",moprin_kaku,4,4,0,4,5,1671,"{""special_charge_up"":2,""ink_saver_main"":0.6,""quick_super_jump"":0.6,""swim_speed_up"":0.6,""ink_recovery_up"":0.3,""special_saver"":0.3,""sub_resistance_up"":0.3,""stealth_jump"":true}",liter4k_scope,4,3,1,5,3,894,"{""ink_recovery_up"":2.2,""swim_speed_up"":2.2,""ink_resistance_up"":0.3,""respawn_punisher"":true}",lact450_deco,4,3,1,9,4,1395,"{""ink_saver_sub"":1.3,""swim_speed_up"":1,""run_speed_up"":0.9,""ink_resistance_up"":0.6,""quick_super_jump"":0.6,""sub_resistance_up"":0.3,""stealth_jump"":true}",gold,#1 Enemy Splatter,silver,First Splat!,silver,#1 Splat Zone Hero,
Sizzle Season 2025,2025-06-30T00:00:00+00:00,10.0.1,bankara_open,area,takaashi,81,alpha,TRUE,S+ 6,,1576,,100,a0c937ff,,1684,,0,ba30b0ff,,order_shelter_replica,3,2,1,2,1,365,"{""run_speed_up"":1.3,""swim_speed_up"":1.3,""ink_saver_main"":1,""special_charge_up"":0.6,""special_saver"":0.6,""quick_super_jump"":0.3,""special_power_up"":0.3,""sub_resistance_up"":0.3}",hokusai,6,4,2,1,1,364,"{""swim_speed_up"":1.3,""ink_recovery_up"":0.6,""quick_respawn"":0.6,""ink_resistance_up"":0.3,""ink_saver_sub"":0.3,""intensify_action"":0.3,""quick_super_jump"":0.3,""comeback"":true,""stealth_jump"":true}",lact450_milk,2,2,0,2,1,541,"{""ink_saver_main"":1.8,""ink_resistance_up"":0.3,""quick_super_jump"":0.3,""sub_resistance_up"":0.3,""last_ditch_effort"":true,""object_shredder"":true,""thermal_ink"":true}",hydra_atsu,2,2,0,0,1,306,"{""run_speed_up"":2.3,""ink_resistance_up"":0.6,""ink_saver_main"":0.3,""intensify_action"":0.3,""quick_super_jump"":0.3,""special_saver"":0.3,""sub_power_up"":0.3,""sub_resistance_up"":0.3,""thermal_ink"":true}",wideroller_waku,3,2,1,2,2,536,"{""ink_saver_sub"":3.8,""special_charge_up"":1,""ink_resistance_up"":0.3,""special_saver"":0.3,""sub_power_up"":0.3}",kelvin525,3,2,1,3,2,459,"{""quick_respawn"":2.9,""ink_recovery_up"":0.6,""swim_speed_up"":0.6,""quick_super_jump"":0.3,""sub_resistance_up"":0.3,""stealth_jump"":true}",tristringer_tou,1,1,0,3,1,462,"{""special_power_up"":1.6,""ink_saver_main"":1.3,""quick_super_jump"":1.3,""swim_speed_up"":0.6,""intensify_action"":0.3,""special_charge_up"":0.3,""special_saver"":0.3}",hokusai_sui,1,0,1,2,1,227,"{""quick_respawn"":5.7}",silver,#2 Overall Splatter,gold,#1 Popular Target,silver,#2 Splat Zone Guard,
Sizzle Season 2025,2025-06-30T00:00:00+00:00,10.0.1,bankara_open,area,gonzui,136,alpha,TRUE,,,2183,,100,1ec0adff,,2038,,0,d74b31ff,,sharp,7,3,4,3,2,626,"{""special_charge_up"":1,""swim_speed_up"":1,""ink_recovery_up"":0.6,""quick_super_jump"":0.6,""sub_power_up"":0.6,""ink_resistance_up"":0.3,""special_saver"":0.3,""sub_resistance_up"":0.3,""stealth_jump"":true}",liter4k,12,9,3,1,2,448,"{""swim_speed_up"":2.9,""ink_recovery_up"":1.9,""quick_super_jump"":0.9}",prime_collabo,7,4,3,2,3,754,"{""special_charge_up"":1.3,""swim_speed_up"":1.2,""special_power_up"":0.6,""ink_resistance_up"":0.3,""quick_super_jump"":0.3,""last_ditch_effort"":true,""stealth_jump"":true}",carbon_deco,4,4,0,6,1,355,"{""ink_saver_sub"":1.9,""quick_respawn"":0.9,""swim_speed_up"":0.9,""comeback"":true,""ninja_squid"":true}",dualsweeper,5,3,2,3,2,495,"{""quick_respawn"":1.6,""ink_resistance_up"":0.3,""intensify_action"":0.3,""quick_super_jump"":0.3,""special_saver"":0.3,""sub_resistance_up"":0.3,""swim_speed_up"":0.3,""comeback"":true,""stealth_jump"":true}",sputtery_hue,2,2,0,5,1,619,"{""quick_respawn"":1.9,""quick_super_jump"":0.9,""ink_resistance_up"":0.3,""special_saver"":0.3,""sub_resistance_up"":0.3,""comeback"":true,""stealth_jump"":true}",carbon_deco,4,4,0,5,2,468,"{""swim_speed_up"":2.8,""quick_super_jump"":0.6,""ink_resistance_up"":0.3,""ninja_squid"":true,""stealth_jump"":true}",quadhopper_white,4,3,1,7,1,456,"{""quick_respawn"":2.9,""quick_super_jump"":0.6,""special_power_up"":0.6,""special_saver"":0.6,""stealth_jump"":true}",gold,#1 Splat Assister,gold,#1 Popular Target,gold,#1 Splat Zone Inker,
Sizzle Season 2025,2025-06-30T00:00:00+00:00,10.0.1,xmatch,hoko,negitoro,125,alpha,TRUE,,1607.0,2438,,100,343bc4ff,,2049,,0,df6624ff,,sputtery_owl,8,6,2,3,1,616,"{""quick_respawn"":1.6,""swim_speed_up"":0.9,""ink_resistance_up"":0.3,""ink_saver_sub"":0.3,""intensify_action"":0.3,""quick_super_jump"":0.3,""comeback"":true,""stealth_jump"":true}",clashblaster,9,7,2,2,1,462,"{""special_saver"":1.2,""swim_speed_up"":1,""quick_respawn"":0.3,""quick_super_jump"":0.3,""run_speed_up"":0.3,""sub_power_up"":0.3,""sub_resistance_up"":0.3,""ninja_squid"":true,""stealth_jump"":true}",sharp_geck,4,2,2,2,2,651,"{""ink_saver_sub"":1.9,""special_saver"":0.9,""swim_speed_up"":0.9,""comeback"":true,""stealth_jump"":true}",variableroller,5,4,1,1,2,709,"{""ink_saver_main"":2.2,""ink_resistance_up"":1,""swim_speed_up"":1,""ink_recovery_up"":0.6,""ink_saver_sub"":0.3,""special_charge_up"":0.3,""sub_power_up"":0.3}",carbon_deco,4,3,1,5,1,378,"{""swim_speed_up"":1.9,""sub_power_up"":0.6,""ink_resistance_up"":0.3,""quick_super_jump"":0.3,""special_saver"":0.3,""ninja_squid"":true,""stealth_jump"":true}",momiji,3,2,1,5,2,676,"{""ink_saver_sub"":3.2,""swim_speed_up"":1.5,""special_charge_up"":1}",sshooter_kou,2,1,1,4,2,474,"{""sub_power_up"":1.9,""ink_saver_sub"":1,""sub_resistance_up"":0.6,""ink_recovery_up"":0.3,""ink_resistance_up"":0.3,""intensify_action"":0.3,""quick_super_jump"":0.3,""stealth_jump"":true}",moprin,2,2,0,5,1,521,"{""special_power_up"":1.6,""swim_speed_up"":0.9,""ink_recovery_up"":0.3,""ink_resistance_up"":0.3,""run_speed_up"":0.3,""special_saver"":0.3,""last_ditch_effort"":true,""stealth_jump"":true}",gold,#1 Splat Assister,gold,Record-Score Setter,gold,#1 Score Booster,
Sizzle Season 2025,2025-06-30T00:00:00+00:00,10.0.1,bankara_open,area,takaashi,323,alpha,TRUE,S+ 6,,5210,,100,6e04b6ff,,5341,,0,cd510aff,,order_shelter_replica,7,6,1,9,5,1262,"{""run_speed_up"":1.3,""swim_speed_up"":1.3,""ink_saver_main"":1,""special_charge_up"":0.6,""special_saver"":0.6,""quick_super_jump"":0.3,""special_power_up"":0.3,""sub_resistance_up"":0.3}",hissen_ash,9,7,2,12,2,1063,"{""ink_saver_sub"":3.5,""ink_recovery_up"":0.3,""quick_super_jump"":0.3,""special_charge_up"":0.3,""sub_power_up"":0.3,""stealth_jump"":true}",bold,6,6,0,9,6,1649,"{""ink_saver_sub"":1.9,""special_charge_up"":1.9,""ink_recovery_up"":1,""sub_power_up"":0.9}",hydra_atsu,6,5,1,5,4,1236,"{""run_speed_up"":2.3,""ink_resistance_up"":0.6,""ink_saver_main"":0.3,""intensify_action"":0.3,""quick_super_jump"":0.3,""special_saver"":0.3,""sub_power_up"":0.3,""sub_resistance_up"":0.3,""thermal_ink"":true}",dynamo_mei,16,11,5,7,6,1199,"{""ink_saver_main"":1.9,""swim_speed_up"":1.3,""special_power_up"":0.6,""ink_saver_sub"":0.3,""intensify_action"":0.3,""special_charge_up"":0.3,""thermal_ink"":true}",nzap89,10,4,6,5,5,1558,"{""swim_speed_up"":2,""ink_recovery_up"":0.9,""ink_saver_main"":0.9,""ink_saver_sub"":0.9,""ninja_squid"":true}",liter4k,13,11,2,3,5,951,"{""ink_saver_main"":1.2,""quick_super_jump"":1,""ink_recovery_up"":0.6,""ink_resistance_up"":0.6,""sub_resistance_up"":0.3,""respawn_punisher"":true,""stealth_jump"":true}",bold,10,9,1,9,8,1633,"{""swim_speed_up"":2,""ink_recovery_up"":0.6,""ink_saver_main"":0.3,""object_shredder"":true}",gold,#1 Splat Zone Guard,gold,#1 Popular Target,silver,#1 Splat Zone Hero,
Sizzle Season 2025,2025-06-30T00:00:00+00:00,10.0.1,xmatch,hoko,kusaya,312,bravo,FALSE,,1607.0,5441,,45,cd510aff,,5436,,62,6e04b6ff,,sputtery_owl,13,9,4,9,6,1579,"{""quick_respawn"":1.6,""swim_speed_up"":0.9,""ink_resistance_up"":0.3,""ink_saver_sub"":0.3,""intensify_action"":0.3,""quick_super_jump"":0.3,""comeback"":true,""stealth_jump"":true}",sharp_geck,18,9,9,10,3,1133,"{""swim_speed_up"":2.2,""ink_saver_sub"":0.3,""quick_super_jump"":0.3,""run_speed_up"":0.3,""special_charge_up"":0.3,""special_power_up"":0.3,""ninja_squid"":true,""stealth_jump"":true}",splatspinner_pytn,12,6,6,8,7,1541,"{""run_speed_up"":2.6,""sub_power_up"":1.2,""special_saver"":0.6,""swim_speed_up"":0.3,""stealth_jump"":true}",sshooter,9,7,2,12,1,1188,"{""quick_respawn"":1.9,""swim_speed_up"":1.6,""intensify_action"":0.6,""quick_super_jump"":0.6,""stealth_jump"":true}",sshooter,16,14,2,4,5,1565,"{""special_charge_up"":1.2,""swim_speed_up"":1,""intensify_action"":0.6,""ink_resistance_up"":0.3,""quick_super_jump"":0.3,""special_saver"":0.3,""comeback"":true,""stealth_jump"":true}",carbon_angl,7,5,2,11,0,1214,"{""swim_speed_up"":4.7,""ninja_squid"":true}",prime_frzn,13,11,2,7,3,1235,"{""swim_speed_up"":1.3,""intensify_action"":0.9,""ink_resistance_up"":0.3,""ink_saver_main"":0.3,""quick_respawn"":0.3,""quick_super_jump"":0.3,""sub_resistance_up"":0.3,""comeback"":true,""stealth_jump"":true}",sputtery_hue,10,9,1,9,4,1422,"{""special_power_up"":5.1,""special_charge_up"":0.3,""special_saver"":0.3}",gold,#1 Enemy Splatter,gold,#1 Popular Target,gold,#1 Turf Inker,
Sizzle Season 2025,2025-06-30T00:00:00+00:00,10.0.1,bankara_open,area,gonzui,163,bravo,TRUE,,,2862,,0,1a1aafff,,2846,,100,e38d24ff,,sharp,3,3,0,6,1,564,"{""special_charge_up"":1,""swim_speed_up"":1,""ink_recovery_up"":0.6,""quick_super_jump"":0.6,""sub_power_up"":0.6,""ink_resistance_up"":0.3,""special_saver"":0.3,""sub_resistance_up"":0.3,""stealth_jump"":true}",splatspinner_pytn,2,1,1,3,5,951,"{""run_speed_up"":1,""quick_super_jump"":0.9,""special_charge_up"":0.6,""ink_resistance_up"":0.3,""sub_power_up"":0.3,""sub_resistance_up"":0.3,""swim_speed_up"":0.3,""comeback"":true,""stealth_jump"":true}",prime_collabo,6,6,0,5,2,678,"{""special_charge_up"":1.3,""swim_speed_up"":1.2,""special_power_up"":0.6,""ink_resistance_up"":0.3,""quick_super_jump"":0.3,""last_ditch_effort"":true,""stealth_jump"":true}",kugelschreiber,5,3,2,3,3,669,"{""run_speed_up"":1.3,""special_power_up"":1.3,""ink_resistance_up"":0.6,""intensify_action"":0.6,""special_charge_up"":0.6,""quick_super_jump"":0.3,""drop_roller"":true}",rpen_5h,9,3,6,2,2,772,"{""special_charge_up"":1.6,""special_power_up"":1.6,""ink_saver_sub"":0.6,""ink_saver_main"":0.3,""quick_respawn"":0.3,""object_shredder"":true}",sblast91,9,5,4,4,1,561,"{""ink_saver_sub"":1.2,""quick_respawn"":1,""swim_speed_up"":1,""quick_super_jump"":0.6,""ink_resistance_up"":0.3,""sub_power_up"":0.3,""sub_resistance_up"":0.3,""stealth_jump"":true}",l3reelgun_haku,6,5,1,5,4,981,"{""special_power_up"":2.9,""special_charge_up"":0.6,""special_saver"":0.3,""sub_power_up"":0.3,""swim_speed_up"":0.3,""drop_roller"":true}",liter4k,4,4,0,2,2,532,"{""ink_saver_main"":1,""quick_super_jump"":0.9,""sub_resistance_up"":0.6,""swim_speed_up"":0.6,""ink_resistance_up"":0.3,""special_power_up"":0.3,""object_shredder"":true,""respawn_punisher"":true}",gold,#1 Splat Zone Guard,silver,#1 Ground Traveler,silver,#2 Enemy Splatter,
Sizzle Season 2025,2025-06-30T00:00:00+00:00,10.0.1,bankara_open,area,gonzui,201,bravo,TRUE,S+ 6,,3427,,0,d0bf08ff,,3717,,100,3a0ccdff,,order_shelter_replica,6,5,1,6,4,1022,"{""run_speed_up"":1.3,""swim_speed_up"":1.3,""ink_saver_main"":1,""special_charge_up"":0.6,""special_saver"":0.6,""quick_super_jump"":0.3,""special_power_up"":0.3,""sub_resistance_up"":0.3}",sharp,6,5,1,4,3,1055,"{""swim_speed_up"":1.6,""run_speed_up"":0.6,""special_charge_up"":0.6,""ink_resistance_up"":0.3,""quick_super_jump"":0.3,""special_saver"":0.3,""comeback"":true,""stealth_jump"":true}",hydra_atsu,4,4,0,5,3,849,"{""run_speed_up"":2.3,""ink_resistance_up"":0.6,""ink_saver_main"":0.3,""intensify_action"":0.3,""quick_super_jump"":0.3,""special_saver"":0.3,""sub_power_up"":0.3,""sub_resistance_up"":0.3,""thermal_ink"":true}",longblaster_custom,3,2,1,8,1,501,"{""ink_saver_main"":1.3,""swim_speed_up"":1.3,""ink_resistance_up"":0.6,""special_charge_up"":0.6,""quick_super_jump"":0.3,""special_saver"":0.3,""sub_resistance_up"":0.3,""stealth_jump"":true}",longblaster,15,11,4,6,1,656,"{""quick_respawn"":1.6,""intensify_action"":0.9,""quick_super_jump"":0.6,""ink_resistance_up"":0.3,""sub_resistance_up"":0.3,""comeback"":true,""stealth_jump"":true}",sharp_neo,6,6,0,3,5,1193,"{""special_charge_up"":1,""ink_saver_sub"":0.9,""ink_recovery_up"":0.3,""ink_resistance_up"":0.3,""quick_super_jump"":0.3,""special_saver"":0.3,""sub_resistance_up"":0.3,""swim_speed_up"":0.3,""last_ditch_effort"":true,""stealth_jump"":true}",wakaba,3,2,1,3,5,976,"{""ink_saver_sub"":2.9,""sub_power_up"":0.9,""ink_recovery_up"":0.3,""ink_resistance_up"":0.3,""swim_speed_up"":0.3,""last_ditch_effort"":true}",pablo,6,4,2,4,3,892,"{""quick_respawn"":1.6,""ink_saver_sub"":1,""ink_saver_main"":0.6,""quick_super_jump"":0.6,""special_saver"":0.3,""sub_resistance_up"":0.3,""swim_speed_up"":0.3,""stealth_jump"":true}",gold,#1 Overall Splatter,gold,#1 Enemy Splatter,gold,#1 Popular Target,
Sizzle Season 2025,2025-06-30T00:00:00+00:00,10.0.1,xmatch,hoko,negitoro,207,alpha,TRUE,,1607.0,3645,,100,e38d24ff,,3543,,0,1a1aafff,,sputtery_owl,10,9,1,5,3,1066,"{""quick_respawn"":1.6,""swim_speed_up"":0.9,""ink_resistance_up"":0.3,""ink_saver_sub"":0.3,""intensify_action"":0.3,""quick_super_jump"":0.3,""comeback"":true,""stealth_jump"":true}",fincent_hue,9,5,4,5,3,794,"{""special_charge_up"":1,""special_saver"":0.9,""ink_saver_main"":0.6,""quick_super_jump"":0.6,""ink_saver_sub"":0.3,""sub_resistance_up"":0.3,""ninja_squid"":true,""stealth_jump"":true}",examiner,8,6,2,2,3,857,"{""special_power_up"":1.6,""run_speed_up"":1.3,""quick_super_jump"":0.6,""special_charge_up"":0.6,""sub_resistance_up"":0.3,""swim_speed_up"":0.3,""stealth_jump"":true}",variableroller,3,3,0,4,3,928,"{""ink_saver_main"":1.3,""swim_speed_up"":1,""special_charge_up"":0.9,""special_saver"":0.6,""ink_resistance_up"":0.3,""quick_super_jump"":0.3,""special_power_up"":0.3,""stealth_jump"":true}",furo_deco,6,5,1,6,1,796,"{""swim_speed_up"":1.6,""ink_resistance_up"":0.6,""ink_saver_main"":0.6,""special_power_up"":0.3,""special_saver"":0.3,""sub_resistance_up"":0.3,""comeback"":true,""stealth_jump"":true}",promodeler_rg,5,4,1,5,6,1229,"{""special_charge_up"":4.7,""stealth_jump"":true}",splatroller,5,5,0,9,1,487,"{""swim_speed_up"":1.2,""quick_respawn"":0.6,""quick_super_jump"":0.6,""ink_resistance_up"":0.3,""comeback"":true,""ninja_squid"":true,""stealth_jump"":true}",dualsweeper,3,2,1,3,3,1031,"{""ink_saver_main"":1.9,""quick_respawn"":0.9,""quick_super_jump"":0.6,""ink_resistance_up"":0.3,""stealth_jump"":true,""thermal_ink"":true}",gold,#1 Overall Splatter,gold,Record-Score Setter,gold,#1 Score Booster,
Sizzle Season 2025,2025-06-30T00:00:00+00:00,10.0.1,bankara_open,area,gonzui,125,bravo,TRUE,,,2267,,0,3a0ccdff,,2457,,100,d0bf08ff,,sharp,3,2,1,5,0,467,"{""special_charge_up"":1,""swim_speed_up"":1,""ink_recovery_up"":0.6,""quick_super_jump"":0.6,""sub_power_up"":0.6,""ink_resistance_up"":0.3,""special_saver"":0.3,""sub_resistance_up"":0.3,""stealth_jump"":true}",examiner_hue,4,2,2,1,2,725,"{""run_speed_up"":2.3,""ink_resistance_up"":1.3,""ink_recovery_up"":0.6,""intensify_action"":0.3,""quick_respawn"":0.3,""special_charge_up"":0.3}",dualsweeper_tei,4,3,1,3,2,575,"{""ink_saver_main"":1,""sub_power_up"":0.6,""ink_recovery_up"":0.3,""ink_resistance_up"":0.3,""quick_super_jump"":0.3,""run_speed_up"":0.3,""sub_resistance_up"":0.3,""last_ditch_effort"":true,""stealth_jump"":true}",prime_collabo,3,3,0,5,1,500,"{""special_charge_up"":1.3,""swim_speed_up"":1.2,""special_power_up"":0.6,""ink_resistance_up"":0.3,""quick_super_jump"":0.3,""last_ditch_effort"":true,""stealth_jump"":true}",rpen_5h,7,3,4,0,3,791,"{""special_charge_up"":1.5,""ink_saver_main"":1.3,""special_power_up"":1,""ink_resistance_up"":0.3,""quick_super_jump"":0.3,""special_saver"":0.3,""respawn_punisher"":true}",dualsweeper,6,6,0,4,2,515,"{""quick_respawn"":1.6,""intensify_action"":0.6,""swim_speed_up"":0.6,""ink_resistance_up"":0.3,""quick_super_jump"":0.3,""sub_resistance_up"":0.3,""last_ditch_effort"":true,""stealth_jump"":true}",jimuwiper_fuu,5,3,2,3,2,657,"{""swim_speed_up"":1.9,""special_charge_up"":0.6,""ink_resistance_up"":0.3,""ink_saver_main"":0.3,""quick_super_jump"":0.3,""sub_resistance_up"":0.3,""comeback"":true,""stealth_jump"":true}",variableroller,4,2,2,3,1,494,"{""special_charge_up"":1.3,""quick_super_jump"":0.6,""special_power_up"":0.6,""swim_speed_up"":0.6,""ink_recovery_up"":0.3,""sub_resistance_up"":0.3,""last_ditch_effort"":true,""stealth_jump"":true}",silver,#2 Popular Target,silver,#2 Splat Assister,silver,#2 Splat Zone Guard,
Sizzle Season 2025,2025-06-30T00:00:00+00:00,10.0.1,xmatch,hoko,negitoro,314,bravo,FALSE,,1607.0,5201,,35,bfcd41ff,,4718,,50,6325cdff,,sputtery_owl,14,11,3,9,4,1417,"{""quick_respawn"":1.6,""swim_speed_up"":0.9,""ink_resistance_up"":0.3,""ink_saver_sub"":0.3,""intensify_action"":0.3,""quick_super_jump"":0.3,""comeback"":true,""stealth_jump"":true}",explosher_custom,12,8,4,6,4,1580,"{""ink_saver_main"":1.9,""sub_resistance_up"":0.6,""swim_speed_up"":0.6,""ink_resistance_up"":0.3,""quick_super_jump"":0.3,""haunt"":true,""last_ditch_effort"":true}",splatroller,5,2,3,9,4,925,"{""swim_speed_up"":1.2,""quick_respawn"":0.6,""quick_super_jump"":0.6,""ink_resistance_up"":0.3,""comeback"":true,""ninja_squid"":true,""stealth_jump"":true}",96gal_sou,8,7,1,7,4,1279,"{""ink_recovery_up"":1.3,""ink_saver_main"":1,""swim_speed_up"":1,""ink_resistance_up"":0.6,""quick_super_jump"":0.6,""special_saver"":0.6,""intensify_action"":0.3,""sub_resistance_up"":0.3}",maneuver_collabo,20,20,0,8,6,1785,"{""special_saver"":1.6,""swim_speed_up"":1.6,""run_speed_up"":0.6,""ink_recovery_up"":0.3,""quick_respawn"":0.3,""sub_power_up"":0.3,""comeback"":true}",dynamo_mei,6,5,1,8,3,823,"{""ink_saver_main"":1.8,""ink_resistance_up"":1,""ink_saver_sub"":0.3,""quick_respawn"":0.3,""sub_resistance_up"":0.3,""object_shredder"":true,""thermal_ink"":true}",hokusai_hue,6,5,1,5,4,1193,"{""sub_power_up"":2.3,""quick_respawn"":0.6,""ink_recovery_up"":0.3,""ink_resistance_up"":0.3,""ink_saver_sub"":0.3,""quick_super_jump"":0.3,""special_saver"":0.3,""swim_speed_up"":0.3,""stealth_jump"":true}",jetsweeper_custom,6,1,5,7,2,917,"{""ink_saver_sub"":2.6,""swim_speed_up"":1.6,""ink_saver_main"":0.9,""ink_resistance_up"":0.3,""sub_power_up"":0.3}",gold,#1 Overall Splatter,gold,Record-Score Setter,gold,#1 Score Booster,
Sizzle Season 2025,2025-06-30T00:00:00+00:00,10.0.1,bankara_open,area,takaashi,308,alpha,FALSE,,,5373,,96,9025c6ff,,5317,,71,cfb121ff,,sharp,15,9,6,6,7,1685,"{""special_charge_up"":1,""swim_speed_up"":1,""ink_recovery_up"":0.6,""quick_super_jump"":0.6,""sub_power_up"":0.6,""ink_resistance_up"":0.3,""special_saver"":0.3,""sub_resistance_up"":0.3,""stealth_jump"":true}",sputtery,21,17,4,9,5,983,"{""quick_respawn"":2.2,""quick_super_jump"":0.6,""ink_resistance_up"":0.3,""special_saver"":0.3,""sub_resistance_up"":0.3,""comeback"":true,""stealth_jump"":true}",bucketslosher,14,6,8,10,5,1302,"{""quick_respawn"":1.6,""quick_super_jump"":0.6,""swim_speed_up"":0.6,""ink_saver_sub"":0.3,""special_saver"":0.3,""sub_resistance_up"":0.3,""comeback"":true,""stealth_jump"":true}",prime_collabo,14,12,2,10,6,1403,"{""special_charge_up"":1.3,""swim_speed_up"":1.2,""special_power_up"":0.6,""ink_resistance_up"":0.3,""quick_super_jump"":0.3,""last_ditch_effort"":true,""stealth_jump"":true}",prime_frzn,18,14,4,11,2,1202,"{""ink_saver_main"":1.6,""special_charge_up"":1.3,""swim_speed_up"":1,""ink_saver_sub"":0.9,""special_power_up"":0.6,""ink_recovery_up"":0.3}",maneuver_collabo,8,7,1,11,6,1318,"{""quick_respawn"":1,""swim_speed_up"":0.9,""ink_resistance_up"":0.6,""ink_saver_main"":0.3,""quick_super_jump"":0.3,""run_speed_up"":0.3,""special_saver"":0.3,""comeback"":true,""stealth_jump"":true}",sputtery_hue,14,11,3,12,5,1257,"{""quick_respawn"":1.9,""quick_super_jump"":0.9,""ink_resistance_up"":0.3,""special_saver"":0.3,""sub_resistance_up"":0.3,""comeback"":true,""stealth_jump"":true}",splatspinner_pytn,5,3,2,10,8,1540,"{""run_speed_up"":2.3,""swim_speed_up"":0.6,""ink_resistance_up"":0.3,""intensify_action"":0.3,""special_charge_up"":0.3,""special_power_up"":0.3,""special_saver"":0.3,""stealth_jump"":true}",silver,#2 Overall Splatter,gold,#1 Turf Inker,silver,#1 Crab Tank User,
Sizzle Season 2025,2025-06-30T00:00:00+00:00,10.0.1,bankara_open,area,gonzui,82,bravo,TRUE,S+ 6,,1572,,0,a0c937ff,,1587,,100,ba30b0ff,,order_shelter_replica,0,0,0,4,1,300,"{""run_speed_up"":1.3,""swim_speed_up"":1.3,""ink_saver_main"":1,""special_charge_up"":0.6,""special_saver"":0.6,""quick_super_jump"":0.3,""special_power_up"":0.3,""sub_resistance_up"":0.3}",tristringer_tou,2,2,0,2,2,338,"{""special_charge_up"":1.8,""ink_recovery_up"":0.9,""drop_roller"":true,""last_ditch_effort"":true,""ninja_squid"":true}",dualsweeper_tei,2,1,1,2,2,548,"{""quick_respawn"":1.6,""intensify_action"":0.6,""quick_super_jump"":0.6,""swim_speed_up"":0.6,""ink_resistance_up"":0.3,""comeback"":true,""stealth_jump"":true}",l3reelgun,1,1,0,4,1,386,"{""swim_speed_up"":1.9,""ink_recovery_up"":1.3,""special_power_up"":1,""intensify_action"":0.6,""special_charge_up"":0.6,""quick_respawn"":0.3}",bucketslosher,9,7,2,1,1,422,"{""quick_respawn"":1.9,""swim_speed_up"":0.9,""ink_resistance_up"":0.3,""quick_super_jump"":0.3,""special_saver"":0.3,""comeback"":true,""stealth_jump"":true}",longblaster_custom,7,4,3,1,1,288,"{""intensify_action"":1,""ink_saver_sub"":0.6,""quick_respawn"":0.6,""quick_super_jump"":0.6,""swim_speed_up"":0.6,""special_saver"":0.3,""last_ditch_effort"":true,""stealth_jump"":true}",moprin_kaku,2,1,1,0,1,551,"{""swim_speed_up"":1.3,""special_charge_up"":0.6,""special_saver"":0.6,""ink_resistance_up"":0.3,""ink_saver_main"":0.3,""quick_super_jump"":0.3,""sub_resistance_up"":0.3,""comeback"":true,""stealth_jump"":true}",variableroller,0,0,0,2,1,326,"{""swim_speed_up"":1.6,""ink_recovery_up"":0.6,""ink_saver_main"":0.6,""ink_resistance_up"":0.3,""quick_super_jump"":0.3,""special_charge_up"":0.3,""last_ditch_effort"":true,""stealth_jump"":true}",,,,,,,
Sizzle Season 2025,2025-06-30T00:00:00+00:00,10.0.1,bankara_open,area,gonzui,80,alpha,TRUE,,,1584,,100,1ec0adff,,1391,,0,d74b31ff,,sharp,6,3,3,1,1,461,"{""special_charge_up"":1,""swim_speed_up"":1,""ink_recovery_up"":0.6,""quick_super_jump"":0.6,""sub_power_up"":0.6,""ink_resistance_up"":0.3,""special_saver"":0.3,""sub_resistance_up"":0.3,""stealth_jump"":true}",prime_collabo,5,5,0,1,1,392,"{""special_charge_up"":1.3,""swim_speed_up"":1.2,""special_power_up"":0.6,""ink_resistance_up"":0.3,""quick_super_jump"":0.3,""last_ditch_effort"":true,""stealth_jump"":true}",splatroller,5,5,0,1,1,338,"{""swim_speed_up"":1.3,""quick_super_jump"":1.2,""ink_saver_sub"":0.6,""ink_resistance_up"":0.3,""sub_resistance_up"":0.3,""ninja_squid"":true,""stealth_jump"":true}",tristringer_tou,4,2,2,1,1,393,"{""run_speed_up"":1,""special_power_up"":0.6,""swim_speed_up"":0.6,""ink_recovery_up"":0.3,""ink_resistance_up"":0.3,""quick_super_jump"":0.3,""sub_power_up"":0.3,""sub_resistance_up"":0.3,""last_ditch_effort"":true,""stealth_jump"":true}",tristringer_tou,2,2,0,3,0,352,"{""run_speed_up"":1.6,""quick_super_jump"":1,""special_charge_up"":1,""special_saver"":0.9,""ink_recovery_up"":0.3,""ink_resistance_up"":0.3,""sub_resistance_up"":0.3}",quadhopper_white,1,1,0,4,0,383,"{""quick_respawn"":2.2,""quick_super_jump"":0.6,""ink_resistance_up"":0.3,""special_saver"":0.3,""sub_resistance_up"":0.3,""comeback"":true,""stealth_jump"":true}",order_maneuver_replica,0,0,0,4,0,364,"{""quick_respawn"":1.9,""special_charge_up"":0.6,""swim_speed_up"":0.6,""quick_super_jump"":0.3,""sub_resistance_up"":0.3,""comeback"":true,""stealth_jump"":true}",wakaba,1,1,0,4,0,292,"{""ink_saver_sub"":2.9,""sub_power_up"":1,""ink_recovery_up"":0.6,""swim_speed_up"":0.6,""quick_super_jump"":0.3,""special_saver"":0.3}",gold,#1 Overall Splatter,gold,#1 Splat Zone Guard,gold,#1 Splat Zone Inker,
Sizzle Season 2025,2025-06-30T00:00:00+00:00,10.0.1,xmatch,hoko,kusaya,300,alpha,FALSE,,1607.0,5117,,69,3a0ccdff,,5025,,0,d0bf08ff,,sputtery_owl,9,5,4,8,4,1266,"{""quick_respawn"":1.6,""swim_speed_up"":0.9,""ink_resistance_up"":0.3,""ink_saver_sub"":0.3,""intensify_action"":0.3,""quick_super_jump"":0.3,""comeback"":true,""stealth_jump"":true}",hotblaster_custom,20,18,2,5,4,1074,"{""swim_speed_up"":2.3,""special_charge_up"":1.9,""ink_saver_main"":0.6,""intensify_action"":0.6,""sub_power_up"":0.3}",barrelspinner,9,6,3,3,3,1423,"{""run_speed_up"":2.9,""ink_resistance_up"":0.6,""intensify_action"":0.6,""quick_super_jump"":0.3,""swim_speed_up"":0.3,""stealth_jump"":true}",furuido,11,8,3,6,5,1354,"{""ink_saver_main"":1,""swim_speed_up"":1,""run_speed_up"":0.9,""ink_resistance_up"":0.3,""intensify_action"":0.3,""object_shredder"":true}",explosher_custom,9,8,1,10,3,1500,"{""ink_recovery_up"":2.5,""ink_saver_main"":2.2,""swim_speed_up"":1}",hydra_atsu,8,4,4,7,3,1271,"{""run_speed_up"":2.3,""swim_speed_up"":1,""ink_resistance_up"":0.9,""intensify_action"":0.6,""quick_super_jump"":0.6,""special_saver"":0.3}",splatroller,6,6,0,9,4,1027,"{""swim_speed_up"":1.2,""quick_respawn"":0.6,""quick_super_jump"":0.6,""ink_resistance_up"":0.3,""comeback"":true,""ninja_squid"":true,""stealth_jump"":true}",nzap89,5,4,1,11,5,1227,"{""run_speed_up"":1.9,""special_charge_up"":1.6,""swim_speed_up"":1,""ink_saver_main"":0.3,""ink_saver_sub"":0.3,""quick_respawn"":0.3}",gold,#1 Splat Assister,silver,#1 Checkpoint Breaker,gold,#1 Score Booster,
Sizzle Season 2025,2025-06-30T00:00:00+00:00,10.0.1,bankara_open,area,takaashi,152,alpha,TRUE,,,3053,,100,df6624ff,,3027,,0,343bc4ff,,sharp,8,6,2,3,2,705,"{""special_charge_up"":1,""swim_speed_up"":1,""ink_recovery_up"":0.6,""quick_super_jump"":0.6,""sub_power_up"":0.6,""ink_resistance_up"":0.3,""special_saver"":0.3,""sub_resistance_up"":0.3,""stealth_jump"":true}",sharp,3,1,2,2,3,1058,"{""swim_speed_up"":1.9,""special_charge_up"":1,""sub_power_up"":0.9,""ink_resistance_up"":0.6,""quick_super_jump"":0.3,""stealth_jump"":true}",prime_collabo,7,6,1,4,2,736,"{""special_charge_up"":1.3,""swim_speed_up"":1.2,""special_power_up"":0.6,""ink_resistance_up"":0.3,""quick_super_jump"":0.3,""last_ditch_effort"":true,""stealth_jump"":true}",fincent,4,4,0,6,2,554,"{""swim_speed_up"":1,""ink_recovery_up"":0.6,""ink_saver_main"":0.6,""quick_super_jump"":0.6,""ink_resistance_up"":0.3,""special_saver"":0.3,""sub_resistance_up"":0.3,""comeback"":true,""stealth_jump"":true}",prime_frzn,8,6,2,4,3,786,"{""special_charge_up"":1.3,""swim_speed_up"":1.3,""intensify_action"":0.9,""ink_resistance_up"":0.3,""ink_saver_sub"":0.3,""quick_super_jump"":0.3,""special_saver"":0.3,""stealth_jump"":true}",jimuwiper,6,5,1,4,3,779,"{""swim_speed_up"":1,""ink_saver_main"":0.6,""sub_power_up"":0.6,""ink_resistance_up"":0.3,""quick_super_jump"":0.3,""special_power_up"":0.3,""special_saver"":0.3,""sub_resistance_up"":0.3,""comeback"":true,""stealth_jump"":true}",dualsweeper_custom,4,2,2,6,2,675,"{""swim_speed_up"":1,""ink_saver_main"":0.6,""sub_power_up"":0.6,""ink_recovery_up"":0.3,""ink_resistance_up"":0.3,""quick_super_jump"":0.3,""special_power_up"":0.3,""special_saver"":0.3,""comeback"":true,""stealth_jump"":true}",sshooter,3,2,1,3,3,787,"{""swim_speed_up"":1.9,""intensify_action"":0.6,""quick_super_jump"":0.6,""ink_resistance_up"":0.3,""sub_resistance_up"":0.3,""comeback"":true,""stealth_jump"":true}",gold,#1 Overall Splatter,gold,#1 Splat Zone Guard,gold,#1 Popular Target,
Sizzle Season 2025,2025-06-30T00:00:00+00:00,10.0.1,bankara_open,area,gonzui,298,alpha,FALSE,S+ 6,,5041,,91,a0c937ff,,5043,,32,ba30b0ff,,order_shelter_replica,9,7,2,8,5,1232,"{""run_speed_up"":1.3,""swim_speed_up"":1.3,""ink_saver_main"":1,""special_charge_up"":0.6,""special_saver"":0.6,""quick_super_jump"":0.3,""special_power_up"":0.3,""sub_resistance_up"":0.3}",wideroller_waku,9,8,1,9,2,936,"{""quick_respawn"":1.3,""ink_saver_main"":0.6,""ink_saver_sub"":0.6,""ink_recovery_up"":0.3,""ink_resistance_up"":0.3,""quick_super_jump"":0.3,""sub_resistance_up"":0.3,""comeback"":true,""stealth_jump"":true}",furuido,7,5,2,0,3,1591,"{""ink_saver_main"":2.6,""swim_speed_up"":1,""ink_resistance_up"":0.9,""special_power_up"":0.6,""quick_super_jump"":0.3,""special_saver"":0.3}",bold,7,5,2,6,5,1282,"{""swim_speed_up"":2.6,""run_speed_up"":1.3,""ink_resistance_up"":0.9,""intensify_action"":0.3,""special_saver"":0.3}",variableroller,14,12,2,9,5,1489,"{""ink_recovery_up"":1,""ink_saver_main"":0.9,""special_charge_up"":0.9,""swim_speed_up"":0.9,""drop_roller"":true,""ninja_squid"":true}",brella24mk2,8,4,4,6,6,1248,"{""ink_saver_main"":1,""special_charge_up"":1,""swim_speed_up"":1,""run_speed_up"":0.9,""quick_super_jump"":0.6,""special_saver"":0.6,""ink_recovery_up"":0.3,""sub_resistance_up"":0.3}",examiner_hue,1,0,1,6,5,1135,"{""ink_saver_sub"":1.6,""run_speed_up"":1.3,""special_saver"":1,""special_charge_up"":0.9,""ink_saver_main"":0.6,""swim_speed_up"":0.3}",tristringer_tou,10,7,3,4,7,1171,"{""special_charge_up"":0.9,""swim_speed_up"":0.6,""ink_recovery_up"":0.3,""ink_saver_sub"":0.3,""special_power_up"":0.3,""special_saver"":0.3,""drop_roller"":true,""tenacity"":true,""thermal_ink"":true}",gold,#1 Overall Splatter,gold,#1 Splat Assister,gold,#1 Splat Zone Guard,
Sizzle Season 2025,2025-06-30T00:00:00+00:00,10.0.1,bankara_open,area,gonzui,100,bravo,TRUE,,,1875,,0,a0c937ff,,1710,,100,ba30b0ff,,sharp,3,0,3,3,3,550,"{""special_charge_up"":1,""swim_speed_up"":1,""ink_recovery_up"":0.6,""quick_super_jump"":0.6,""sub_power_up"":0.6,""ink_resistance_up"":0.3,""special_saver"":0.3,""sub_resistance_up"":0.3,""stealth_jump"":true}",prime_collabo,4,4,0,4,2,540,"{""special_charge_up"":1.3,""swim_speed_up"":1.2,""special_power_up"":0.6,""ink_resistance_up"":0.3,""quick_super_jump"":0.3,""last_ditch_effort"":true,""stealth_jump"":true}",sharp,0,0,0,4,2,446,"{""swim_speed_up"":1.9,""special_charge_up"":1,""sub_power_up"":0.9,""ink_resistance_up"":0.6,""quick_super_jump"":0.3,""stealth_jump"":true}",fincent,3,3,0,4,1,339,"{""swim_speed_up"":1,""ink_recovery_up"":0.6,""ink_saver_main"":0.6,""quick_super_jump"":0.6,""ink_resistance_up"":0.3,""special_saver"":0.3,""sub_resistance_up"":0.3,""comeback"":true,""stealth_jump"":true}",liter4k_scope,8,6,2,0,1,470,"{""ink_recovery_up"":2.2,""swim_speed_up"":2.2,""ink_resistance_up"":0.3,""respawn_punisher"":true}",h3reelgun_snak,5,1,4,3,0,344,"{""special_charge_up"":1.3,""ink_saver_main"":0.6,""quick_super_jump"":0.3,""special_saver"":0.3,""sub_power_up"":0.3,""sub_resistance_up"":0.3,""comeback"":true,""stealth_jump"":true}",jimuwiper,6,3,3,2,1,479,"{""quick_respawn"":1.6,""ink_saver_main"":0.6,""ink_recovery_up"":0.3,""ink_resistance_up"":0.3,""quick_super_jump"":0.3,""special_power_up"":0.3,""sub_power_up"":0.3,""comeback"":true,""stealth_jump"":true}",quadhopper_white,6,5,1,2,1,417,"{""quick_respawn"":2.9,""quick_super_jump"":0.6,""special_power_up"":0.6,""special_saver"":0.6,""stealth_jump"":true}",gold,#1 Splat Assister,gold,#1 Super Jump Spot,gold,#1 Turf Inker,
Sizzle Season 2025,2025-06-30T00:00:00+00:00,10.0.1,xmatch,hoko,kusaya,307,alpha,FALSE,,1632.0,5512,,94,d74b31ff,,5412,,27,1ec0adff,,sputtery_owl,14,9,5,7,5,1474,"{""quick_respawn"":1.6,""swim_speed_up"":0.9,""ink_resistance_up"":0.3,""ink_saver_sub"":0.3,""intensify_action"":0.3,""quick_super_jump"":0.3,""comeback"":true,""stealth_jump"":true}",fincent_hue,20,14,6,7,5,1227,"{""special_charge_up"":1.6,""ink_saver_main"":1,""swim_speed_up"":1,""quick_respawn"":0.3,""quick_super_jump"":0.3}",sshooter,11,8,3,8,5,1398,"{""intensify_action"":1.3,""ink_saver_sub"":0.6,""sub_power_up"":0.6,""special_power_up"":0.3,""special_saver"":0.3,""sub_resistance_up"":0.3,""swim_speed_up"":0.3,""comeback"":true,""stealth_jump"":true}",jetsweeper_cobr,10,6,4,7,5,1413,"{""ink_saver_main"":2.8,""ink_recovery_up"":1,""swim_speed_up"":1,""run_speed_up"":0.9}",sshooter,13,9,4,9,3,1248,"{""swim_speed_up"":1.3,""intensify_action"":1.2,""ink_resistance_up"":1,""ink_saver_sub"":1,""special_charge_up"":0.6,""ink_recovery_up"":0.3,""ink_saver_main"":0.3}",order_spinner_replica,11,7,4,8,4,1492,"{""run_speed_up"":4.8,""intensify_action"":0.3,""quick_super_jump"":0.3,""swim_speed_up"":0.3}",sputtery_hue,11,9,2,10,4,1279,"{""special_saver"":2.2,""special_charge_up"":1.2,""ink_saver_sub"":1,""swim_speed_up"":0.3,""ninja_squid"":true}",promodeler_rg,7,4,3,10,6,1393,"{""special_charge_up"":5.4,""special_power_up"":0.3}",gold,#1 Turf Inker,gold,Record-Score Setter,gold,#1 Score Booster,
Sizzle Season 2025,2025-06-30T00:00:00+00:00,10.0.1,bankara_open,area,gonzui,90,alpha,TRUE,,,1708,,100,d0bf08ff,,1534,,0,3a0ccdff,,sharp,5,4,1,1,1,428,"{""special_charge_up"":1,""swim_speed_up"":1,""ink_recovery_up"":0.6,""quick_super_jump"":0.6,""sub_power_up"":0.6,""ink_resistance_up"":0.3,""special_saver"":0.3,""sub_resistance_up"":0.3,""stealth_jump"":true}",bucketslosher,6,5,1,2,0,375,"{""quick_respawn"":2.6,""ink_saver_sub"":0.3,""intensify_action"":0.3,""special_saver"":0.3,""swim_speed_up"":0.3,""stealth_jump"":true}",prime_collabo,2,1,1,0,2,576,"{""special_charge_up"":1.3,""swim_speed_up"":1.2,""special_power_up"":0.6,""ink_resistance_up"":0.3,""quick_super_jump"":0.3,""last_ditch_effort"":true,""stealth_jump"":true}",jimuwiper,4,3,1,5,0,329,"{""quick_respawn"":1.6,""ink_saver_main"":0.6,""ink_recovery_up"":0.3,""ink_resistance_up"":0.3,""quick_super_jump"":0.3,""special_power_up"":0.3,""sub_power_up"":0.3,""comeback"":true,""stealth_jump"":true}",hokusai,4,4,0,3,2,376,"{""swim_speed_up"":1.8,""sub_power_up"":0.6,""ink_resistance_up"":0.3,""comeback"":true,""ninja_squid"":true,""stealth_jump"":true}",jimuwiper_fuu,2,2,0,3,2,435,"{""swim_speed_up"":1.6,""ink_saver_main"":0.6,""ink_recovery_up"":0.3,""ink_resistance_up"":0.3,""quick_super_jump"":0.3,""special_saver"":0.3,""sub_resistance_up"":0.3,""comeback"":true,""stealth_jump"":true}",jimuwiper_fuu,2,2,0,4,1,350,"{""swim_speed_up"":1.6,""quick_super_jump"":0.9,""quick_respawn"":0.6,""ink_saver_main"":0.3,""special_power_up"":0.3,""ninja_squid"":true,""stealth_jump"":true}",splatscope_frst,0,0,0,3,2,373,"{""special_charge_up"":1.9,""special_power_up"":1.9,""swim_speed_up"":1,""run_speed_up"":0.6,""ink_resistance_up"":0.3}",gold,#1 Splat Assister,gold,#1 Splat Zone Guard,gold,#1 Popular Target,
Sizzle Season 2025,2025-06-30T00:00:00+00:00,10.0.1,xmatch,hoko,negitoro,300,alpha,FALSE,,1632.0,5511,,68,a0c937ff,,5089,,28,ba30b0ff,,sputtery_owl,19,13,6,8,5,1457,"{""quick_respawn"":1.6,""swim_speed_up"":0.9,""ink_resistance_up"":0.3,""ink_saver_sub"":0.3,""intensify_action"":0.3,""quick_super_jump"":0.3,""comeback"":true,""stealth_jump"":true}",spaceshooter,9,4,5,5,5,1031,"{""special_charge_up"":3.4,""special_power_up"":1,""sub_power_up"":0.3,""tenacity"":true}",jetsweeper_cobr,11,4,7,5,3,1239,"{""ink_saver_main"":2.8,""ink_recovery_up"":1,""swim_speed_up"":1,""run_speed_up"":0.9}",promodeler_mg,13,11,2,6,7,1784,"{""swim_speed_up"":3.6,""ink_saver_main"":0.6,""special_power_up"":0.6,""intensify_action"":0.3,""run_speed_up"":0.3}",momiji,10,6,4,7,5,1261,"{""swim_speed_up"":1.6,""special_power_up"":1,""sub_power_up"":1,""ink_saver_sub"":0.6,""special_charge_up"":0.6,""ink_recovery_up"":0.3,""ink_resistance_up"":0.3,""sub_resistance_up"":0.3}",sshooter_kou,8,8,0,10,5,1170,"{""swim_speed_up"":1,""intensify_action"":0.9,""ink_resistance_up"":0.6,""quick_super_jump"":0.6,""run_speed_up"":0.3,""sub_resistance_up"":0.3,""comeback"":true,""stealth_jump"":true}",96gal_sou,6,5,1,6,2,1415,"{""swim_speed_up"":1.9,""intensify_action"":1.2,""quick_super_jump"":0.3,""sub_resistance_up"":0.3,""comeback"":true,""stealth_jump"":true}",furuido,5,5,0,10,5,1243,"{""ink_saver_sub"":5.4,""special_power_up"":0.3}",gold,#1 Overall Splatter,gold,#1 Popular Target,gold,Record-Score Setter,
Sizzle Season 2025,2025-06-30T00:00:00+00:00,10.0.1,bankara_open,area,takaashi,300,alpha,FALSE,S+ 6,,5404,,94,cd510aff,,5464,,62,6e04b6ff,,order_shelter_replica,11,9,2,7,5,1376,"{""run_speed_up"":1.3,""swim_speed_up"":1.3,""ink_saver_main"":1,""special_charge_up"":0.6,""special_saver"":0.6,""quick_super_jump"":0.3,""special_power_up"":0.3,""sub_resistance_up"":0.3}",sharp_geck,8,6,2,9,5,1659,"{""swim_speed_up"":1.9,""ink_recovery_up"":0.6,""quick_super_jump"":0.6,""quick_respawn"":0.3,""comeback"":true,""stealth_jump"":true}",furuido,8,8,0,6,4,1303,"{""ink_saver_main"":2.6,""swim_speed_up"":1,""ink_resistance_up"":0.9,""special_power_up"":0.6,""quick_super_jump"":0.3,""special_saver"":0.3}",brella24mk2,7,5,2,7,4,1066,"{""ink_saver_main"":1,""special_charge_up"":1,""swim_speed_up"":1,""run_speed_up"":0.9,""quick_super_jump"":0.6,""special_saver"":0.6,""ink_recovery_up"":0.3,""sub_resistance_up"":0.3}",prime,14,11,3,8,4,1026,"{""swim_speed_up"":2.2,""intensify_action"":1.3,""ink_saver_main"":1,""ink_recovery_up"":0.6,""ink_resistance_up"":0.6}",nautilus47,12,6,6,6,6,1390,"{""run_speed_up"":2.3,""swim_speed_up"":0.9,""ink_resistance_up"":0.6,""quick_super_jump"":0.6,""sub_resistance_up"":0.3,""stealth_jump"":true}",promodeler_mg,7,4,3,7,8,2104,"{""special_power_up"":4.7,""respawn_punisher"":true}",tristringer_tou,9,8,1,8,3,944,"{""ink_recovery_up"":1.3,""swim_speed_up"":0.9,""quick_super_jump"":0.6,""ink_saver_main"":0.3,""quick_respawn"":0.3,""run_speed_up"":0.3,""comeback"":true,""stealth_jump"":true}",gold,#1 Overall Splatter,gold,#1 Popular Target,gold,#1 Splat Zone Inker,
Sizzle Season 2025,2025-06-30T00:00:00+00:00,10.0.1,bankara_open,area,takaashi,257,bravo,TRUE,,,4469,,0,1ec0adff,,4449,,100,d74b31ff,,sharp,6,4,2,5,5,1365,"{""special_charge_up"":1,""swim_speed_up"":1,""ink_recovery_up"":0.6,""quick_super_jump"":0.6,""sub_power_up"":0.6,""ink_resistance_up"":0.3,""special_saver"":0.3,""sub_resistance_up"":0.3,""stealth_jump"":true}",jimuwiper,8,5,3,12,3,930,"{""quick_respawn"":1.6,""ink_saver_main"":0.6,""ink_recovery_up"":0.3,""ink_resistance_up"":0.3,""quick_super_jump"":0.3,""special_power_up"":0.3,""sub_power_up"":0.3,""comeback"":true,""stealth_jump"":true}",prime_collabo,6,4,2,5,6,1308,"{""special_charge_up"":1.3,""swim_speed_up"":1.2,""special_power_up"":0.6,""ink_resistance_up"":0.3,""quick_super_jump"":0.3,""last_ditch_effort"":true,""stealth_jump"":true}",sshooter_collabo,4,4,0,10,2,866,"{""swim_speed_up"":1.6,""intensify_action"":0.9,""quick_respawn"":0.6,""ink_saver_main"":0.3,""special_power_up"":0.3,""ninja_squid"":true,""stealth_jump"":true}",dualsweeper,17,6,11,4,4,1060,"{""quick_respawn"":1.6,""intensify_action"":0.6,""swim_speed_up"":0.6,""ink_resistance_up"":0.3,""quick_super_jump"":0.3,""sub_resistance_up"":0.3,""last_ditch_effort"":true,""stealth_jump"":true}",rpen_5h,11,4,7,2,4,1238,"{""special_charge_up"":1.5,""ink_saver_main"":1.3,""special_power_up"":1,""ink_resistance_up"":0.3,""quick_super_jump"":0.3,""special_saver"":0.3,""respawn_punisher"":true}",jimuwiper,16,12,4,6,4,983,"{""quick_respawn"":1.6,""swim_speed_up"":0.6,""ink_resistance_up"":0.3,""ink_saver_main"":0.3,""quick_super_jump"":0.3,""special_power_up"":0.3,""sub_power_up"":0.3,""comeback"":true,""stealth_jump"":true}",variableroller,13,10,3,5,4,1168,"{""special_charge_up"":1.3,""quick_super_jump"":0.6,""special_power_up"":0.6,""swim_speed_up"":0.6,""ink_recovery_up"":0.3,""sub_resistance_up"":0.3,""last_ditch_effort"":true,""stealth_jump"":true}",gold,#1 Splat Zone Guard,silver,#1 Ground Traveler,gold,#1 Turf Inker,
Sizzle Season 2025,2025-06-30T00:00:00+00:00,10.0.1,bankara_open,area,gonzui,85,alpha,TRUE,,,1817,,100,cd510aff,,1615,,0,6e04b6ff,,sharp,4,4,0,0,2,499,"{""special_charge_up"":1,""swim_speed_up"":1,""ink_recovery_up"":0.6,""quick_super_jump"":0.6,""sub_power_up"":0.6,""ink_resistance_up"":0.3,""special_saver"":0.3,""sub_resistance_up"":0.3,""stealth_jump"":true}",splatspinner_pytn,0,0,0,0,2,561,"{""run_speed_up"":2.6,""special_charge_up"":0.6,""sub_resistance_up"":0.6,""ink_resistance_up"":0.3,""quick_super_jump"":0.3,""sub_power_up"":0.3,""object_shredder"":true}",prime_collabo,3,3,0,2,0,331,"{""special_charge_up"":1.3,""swim_speed_up"":1.2,""special_power_up"":0.6,""ink_resistance_up"":0.3,""quick_super_jump"":0.3,""last_ditch_effort"":true,""stealth_jump"":true}",fincent,2,2,0,1,1,426,"{""swim_speed_up"":1,""ink_recovery_up"":0.6,""ink_saver_main"":0.6,""quick_super_jump"":0.6,""ink_resistance_up"":0.3,""special_saver"":0.3,""sub_resistance_up"":0.3,""comeback"":true,""stealth_jump"":true}",sputtery,3,3,0,5,1,333,"{""quick_respawn"":2.2,""quick_super_jump"":0.6,""ink_resistance_up"":0.3,""special_saver"":0.3,""sub_resistance_up"":0.3,""comeback"":true,""stealth_jump"":true}",sshooter_kou,0,0,0,0,2,488,"{""quick_respawn"":1.9,""swim_speed_up"":1,""special_power_up"":0.6,""ink_resistance_up"":0.3,""special_charge_up"":0.3,""special_saver"":0.3,""sub_resistance_up"":0.3,""comeback"":true}",splatspinner_pytn,1,0,1,2,2,392,"{""run_speed_up"":1.6,""sub_power_up"":1,""ink_resistance_up"":0.6,""special_charge_up"":0.6,""intensify_action"":0.3,""quick_super_jump"":0.3,""sub_resistance_up"":0.3,""object_shredder"":true}",campingshelter_sorella,0,0,0,2,1,402,"{""run_speed_up"":1.9,""ink_saver_main"":1,""special_charge_up"":1,""ink_recovery_up"":0.9,""sub_resistance_up"":0.6,""ink_resistance_up"":0.3}",gold,#1 Overall Splatter,gold,#1 Enemy Splatter,gold,#1 Popular Target,
Sizzle Season 2025,2025-06-30T00:00:00+00:00,10.0.1,bankara_open,area,gonzui,93,bravo,TRUE,S+ 6,,1639,,0,ba30b0ff,,1773,,100,a0c937ff,,order_shelter_replica,1,1,0,4,1,543,"{""run_speed_up"":1.3,""swim_speed_up"":1.3,""ink_saver_main"":1,""special_charge_up"":0.6,""special_saver"":0.6,""quick_super_jump"":0.3,""special_power_up"":0.3,""sub_resistance_up"":0.3}",fincent,2,2,0,5,0,202,"{""ink_saver_main"":2,""special_charge_up"":0.6,""special_saver"":0.6,""ink_recovery_up"":0.3,""quick_respawn"":0.3,""special_power_up"":0.3,""sub_resistance_up"":0.3,""swim_speed_up"":0.3,""comeback"":true}",furuido,0,0,0,3,1,446,"{""ink_saver_main"":2.6,""swim_speed_up"":1,""ink_resistance_up"":0.9,""special_power_up"":0.6,""quick_super_jump"":0.3,""special_saver"":0.3}",order_maneuver_replica,0,0,0,4,2,448,"{""swim_speed_up"":2.5,""ink_recovery_up"":0.3,""ink_resistance_up"":0.3,""special_saver"":0.3,""sub_resistance_up"":0.3,""ninja_squid"":true,""stealth_jump"":true}",pablo,9,6,3,1,2,571,"{""quick_respawn"":1.9,""special_charge_up"":0.9,""quick_super_jump"":0.3,""special_saver"":0.3,""sub_resistance_up"":0.3,""comeback"":true,""stealth_jump"":true}",sputtery_owl,3,1,2,0,1,404,"{""swim_speed_up"":2.9,""run_speed_up"":1.9,""ink_resistance_up"":0.3,""special_charge_up"":0.3,""special_saver"":0.3}",hotblaster_en,6,4,2,0,1,356,"{""quick_respawn"":2.5,""swim_speed_up"":1.6,""quick_super_jump"":0.6,""stealth_jump"":true}",sshooter,5,5,0,2,1,442,"{""swim_speed_up"":1.6,""intensify_action"":0.9,""quick_super_jump"":0.6,""ink_resistance_up"":0.3,""sub_resistance_up"":0.3,""comeback"":true,""stealth_jump"":true}",gold,#1 Super Jump Spot,silver,#2 Overall Splatter,gold,#1 Turf Inker,
Sizzle Season 2025,2025-06-30T00:00:00+00:00,10.0.1,xmatch,hoko,negitoro,300,alpha,FALSE,,1632.0,5520,,61,1bbfabff,,5636,,46,c43a6eff,,sputtery_owl,13,10,3,7,5,1551,"{""quick_respawn"":1.6,""swim_speed_up"":0.9,""ink_resistance_up"":0.3,""ink_saver_sub"":0.3,""intensify_action"":0.3,""quick_super_jump"":0.3,""comeback"":true,""stealth_jump"":true}",sputtery_hue,12,11,1,9,0,1159,"{""quick_respawn"":1.6,""ink_saver_sub"":0.9,""quick_super_jump"":0.6,""swim_speed_up"":0.6,""comeback"":true,""stealth_jump"":true}",tristringer,8,2,6,5,5,1259,"{""ink_saver_sub"":2.8,""sub_power_up"":1,""ink_saver_main"":0.9,""thermal_ink"":true}",nzap89,12,10,2,6,5,1551,"{""ink_saver_sub"":1.8,""swim_speed_up"":1.6,""quick_super_jump"":0.3,""drop_roller"":true,""ninja_squid"":true}",sputtery,12,10,2,7,2,1024,"{""sub_power_up"":2.8,""swim_speed_up"":0.9,""ninja_squid"":true,""stealth_jump"":true}",hydra_atsu,9,8,1,8,4,1438,"{""run_speed_up"":3.5,""swim_speed_up"":0.6,""ink_resistance_up"":0.3,""quick_super_jump"":0.3,""object_shredder"":true}",promodeler_rg,3,2,1,9,8,2201,"{""special_power_up"":3,""ink_recovery_up"":0.6,""ink_saver_main"":0.6,""special_charge_up"":0.6,""ink_resistance_up"":0.3,""intensify_action"":0.3}",sputtery_hue,6,5,1,10,4,973,"{""ink_recovery_up"":1,""quick_respawn"":1,""quick_super_jump"":1,""special_saver"":0.9,""ink_saver_main"":0.6,""ink_resistance_up"":0.3,""intensify_action"":0.3,""special_power_up"":0.3,""sub_resistance_up"":0.3}",gold,#1 Overall Splatter,gold,#1 Turf Inker,silver,First Splat!,
Sizzle Season 2025,2025-06-30T00:00:00+00:00,10.0.1,bankara_open,area,takaashi,259,bravo,TRUE,,,4580,,0,e38d24ff,,4725,,100,1a1aafff,,sharp,7,4,3,8,5,1394,"{""special_charge_up"":1,""swim_speed_up"":1,""ink_recovery_up"":0.6,""quick_super_jump"":0.6,""sub_power_up"":0.6,""ink_resistance_up"":0.3,""special_saver"":0.3,""sub_resistance_up"":0.3,""stealth_jump"":true}",sputtery,14,10,4,8,4,897,"{""quick_respawn"":2.2,""quick_super_jump"":0.6,""ink_resistance_up"":0.3,""special_saver"":0.3,""sub_resistance_up"":0.3,""comeback"":true,""stealth_jump"":true}",prime_collabo,8,6,2,9,4,1374,"{""special_charge_up"":1.3,""swim_speed_up"":1.2,""special_power_up"":0.6,""ink_resistance_up"":0.3,""quick_super_jump"":0.3,""last_ditch_effort"":true,""stealth_jump"":true}",fincent,6,6,0,11,3,915,"{""swim_speed_up"":1,""ink_recovery_up"":0.6,""ink_saver_main"":0.6,""quick_super_jump"":0.6,""ink_resistance_up"":0.3,""special_saver"":0.3,""sub_resistance_up"":0.3,""comeback"":true,""stealth_jump"":true}",sshooter_kou,20,15,5,7,3,928,"{""special_power_up"":1,""intensify_action"":0.6,""quick_super_jump"":0.6,""swim_speed_up"":0.6,""ink_recovery_up"":0.3,""ink_resistance_up"":0.3,""sub_resistance_up"":0.3,""comeback"":true,""stealth_jump"":true}",rpen_5h,13,8,5,5,5,1363,"{""special_charge_up"":1.6,""special_power_up"":1.3,""ink_saver_main"":0.6,""quick_super_jump"":0.6,""ink_recovery_up"":0.3,""ink_resistance_up"":0.3,""last_ditch_effort"":true}",splatspinner_pytn,15,10,5,5,6,1322,"{""run_speed_up"":1.6,""special_charge_up"":1.3,""ink_resistance_up"":0.6,""sub_power_up"":0.6,""intensify_action"":0.3,""sub_resistance_up"":0.3,""object_shredder"":true}",nautilus79,7,3,4,9,4,1112,"{""swim_speed_up"":1.3,""run_speed_up"":0.6,""ink_resistance_up"":0.3,""ink_saver_sub"":0.3,""quick_super_jump"":0.3,""special_saver"":0.3,""comeback"":true,""stealth_jump"":true}",gold,#1 Turf Inker,silver,#2 Splat Zone Inker,silver,#1 Crab Tank User,
Sizzle Season 2025,2025-06-30T00:00:00+00:00,10.0.1,bankara_open,area,takaashi,303,alpha,FALSE,S+ 6,,5143,,91,a0c937ff,,5443,,90,ba30b0ff,,order_shelter_replica,8,6,2,10,7,1482,"{""run_speed_up"":1.3,""swim_speed_up"":1.3,""ink_saver_main"":1,""special_charge_up"":0.6,""special_saver"":0.6,""quick_super_jump"":0.3,""special_power_up"":0.3,""sub_resistance_up"":0.3}",fincent_brnz,20,17,3,6,5,1401,"{""swim_speed_up"":1.3,""ink_recovery_up"":0.6,""quick_super_jump"":0.6,""special_charge_up"":0.6,""ink_resistance_up"":0.3,""comeback"":true,""stealth_jump"":true}",drivewiper,7,4,3,8,6,1219,"{""swim_speed_up"":1.9,""ink_resistance_up"":0.6,""quick_super_jump"":0.6,""special_saver"":0.3,""sub_resistance_up"":0.3,""comeback"":true,""stealth_jump"":true}",order_shelter_replica,3,1,2,8,4,1041,"{""run_speed_up"":2,""quick_respawn"":1,""ink_recovery_up"":0.6,""sub_power_up"":0.6,""ink_resistance_up"":0.3,""ink_saver_main"":0.3,""ink_saver_sub"":0.3,""special_saver"":0.3,""swim_speed_up"":0.3}",h3reelgun_snak,15,11,4,6,6,1318,"{""ink_recovery_up"":1,""swim_speed_up"":1,""ink_saver_sub"":0.9,""quick_super_jump"":0.6,""special_charge_up"":0.6,""ink_resistance_up"":0.3,""special_saver"":0.3,""stealth_jump"":true}",moprin,6,4,2,7,6,1628,"{""special_power_up"":2.6,""ink_saver_main"":0.9,""swim_speed_up"":0.6,""quick_super_jump"":0.3,""sub_resistance_up"":0.3,""last_ditch_effort"":true}",jimuwiper,12,7,5,7,4,1074,"{""quick_respawn"":1.6,""ink_saver_main"":0.6,""swim_speed_up"":0.6,""ink_resistance_up"":0.3,""quick_super_jump"":0.3,""sub_resistance_up"":0.3,""comeback"":true,""stealth_jump"":true}",sharp,12,10,2,8,5,1423,"{""special_charge_up"":1,""swim_speed_up"":1,""sub_power_up"":0.9,""ink_saver_sub"":0.6,""ink_resistance_up"":0.3,""quick_super_jump"":0.3,""special_saver"":0.3,""sub_resistance_up"":0.3,""stealth_jump"":true}",gold,#1 Turf Inker,gold,#1 Splat Zone Inker,silver,#1 Triple Inkstrike User,
Sizzle Season 2025,2025-06-30T00:00:00+00:00,10.0.1,bankara_open,area,gonzui,207,bravo,TRUE,,,3409,,0,ba30b0ff,,3559,,100,a0c937ff,,jimuwiper_fuu,4,2,2,7,2,645,"{""ink_saver_main"":3.8,""ink_saver_sub"":1.9}",sshooter_kou,9,8,1,5,2,786,"{""swim_speed_up"":1.6,""ink_saver_main"":1,""intensify_action"":1,""ink_saver_sub"":0.9,""run_speed_up"":0.9,""quick_respawn"":0.3}",variableroller,5,4,1,4,5,1321,"{""ink_resistance_up"":1,""ink_saver_main"":1,""ink_recovery_up"":0.9,""swim_speed_up"":0.9,""intensify_action"":0.6,""tenacity"":true}",jetsweeper_custom,5,4,1,6,2,657,"{""special_power_up"":2.2,""special_charge_up"":1.6,""swim_speed_up"":0.6,""ink_resistance_up"":0.3,""ninja_squid"":true}",squiclean_b,9,7,2,4,2,677,"{""special_charge_up"":1,""run_speed_up"":0.6,""special_power_up"":0.6,""swim_speed_up"":0.6,""ink_saver_main"":0.3,""ink_saver_sub"":0.3,""intensify_action"":0.3,""comeback"":true,""stealth_jump"":true}",splatspinner_collabo,7,5,2,4,4,1447,"{""run_speed_up"":2,""ink_resistance_up"":0.6,""quick_super_jump"":0.6,""special_saver"":0.6,""ink_recovery_up"":0.3,""intensify_action"":0.3,""sub_resistance_up"":0.3,""stealth_jump"":true}",furuido,6,6,0,3,4,771,"{""special_saver"":1.3,""intensify_action"":1,""quick_super_jump"":1,""ink_resistance_up"":0.6,""ink_recovery_up"":0.3,""ink_saver_sub"":0.3,""quick_respawn"":0.3,""sub_power_up"":0.3}",squiclean_b,4,4,0,7,1,664,"{""ink_recovery_up"":0.6,""ink_resistance_up"":0.3,""ink_saver_main"":0.3,""ink_saver_sub"":0.3,""quick_super_jump"":0.3,""special_charge_up"":0.3,""sub_resistance_up"":0.3,""swim_speed_up"":0.3,""ninja_squid"":true,""stealth_jump"":true,""tenacity"":true}",silver,#2 Popular Target,gold,#1 Splat Assister,silver,#2 Splat Zone Guard,
Sizzle Season 2025,2025-06-30T00:00:00+00:00,10.0.1,xmatch,hoko,negitoro,300,alpha,FALSE,,1707.0,3980,,82,c12d74ff,,3891,,78,2cb721ff,,sputtery_owl,16,8,8,10,4,1259,"{""quick_respawn"":1.6,""swim_speed_up"":0.9,""ink_resistance_up"":0.3,""ink_saver_sub"":0.3,""intensify_action"":0.3,""quick_super_jump"":0.3,""comeback"":true,""stealth_jump"":true}",carbon_deco,14,11,3,9,2,717,"{""swim_speed_up"":1.6,""ink_resistance_up"":0.6,""quick_super_jump"":0.6,""special_charge_up"":0.6,""sub_resistance_up"":0.3,""comeback"":true,""stealth_jump"":true}",hydra_custom,7,5,2,5,3,1116,"{""ink_recovery_up"":1,""ink_saver_main"":0.9,""run_speed_up"":0.9,""swim_speed_up"":0.9,""object_shredder"":true,""thermal_ink"":true}",sshooter_kou,10,10,0,10,4,888,"{""swim_speed_up"":2,""intensify_action"":0.9,""special_power_up"":0.6,""ink_resistance_up"":0.3,""quick_super_jump"":0.3,""special_saver"":0.3,""sub_resistance_up"":0.3,""stealth_jump"":true}",drivewiper,18,14,4,8,5,1189,"{""quick_respawn"":2.2,""quick_super_jump"":0.6,""swim_speed_up"":0.6,""ink_saver_main"":0.3,""comeback"":true,""stealth_jump"":true}",wakaba,6,5,1,10,1,922,"{""ink_saver_sub"":3.5,""swim_speed_up"":1.3,""sub_power_up"":0.6,""special_charge_up"":0.3}",carbon_deco,11,9,2,9,1,679,"{""swim_speed_up"":1.9,""ink_recovery_up"":0.6,""quick_super_jump"":0.6,""ink_resistance_up"":0.3,""special_saver"":0.3,""ninja_squid"":true,""stealth_jump"":true}",hydra,6,4,2,7,3,1101,"{""run_speed_up"":3.2,""ink_resistance_up"":0.6,""intensify_action"":0.3,""sub_resistance_up"":0.3,""swim_speed_up"":0.3,""object_shredder"":true}",gold,#1 Overall Splatter,gold,Record-Score Setter,gold,#1 Score Booster,
Sizzle Season 2025,2025-06-30T00:00:00+00:00,10.0.1,bankara_open,area,gonzui,218,alpha,TRUE,,,4503,,100,e38d24ff,,4039,,0,1a1aafff,,sharp,13,5,8,2,5,1213,"{""special_charge_up"":1,""swim_speed_up"":1,""ink_recovery_up"":0.6,""quick_super_jump"":0.6,""sub_power_up"":0.6,""ink_resistance_up"":0.3,""special_saver"":0.3,""sub_resistance_up"":0.3,""stealth_jump"":true}",prime_collabo,9,7,2,2,6,1214,"{""special_charge_up"":1.3,""swim_speed_up"":1.2,""special_power_up"":0.6,""ink_resistance_up"":0.3,""quick_super_jump"":0.3,""last_ditch_effort"":true,""stealth_jump"":true}",wideroller_waku,10,9,1,8,5,1056,"{""special_charge_up"":1.6,""ink_saver_main"":0.6,""quick_super_jump"":0.6,""swim_speed_up"":0.6,""sub_resistance_up"":0.3,""last_ditch_effort"":true,""stealth_jump"":true}",sharp,7,5,2,6,4,1020,"{""special_charge_up"":1.3,""special_saver"":0.6,""sub_power_up"":0.6,""swim_speed_up"":0.6,""ink_resistance_up"":0.3,""quick_super_jump"":0.3,""comeback"":true,""stealth_jump"":true}",rpen_5h,7,1,6,2,5,1127,"{""special_charge_up"":1.6,""special_power_up"":1.3,""ink_saver_main"":0.6,""quick_super_jump"":0.6,""ink_recovery_up"":0.3,""ink_resistance_up"":0.3,""last_ditch_effort"":true}",sshooter_kou,11,8,3,11,0,530,"{""special_power_up"":1,""intensify_action"":0.6,""quick_super_jump"":0.6,""swim_speed_up"":0.6,""ink_recovery_up"":0.3,""ink_resistance_up"":0.3,""sub_resistance_up"":0.3,""comeback"":true,""stealth_jump"":true}",splatspinner_pytn,7,4,3,6,5,1262,"{""run_speed_up"":1.6,""special_charge_up"":1.3,""ink_resistance_up"":0.6,""sub_power_up"":0.6,""intensify_action"":0.3,""sub_resistance_up"":0.3,""object_shredder"":true}",nautilus79,6,5,1,7,4,1120,"{""swim_speed_up"":1.3,""run_speed_up"":0.6,""ink_resistance_up"":0.3,""ink_saver_sub"":0.3,""quick_respawn"":0.3,""quick_super_jump"":0.3,""special_saver"":0.3,""comeback"":true,""stealth_jump"":true}",gold,#1 Overall Splatter,gold,#1 Splat Assister,silver,#1 Damage Taker,
Sizzle Season 2025,2025-06-30T00:00:00+00:00,10.0.1,bankara_open,area,gonzui,155,bravo,TRUE,S+ 6,,2456,,0,a0c937ff,,2599,,100,ba30b0ff,,order_shelter_replica,3,3,0,3,3,871,"{""run_speed_up"":1.3,""swim_speed_up"":1.3,""ink_saver_main"":1,""special_charge_up"":0.6,""special_saver"":0.6,""quick_super_jump"":0.3,""special_power_up"":0.3,""sub_resistance_up"":0.3}",l3reelgun_haku,4,3,1,5,3,721,"{""special_power_up"":1.3,""swim_speed_up"":1,""intensify_action"":0.6,""quick_super_jump"":0.6,""special_charge_up"":0.6,""ink_resistance_up"":0.3,""sub_resistance_up"":0.3,""stealth_jump"":true}",splatcharger_collabo,2,2,0,3,2,457,"{""run_speed_up"":1,""comeback"":true,""ninja_squid"":true}",order_shelter_replica,1,0,1,7,2,407,"{""run_speed_up"":2,""quick_respawn"":1,""ink_recovery_up"":0.6,""sub_power_up"":0.6,""ink_resistance_up"":0.3,""ink_saver_main"":0.3,""ink_saver_sub"":0.3,""special_saver"":0.3,""swim_speed_up"":0.3}",hissen_ash,9,9,0,1,2,708,"{""quick_respawn"":1.6,""quick_super_jump"":0.6,""swim_speed_up"":0.6,""ink_resistance_up"":0.3,""special_saver"":0.3,""sub_resistance_up"":0.3,""comeback"":true,""stealth_jump"":true}",bamboo14mk2,7,5,2,1,2,761,"{""run_speed_up"":1,""swim_speed_up"":0.9,""ink_saver_main"":0.6,""ink_saver_sub"":0.6,""ink_resistance_up"":0.3,""quick_super_jump"":0.3,""last_ditch_effort"":true,""stealth_jump"":true}",hokusai_hue,9,2,7,4,1,519,"{""swim_speed_up"":1.9,""quick_super_jump"":0.6,""run_speed_up"":0.3,""special_charge_up"":0.3,""sub_power_up"":0.3,""ninja_squid"":true,""stealth_jump"":true}",liter4k,2,2,0,2,2,611,"{""sub_resistance_up"":1.6,""intensify_action"":0.6,""sub_power_up"":0.6,""ink_saver_main"":0.3,""ink_saver_sub"":0.3,""swim_speed_up"":0.3,""comeback"":true,""drop_roller"":true}",gold,#1 Enemy Splatter,gold,#1 Turf Inker,gold,#1 Splat Zone Inker,
Sizzle Season 2025,2025-06-30T00:00:00+00:00,10.0.1,bankara_open,area,gonzui,324,alpha,FALSE,,,5132,,96,1ec0adff,,5741,,87,d74b31ff,,jimuwiper_fuu,9,8,1,11,3,986,"{""ink_saver_main"":3.8,""ink_saver_sub"":1.9}",lact450_milk,14,12,2,8,7,1659,"{""ink_saver_sub"":0.6,""quick_respawn"":0.6,""ink_resistance_up"":0.3,""run_speed_up"":0.3,""special_charge_up"":0.3,""sub_power_up"":0.3,""swim_speed_up"":0.3,""ninja_squid"":true,""stealth_jump"":true,""tenacity"":true}",hokusai_sui,10,9,1,11,3,914,"{""quick_respawn"":1.6,""ink_saver_main"":1.3,""intensify_action"":1.2,""run_speed_up"":1,""ink_resistance_up"":0.3,""special_charge_up"":0.3}",jetsweeper_custom,13,7,6,9,6,1573,"{""special_power_up"":2.2,""ink_recovery_up"":1.3,""ink_saver_main"":0.9,""haunt"":true}",jimuwiper_fuu,16,11,5,8,4,1173,"{""special_charge_up"":1.3,""ink_recovery_up"":0.9,""ink_saver_main"":0.3,""ink_saver_sub"":0.3,""special_power_up"":0.3,""special_saver"":0.3,""swim_speed_up"":0.3,""ninja_squid"":true,""stealth_jump"":true}",wideroller,16,13,3,10,6,1197,"{""ink_resistance_up"":1.9,""ink_saver_sub"":1.9,""special_charge_up"":1.3,""sub_power_up"":0.6}",bold,13,10,3,8,6,1374,"{""special_power_up"":2.2,""special_charge_up"":1.6,""swim_speed_up"":0.6,""ink_resistance_up"":0.3,""ninja_squid"":true}",promodeler_rg,7,5,2,10,7,1997,"{""swim_speed_up"":2.5,""quick_super_jump"":1.9,""special_power_up"":1.3}",gold,#1 Splat Zone Guard,silver,#1 Splat Zone Hero,,,
Sizzle Season 2025,2025-06-30T00:00:00+00:00,10.0.1,xmatch,hoko,negitoro,300,alpha,FALSE,,1707.0,4833,,81,cfb121ff,,4552,,10,9025c6ff,,sputtery_owl,16,13,3,8,3,1278,"{""quick_respawn"":1.6,""swim_speed_up"":0.9,""ink_resistance_up"":0.3,""ink_saver_sub"":0.3,""intensify_action"":0.3,""quick_super_jump"":0.3,""comeback"":true,""stealth_jump"":true}",jetsweeper_cobr,10,7,3,3,6,1559,"{""ink_saver_main"":1,""ink_saver_sub"":1,""sub_power_up"":0.9,""ink_recovery_up"":0.6,""ink_resistance_up"":0.3,""quick_super_jump"":0.3,""special_charge_up"":0.3,""sub_resistance_up"":0.3,""last_ditch_effort"":true}",nova_neo,8,6,2,4,2,954,"{""swim_speed_up"":3.4,""sub_resistance_up"":0.3,""ninja_squid"":true,""stealth_jump"":true}",lact450_milk,7,6,1,8,2,1042,"{""ink_saver_main"":1.9,""ink_saver_sub"":1.9,""quick_respawn"":1,""swim_speed_up"":0.9}",tristringer_tou,10,5,5,8,3,1149,"{""quick_respawn"":1.9,""ink_saver_sub"":1.6,""quick_super_jump"":0.6,""ink_resistance_up"":0.3,""intensify_action"":0.3,""stealth_jump"":true}",52gal,9,8,1,5,5,1250,"{""swim_speed_up"":1.9,""intensify_action"":0.9,""ink_resistance_up"":0.3,""quick_super_jump"":0.3,""sub_resistance_up"":0.3,""opening_gambit"":true,""stealth_jump"":true}",hokusai_hue,9,6,3,13,2,1052,"{""sub_power_up"":2.2,""swim_speed_up"":1.6,""ink_resistance_up"":0.3,""quick_super_jump"":0.3,""sub_resistance_up"":0.3,""comeback"":true}",lact450_milk,5,4,1,8,4,1101,"{""ink_saver_main"":2.2,""special_power_up"":1,""swim_speed_up"":0.6,""ink_resistance_up"":0.3,""quick_super_jump"":0.3,""sub_resistance_up"":0.3,""comeback"":true}",gold,#1 Overall Splatter,gold,#1 Enemy Splatter,gold,#1 Popular Target,
Sizzle Season 2025,2025-06-30T00:00:00+00:00,10.0.1,bankara_open,area,gonzui,259,bravo,TRUE,S+ 6,,4995,,0,1ec0adff,,4875,,100,d74b31ff,,order_shelter_replica,7,3,4,8,6,1342,"{""run_speed_up"":1.3,""swim_speed_up"":1.3,""ink_saver_main"":1,""special_charge_up"":0.6,""special_saver"":0.6,""quick_super_jump"":0.3,""special_power_up"":0.3,""sub_resistance_up"":0.3}",hotblaster_en,14,12,2,7,4,1060,"{""quick_respawn"":1.9,""intensify_action"":0.6,""ink_recovery_up"":0.3,""ink_resistance_up"":0.3,""quick_super_jump"":0.3,""special_saver"":0.3,""comeback"":true,""stealth_jump"":true}",moprin_kaku,6,5,1,7,4,1444,"{""special_charge_up"":0.9,""swim_speed_up"":0.6,""ink_resistance_up"":0.3,""quick_super_jump"":0.3,""special_saver"":0.3,""sub_resistance_up"":0.3,""last_ditch_effort"":true,""ninja_squid"":true,""stealth_jump"":true}",furo,3,2,1,9,3,1149,"{""ink_saver_main"":1.9,""sub_power_up"":1.6,""ink_recovery_up"":1,""ink_resistance_up"":0.3,""ink_saver_sub"":0.3,""intensify_action"":0.3,""special_saver"":0.3}",variableroller,8,5,3,3,6,1523,"{""special_charge_up"":1.5,""ink_saver_main"":1.3,""ink_recovery_up"":0.3,""quick_super_jump"":0.3,""special_power_up"":0.3,""last_ditch_effort"":true,""stealth_jump"":true}",sshooter_collabo,12,11,1,3,4,1251,"{""special_charge_up"":1.3,""special_saver"":0.6,""swim_speed_up"":0.6,""ink_recovery_up"":0.3,""ink_resistance_up"":0.3,""quick_super_jump"":0.3,""sub_resistance_up"":0.3,""last_ditch_effort"":true,""stealth_jump"":true}",kelvin525,10,9,1,10,2,855,"{""quick_respawn"":1.9,""quick_super_jump"":0.6,""ink_resistance_up"":0.3,""run_speed_up"":0.3,""special_saver"":0.3,""swim_speed_up"":0.3,""comeback"":true,""stealth_jump"":true}",wakaba,7,5,2,6,4,1246,"{""ink_saver_sub"":1.9,""quick_super_jump"":0.6,""sub_power_up"":0.6,""ink_resistance_up"":0.3,""sub_resistance_up"":0.3,""last_ditch_effort"":true,""stealth_jump"":true}",gold,#1 Splat Assister,silver,#2 Overall Splatter,silver,First Splat!,
Sizzle Season 2025,2025-06-30T00:00:00+00:00,10.0.1,bankara_open,area,takaashi,151,bravo,TRUE,,,3112,,0,df6624ff,,2737,,100,343bc4ff,,sharp,2,1,1,5,3,811,"{""special_charge_up"":1,""swim_speed_up"":1,""ink_recovery_up"":0.6,""quick_super_jump"":0.6,""sub_power_up"":0.6,""ink_resistance_up"":0.3,""special_saver"":0.3,""sub_resistance_up"":0.3,""stealth_jump"":true}",prime_frzn,8,4,4,5,2,610,"{""special_charge_up"":2.5,""swim_speed_up"":1,""ink_resistance_up"":0.3,""quick_super_jump"":0.3,""special_saver"":0.3,""sub_resistance_up"":0.3,""stealth_jump"":true}",prime_collabo,6,5,1,4,4,778,"{""special_charge_up"":1.3,""swim_speed_up"":1.2,""special_power_up"":0.6,""ink_resistance_up"":0.3,""quick_super_jump"":0.3,""last_ditch_effort"":true,""stealth_jump"":true}",lact450_milk,6,5,1,3,3,913,"{""special_charge_up"":1,""run_speed_up"":0.6,""ink_resistance_up"":0.3,""quick_super_jump"":0.3,""special_saver"":0.3,""sub_resistance_up"":0.3,""comeback"":true,""stealth_jump"":true}",rpen_5h,8,4,4,1,3,927,"{""special_power_up"":1.6,""special_charge_up"":1.3,""ink_saver_main"":0.6,""ink_recovery_up"":0.3,""ink_resistance_up"":0.3,""quick_super_jump"":0.3,""special_saver"":0.3,""last_ditch_effort"":true}",nautilus79,6,5,1,4,2,638,"{""run_speed_up"":1.9,""swim_speed_up"":1.6,""ink_resistance_up"":0.6,""quick_super_jump"":0.3,""special_saver"":0.3,""stealth_jump"":true}",quadhopper_black,6,4,2,8,1,526,"{""quick_respawn"":2.2,""quick_super_jump"":0.6,""ink_resistance_up"":0.3,""special_saver"":0.3,""sub_resistance_up"":0.3,""comeback"":true,""stealth_jump"":true}",96gal_deco,4,4,0,2,3,646,"{""swim_speed_up"":1.6,""special_power_up"":1,""intensify_action"":0.9,""ink_resistance_up"":0.3,""quick_super_jump"":0.3,""special_saver"":0.3,""sub_resistance_up"":0.3,""stealth_jump"":true}",silver,#2 Turf Inker,silver,#2 Super Jump Spot,silver,#2 Splat Assister,
Sizzle Season 2025,2025-06-30T00:00:00+00:00,10.0.1,bankara_open,area,takaashi,261,alpha,TRUE,,,4385,,100,343bc4ff,,4531,,0,df6624ff,,prime_frzn,9,7,2,7,5,1212,"{""ink_saver_main"":3.8,""ink_saver_sub"":1.9}",carbon_angl,14,13,1,8,2,794,"{""ink_saver_main"":1.6,""quick_respawn"":1.6,""swim_speed_up"":0.9,""ink_resistance_up"":0.6,""comeback"":true}",order_charger_replica,10,7,3,3,4,945,"{""ink_saver_main"":1.3,""quick_super_jump"":1.3,""swim_speed_up"":1.3,""ink_recovery_up"":0.9,""ink_resistance_up"":0.3,""special_saver"":0.3,""sub_resistance_up"":0.3}",spygadget,8,4,4,2,6,1434,"{""run_speed_up"":1,""special_saver"":1,""ink_recovery_up"":0.9,""special_charge_up"":0.9,""quick_respawn"":0.3,""thermal_ink"":true}",jimuwiper,9,9,0,9,3,883,"{""swim_speed_up"":1.3,""special_charge_up"":1,""ink_saver_main"":0.6,""ink_recovery_up"":0.3,""ink_saver_sub"":0.3,""quick_respawn"":0.3,""quick_super_jump"":0.3,""special_saver"":0.3,""sub_power_up"":0.3,""last_ditch_effort"":true}",jimuwiper,9,6,3,10,3,848,"{""ink_recovery_up"":1,""quick_respawn"":1,""special_saver"":1,""ink_resistance_up"":0.3,""special_charge_up"":0.3,""special_power_up"":0.3,""sub_power_up"":0.3}",furo,6,3,3,5,6,1838,"{""special_power_up"":1.3,""ink_saver_main"":1,""ink_saver_sub"":0.9,""quick_super_jump"":0.9,""comeback"":true}",nzap85,5,2,3,7,3,962,"{""quick_respawn"":1,""swim_speed_up"":1,""intensify_action"":0.6,""run_speed_up"":0.6,""special_charge_up"":0.6,""ink_resistance_up"":0.3,""quick_super_jump"":0.3,""sub_resistance_up"":0.3,""stealth_jump"":true}",silver,#2 Turf Inker,silver,#2 Splat Zone Inker,silver,#1 Tenta Missiles User,
Sizzle Season 2025,2025-06-30T00:00:00+00:00,10.0.1,bankara_open,area,takaashi,300,alpha,FALSE,,,6053,,93,1a1aafff,,5934,,87,e38d24ff,,sharp,9,6,3,7,5,1316,"{""special_charge_up"":1,""swim_speed_up"":1,""ink_recovery_up"":0.6,""quick_super_jump"":0.6,""sub_power_up"":0.6,""ink_resistance_up"":0.3,""special_saver"":0.3,""sub_resistance_up"":0.3,""stealth_jump"":true}",prime_collabo,8,8,0,8,7,1529,"{""special_charge_up"":1.3,""swim_speed_up"":1.2,""special_power_up"":0.6,""ink_resistance_up"":0.3,""quick_super_jump"":0.3,""last_ditch_effort"":true,""stealth_jump"":true}",furo,7,2,5,5,6,1957,"{""ink_saver_main"":2.2,""run_speed_up"":1.9,""swim_speed_up"":0.6,""thermal_ink"":true}",variableroller,8,7,1,6,4,1251,"{""special_charge_up"":2.2,""ink_saver_main"":1,""swim_speed_up"":0.9,""ink_resistance_up"":0.6,""ninja_squid"":true}",splatscope_frst,12,7,5,2,7,1554,"{""special_charge_up"":2.3,""run_speed_up"":0.6,""ink_resistance_up"":0.3,""ink_saver_main"":0.3,""ink_saver_sub"":0.3,""quick_super_jump"":0.3,""sub_resistance_up"":0.3,""swim_speed_up"":0.3,""stealth_jump"":true}",prime_frzn,10,8,2,6,5,1190,"{""special_charge_up"":1,""special_power_up"":0.6,""sub_resistance_up"":0.6,""ink_resistance_up"":0.3,""intensify_action"":0.3,""quick_super_jump"":0.3,""run_speed_up"":0.3,""swim_speed_up"":0.3,""last_ditch_effort"":true,""stealth_jump"":true}",l3reelgun_haku,10,7,3,8,6,1577,"{""run_speed_up"":1,""special_power_up"":0.9,""swim_speed_up"":0.9,""ink_resistance_up"":0.3,""quick_super_jump"":0.3,""special_saver"":0.3,""comeback"":true,""drop_roller"":true}",sharp,6,4,2,7,5,1613,"{""swim_speed_up"":1.3,""ink_recovery_up"":0.6,""ink_resistance_up"":0.6,""quick_super_jump"":0.6,""run_speed_up"":0.3,""special_saver"":0.3,""last_ditch_effort"":true,""stealth_jump"":true}",gold,#1 Overall Splatter,gold,#1 Splat Zone Guard,silver,#2 Popular Target,
Sizzle Season 2025,2025-06-30T00:00:00+00:00,10.0.1,bankara_open,area,gonzui,117,alpha,TRUE,S+ 6,,2062,,100,a0c937ff,,2017,,0,ba30b0ff,,order_shelter_replica,3,3,0,1,2,699,"{""run_speed_up"":1.3,""swim_speed_up"":1.3,""ink_saver_main"":1,""special_charge_up"":0.6,""special_saver"":0.6,""quick_super_jump"":0.3,""special_power_up"":0.3,""sub_resistance_up"":0.3}",tristringer_tou,6,5,1,2,1,421,"{""run_speed_up"":1.3,""ink_resistance_up"":0.6,""special_saver"":0.6,""ink_recovery_up"":0.3,""ink_saver_main"":0.3,""quick_super_jump"":0.3,""sub_resistance_up"":0.3,""last_ditch_effort"":true,""stealth_jump"":true}",spaceshooter,4,3,1,2,2,546,"{""ink_recovery_up"":1,""ink_saver_sub"":1,""special_charge_up"":1,""swim_speed_up"":0.6,""ink_resistance_up"":0.3,""ink_saver_main"":0.3,""intensify_action"":0.3,""quick_super_jump"":0.3,""run_speed_up"":0.3,""special_saver"":0.3,""sub_power_up"":0.3}",jimuwiper,4,2,2,4,1,396,"{""quick_super_jump"":1,""swim_speed_up"":1,""ink_saver_main"":0.9,""quick_respawn"":0.9,""special_saver"":0.9,""stealth_jump"":true}",liter4k_scope,3,3,0,3,2,442,"{""swim_speed_up"":1.3,""ink_saver_main"":1.2,""quick_super_jump"":1,""special_charge_up"":0.6,""ink_resistance_up"":0.3,""sub_resistance_up"":0.3,""last_ditch_effort"":true}",maneuver_you,3,3,0,4,1,447,"{""intensify_action"":1,""quick_respawn"":1,""ink_recovery_up"":0.6,""ink_resistance_up"":0.6,""ink_saver_main"":0.6,""thermal_ink"":true}",quadhopper_white,2,2,0,2,2,597,"{""swim_speed_up"":2.5,""run_speed_up"":1,""ink_saver_main"":0.6,""intensify_action"":0.3,""quick_super_jump"":0.3,""drop_roller"":true}",nautilus79,2,1,1,4,2,531,"{""run_speed_up"":2.2,""swim_speed_up"":2,""intensify_action"":0.9,""ink_recovery_up"":0.3,""sub_power_up"":0.3}",gold,#1 Popular Target,gold,#1 Turf Inker,silver,#2 Splat Zone Inker,
Sizzle Season 2025,2025-06-30T00:00:00+00:00,10.0.1,xmatch,hoko,kusaya,309,alpha,FALSE,,1707.0,5283,,80,ba30b0ff,,4828,,27,a0c937ff,,sputtery_owl,21,16,5,7,5,1531,"{""quick_respawn"":1.6,""swim_speed_up"":0.9,""ink_resistance_up"":0.3,""ink_saver_sub"":0.3,""intensify_action"":0.3,""quick_super_jump"":0.3,""comeback"":true,""stealth_jump"":true}",rapid_elite_wntr,10,3,7,4,2,1403,"{""ink_saver_main"":1.6,""special_charge_up"":1,""run_speed_up"":0.6,""ink_recovery_up"":0.3,""quick_super_jump"":0.3,""special_power_up"":0.3,""sub_resistance_up"":0.3,""comeback"":true}",prime_frzn,7,7,0,4,4,1315,"{""ink_saver_sub"":2.6,""intensify_action"":0.6,""ink_resistance_up"":0.3,""quick_super_jump"":0.3,""special_charge_up"":0.3,""sub_power_up"":0.3,""sub_resistance_up"":0.3,""stealth_jump"":true}",dynamo_mei,10,5,5,6,5,1034,"{""sub_power_up"":2.5,""ink_saver_main"":1,""swim_speed_up"":0.6,""ink_resistance_up"":0.3,""quick_super_jump"":0.3,""stealth_jump"":true}",rapid_elite_deco,10,5,5,7,4,932,"{""swim_speed_up"":2,""ink_saver_main"":1.3,""ink_recovery_up"":0.6,""ink_resistance_up"":0.6,""intensify_action"":0.6,""quick_super_jump"":0.3,""special_saver"":0.3}",wideroller_waku,9,5,4,9,4,1375,"{""ink_saver_sub"":2.2,""special_charge_up"":1.6,""ink_saver_main"":0.3,""special_power_up"":0.3,""sub_power_up"":0.3,""ninja_squid"":true}",prime_collabo,7,6,1,4,8,1728,"{""swim_speed_up"":1.3,""intensify_action"":0.9,""ink_resistance_up"":0.6,""ink_recovery_up"":0.3,""quick_super_jump"":0.3,""sub_resistance_up"":0.3,""comeback"":true,""stealth_jump"":true}",campingshelter_crem,8,5,3,11,2,793,"{""swim_speed_up"":1.6,""ink_saver_sub"":0.6,""quick_super_jump"":0.6,""ink_recovery_up"":0.3,""ink_resistance_up"":0.3,""last_ditch_effort"":true,""stealth_jump"":true}",gold,#1 Overall Splatter,gold,#1 Enemy Splatter,gold,#1 Turf Inker,
Sizzle Season 2025,2025-06-30T02:00:00+00:00,10.0.1,xmatch,area,namero,300,bravo,FALSE,,2337.1,5390,,77,343bc4ff,,5316,,80,df6624ff,,quadhopper_black,5,3,2,12,3,1069,"{""quick_respawn"":3.5,""quick_super_jump"":0.6,""ink_resistance_up"":0.3,""swim_speed_up"":0.3,""stealth_jump"":true}",moprin,15,13,2,10,7,1778,"{""special_power_up"":2.2,""quick_respawn"":1.6,""ink_saver_main"":0.6,""sub_resistance_up"":0.3,""comeback"":true}",tristringer_tou,4,1,3,4,5,1411,"{""special_charge_up"":1.6,""ink_saver_main"":1.3,""special_power_up"":0.6,""swim_speed_up"":0.6,""quick_super_jump"":0.3,""special_saver"":0.3,""drop_roller"":true}",campingshelter_sorella,8,7,1,7,5,1132,"{""quick_super_jump"":1.6,""quick_respawn"":0.9,""swim_speed_up"":0.6,""ink_recovery_up"":0.3,""ink_saver_main"":0.3,""comeback"":true,""stealth_jump"":true}",rapid_elite_wntr,13,5,8,5,6,1549,"{""swim_speed_up"":1.6,""intensify_action"":0.9,""ink_resistance_up"":0.3,""quick_super_jump"":0.3,""special_saver"":0.3,""sub_resistance_up"":0.3,""last_ditch_effort"":true,""stealth_jump"":true}",96gal_sou,18,14,4,7,4,1204,"{""special_power_up"":1.3,""intensify_action"":0.9,""swim_speed_up"":0.6,""ink_resistance_up"":0.3,""quick_super_jump"":0.3,""sub_resistance_up"":0.3,""comeback"":true,""stealth_jump"":true}",campingshelter_sorella,11,8,3,6,5,1268,"{""quick_super_jump"":1.6,""special_charge_up"":0.6,""swim_speed_up"":0.6,""ink_saver_main"":0.3,""special_saver"":0.3,""sub_resistance_up"":0.3,""comeback"":true,""stealth_jump"":true}",quadhopper_black,9,6,3,6,4,1295,"{""special_power_up"":1.9,""quick_respawn"":1.8,""comeback"":true,""stealth_jump"":true}",silver,#1 Ink Consumer,silver,#2 Splat Assister,,,
Sizzle Season 2025,2025-06-30T02:00:00+00:00,10.0.1,xmatch,area,mahimahi,104,bravo,TRUE,,2337.1,1788,,0,cd510aff,,1789,,100,6e04b6ff,,quadhopper_black,1,0,1,5,1,449,"{""quick_respawn"":3.5,""quick_super_jump"":0.6,""ink_resistance_up"":0.3,""swim_speed_up"":0.3,""stealth_jump"":true}",promodeler_mg,4,2,2,3,4,659,"{""special_power_up"":3.8,""quick_super_jump"":0.3,""special_charge_up"":0.3,""special_saver"":0.3,""tenacity"":true}",bucketslosher,3,2,1,3,2,443,"{""quick_respawn"":1.6,""special_charge_up"":1,""swim_speed_up"":1,""ink_resistance_up"":0.6,""sub_resistance_up"":0.6,""ink_recovery_up"":0.3,""ink_saver_main"":0.3,""quick_super_jump"":0.3}",liter4k,2,2,0,3,1,237,"{""swim_speed_up"":1.3,""ink_saver_main"":0.9,""ink_recovery_up"":0.6,""quick_super_jump"":0.6,""ink_resistance_up"":0.3,""object_shredder"":true,""respawn_punisher"":true}",prime_frzn,8,7,1,3,1,371,"{""swim_speed_up"":1,""ink_saver_main"":0.6,""intensify_action"":0.6,""special_charge_up"":0.6,""ink_resistance_up"":0.3,""quick_super_jump"":0.3,""sub_resistance_up"":0.3,""comeback"":true,""stealth_jump"":true}",hissen_ash,3,3,0,0,2,560,"{""ink_saver_sub"":1.3,""quick_super_jump"":0.6,""ink_resistance_up"":0.3,""quick_respawn"":0.3,""special_saver"":0.3,""sub_power_up"":0.3,""sub_resistance_up"":0.3,""swim_speed_up"":0.3,""comeback"":true,""stealth_jump"":true}",rpen_5h,2,0,2,1,1,384,"{""special_power_up"":1,""ink_recovery_up"":0.6,""ink_saver_main"":0.6,""quick_super_jump"":0.6,""ink_resistance_up"":0.3,""special_charge_up"":0.3,""sub_resistance_up"":0.3,""last_ditch_effort"":true,""stealth_jump"":true}",quadhopper_black,4,4,0,2,1,474,"{""special_power_up"":2.3,""run_speed_up"":0.6,""ink_saver_main"":0.3,""quick_respawn"":0.3,""sub_resistance_up"":0.3,""stealth_jump"":true}",silver,#2 Turf Inker,silver,#2 Splat Assister,,,
Sizzle Season 2025,2025-06-30T02:00:00+00:00,10.0.1,xmatch,area,namero,263,bravo,TRUE,,2337.1,4355,,0,e38d24ff,,4338,,100,1a1aafff,,quadhopper_black,6,5,1,12,5,1147,"{""quick_respawn"":3.5,""quick_super_jump"":0.6,""ink_resistance_up"":0.3,""swim_speed_up"":0.3,""stealth_jump"":true}",examiner,16,11,5,8,5,1189,"{""run_speed_up"":2,""ink_resistance_up"":0.6,""special_charge_up"":0.6,""special_power_up"":0.6,""intensify_action"":0.3,""quick_super_jump"":0.3,""sub_resistance_up"":0.3,""stealth_jump"":true}",sblast91,10,6,4,8,5,1068,"{""quick_respawn"":1.3,""ink_saver_sub"":1.2,""quick_super_jump"":0.6,""ink_resistance_up"":0.3,""sub_resistance_up"":0.3,""comeback"":true,""stealth_jump"":true}",splatroller,6,4,2,8,4,951,"{""swim_speed_up"":1,""intensify_action"":0.6,""ink_recovery_up"":0.3,""ink_resistance_up"":0.3,""ink_saver_sub"":0.3,""ninja_squid"":true,""stealth_jump"":true}",rapid_deco,22,18,4,3,5,1316,"{""swim_speed_up"":1.6,""special_power_up"":1.3,""ink_resistance_up"":0.6,""quick_super_jump"":0.3,""special_charge_up"":0.3,""special_saver"":0.3,""sub_resistance_up"":0.3,""last_ditch_effort"":true}",sharp,13,6,7,6,3,1143,"{""swim_speed_up"":2.3,""ink_resistance_up"":0.6,""quick_super_jump"":0.6,""ink_recovery_up"":0.3,""special_power_up"":0.3,""special_saver"":0.3,""sub_power_up"":0.3,""stealth_jump"":true}",jimuwiper,11,5,6,8,4,954,"{""swim_speed_up"":1,""ink_saver_main"":0.6,""special_power_up"":0.6,""sub_power_up"":0.6,""ink_recovery_up"":0.3,""quick_super_jump"":0.3,""sub_resistance_up"":0.3,""comeback"":true,""stealth_jump"":true}",quadhopper_black,9,7,2,9,2,925,"{""quick_respawn"":1.9,""special_power_up"":1.3,""quick_super_jump"":0.9,""special_saver"":0.3,""swim_speed_up"":0.3,""stealth_jump"":true}",silver,#2 Turf Inker,silver,#2 Splat Zone Guard,silver,#1 Reefslider User,
Sizzle Season 2025,2025-06-30T02:00:00+00:00,10.0.1,xmatch,area,mahimahi,235,alpha,TRUE,,1883.4,4751,,100,d0bf08ff,,4664,,0,3a0ccdff,,sharp,7,6,1,3,4,1201,"{""swim_speed_up"":1.6,""ink_recovery_up"":0.6,""ink_resistance_up"":0.6,""run_speed_up"":0.6,""ink_saver_sub"":0.3,""ninja_squid"":true,""stealth_jump"":true}",maneuver,9,6,3,3,5,1233,"{""quick_respawn"":3.1,""quick_super_jump"":0.6,""comeback"":true,""stealth_jump"":true}",furo,3,2,1,5,4,1250,"{""ink_saver_main"":2.3,""ink_recovery_up"":2.2,""ink_saver_sub"":0.6,""quick_super_jump"":0.3,""swim_speed_up"":0.3}",kugelschreiber,7,5,2,4,4,1067,"{""special_power_up"":1.6,""special_charge_up"":1.5,""run_speed_up"":1,""ink_resistance_up"":0.3,""quick_super_jump"":0.3,""drop_roller"":true}",hydra_atsu,5,5,0,3,5,1300,"{""ink_saver_main"":2.2,""special_charge_up"":1,""quick_super_jump"":0.6,""ink_recovery_up"":0.3,""ink_resistance_up"":0.3,""run_speed_up"":0.3,""object_shredder"":true}",order_shooter_replica,5,5,0,10,0,708,"{""intensify_action"":1.3,""swim_speed_up"":1.3,""special_charge_up"":1,""quick_respawn"":0.6,""sub_power_up"":0.6,""ink_saver_sub"":0.3,""run_speed_up"":0.3}",furo,4,2,2,2,5,1594,"{""ink_saver_main"":2.2,""quick_super_jump"":0.6,""special_saver"":0.3,""sub_resistance_up"":0.3,""swim_speed_up"":0.3,""last_ditch_effort"":true,""thermal_ink"":true}",sputtery_hue,3,3,0,4,4,1062,"{""special_power_up"":2.3,""ink_resistance_up"":0.3,""ink_saver_sub"":0.3,""intensify_action"":0.3,""quick_super_jump"":0.3,""special_charge_up"":0.3,""special_saver"":0.3,""sub_power_up"":0.3,""sub_resistance_up"":0.3,""comeback"":true}",gold,#1 Enemy Splatter,gold,#1 Super Jump Spot,gold,#1 Splat Zone Guard,
Sizzle Season 2025,2025-06-30T02:00:00+00:00,10.0.1,xmatch,area,namero,271,alpha,TRUE,,2262.1,5050,,100,6325cdff,,4896,,0,bfcd41ff,,quadhopper_black,12,11,1,12,2,1092,"{""quick_respawn"":3.5,""quick_super_jump"":0.6,""ink_resistance_up"":0.3,""swim_speed_up"":0.3,""stealth_jump"":true}",rpen_5h,12,2,10,3,6,1430,"{""special_charge_up"":1.3,""ink_saver_main"":1,""special_power_up"":0.9,""ink_recovery_up"":0.6,""ink_resistance_up"":0.3,""quick_super_jump"":0.3,""special_saver"":0.3,""last_ditch_effort"":true}",explosher,8,6,2,9,4,1432,"{""ink_recovery_up"":1,""ink_saver_sub"":0.9,""ink_saver_main"":0.6,""ink_resistance_up"":0.3,""quick_super_jump"":0.3,""special_saver"":0.3,""sub_resistance_up"":0.3,""last_ditch_effort"":true,""stealth_jump"":true}",hydra_atsu,6,5,1,7,4,1096,"{""run_speed_up"":3.9,""ink_resistance_up"":0.6,""intensify_action"":0.6,""swim_speed_up"":0.6}",jetsweeper_cobr,16,11,5,5,7,1458,"{""swim_speed_up"":1.6,""intensify_action"":0.6,""sub_power_up"":0.6,""quick_respawn"":0.3,""quick_super_jump"":0.3,""comeback"":true,""stealth_jump"":true}",kugelschreiber_hue,7,5,2,6,5,1236,"{""ink_saver_main"":1.9,""special_charge_up"":0.9,""sub_power_up"":0.9,""drop_roller"":true,""thermal_ink"":true}",bamboo14mk1,11,8,3,5,6,1167,"{""run_speed_up"":1.9,""swim_speed_up"":1,""quick_super_jump"":0.6,""special_charge_up"":0.6,""ink_recovery_up"":0.3,""ink_saver_main"":0.3,""stealth_jump"":true}",jimuwiper,10,7,3,8,4,1035,"{""swim_speed_up"":1.3,""ink_saver_main"":0.6,""special_power_up"":0.6,""sub_power_up"":0.6,""ink_resistance_up"":0.3,""quick_super_jump"":0.3,""comeback"":true,""stealth_jump"":true}",gold,#1 Overall Splatter,gold,#1 Enemy Splatter,gold,#1 Splat Zone Guard,
Sizzle Season 2025,2025-06-30T02:00:00+00:00,10.0.1,xmatch,area,mahimahi,300,bravo,FALSE,,1958.4,4952,,94,c43a6eff,,5176,,95,1bbfabff,,sharp,12,10,2,7,4,1409,"{""swim_speed_up"":1.6,""ink_recovery_up"":0.6,""ink_resistance_up"":0.6,""run_speed_up"":0.6,""ink_saver_sub"":0.3,""ninja_squid"":true,""stealth_jump"":true}",liter4k_scope,7,6,1,3,4,1227,"{""quick_super_jump"":0.9,""ink_resistance_up"":0.6,""ink_saver_main"":0.6,""swim_speed_up"":0.6,""last_ditch_effort"":true,""object_shredder"":true,""respawn_punisher"":true}",hydra_custom,8,6,2,3,5,1312,"{""run_speed_up"":2.2,""quick_super_jump"":0.6,""ink_saver_main"":0.3,""intensify_action"":0.3,""swim_speed_up"":0.3,""object_shredder"":true,""thermal_ink"":true}",dynamo_mei,8,7,1,9,4,1004,"{""ink_saver_main"":1.9,""quick_super_jump"":1.6,""swim_speed_up"":1.6,""quick_respawn"":0.3,""sub_resistance_up"":0.3}",sshooter,15,11,4,8,5,1322,"{""swim_speed_up"":1,""ink_resistance_up"":0.6,""intensify_action"":0.6,""quick_super_jump"":0.6,""sub_resistance_up"":0.6,""special_saver"":0.3,""last_ditch_effort"":true,""stealth_jump"":true}",spaceshooter_collabo,6,5,1,8,6,1516,"{""swim_speed_up"":1.2,""special_charge_up"":1,""special_power_up"":1,""ink_recovery_up"":0.6,""run_speed_up"":0.6,""intensify_action"":0.3,""object_shredder"":true}",hydra_atsu,5,4,1,8,5,1283,"{""run_speed_up"":1.9,""swim_speed_up"":1.3,""intensify_action"":0.6,""special_saver"":0.6,""ink_resistance_up"":0.3,""stealth_jump"":true}",liter4k,2,1,1,5,5,1055,"{""ink_saver_main"":2.2,""swim_speed_up"":0.6,""intensify_action"":0.3,""quick_super_jump"":0.3,""special_power_up"":0.3,""object_shredder"":true,""respawn_punisher"":true}",gold,#1 Overall Splatter,gold,#1 Turf Inker,gold,#1 Splat Zone Guard,
Sizzle Season 2025,2025-06-30T02:00:00+00:00,10.0.1,xmatch,area,mahimahi,187,alpha,TRUE,,2262.1,3222,,100,c12d74ff,,3139,,0,2cb721ff,,quadhopper_black,5,2,3,9,2,823,"{""quick_respawn"":3.5,""quick_super_jump"":0.6,""ink_resistance_up"":0.3,""swim_speed_up"":0.3,""stealth_jump"":true}",liter4k,10,10,0,2,2,640,"{""ink_saver_main"":0.6,""quick_super_jump"":0.6,""special_power_up"":0.6,""swim_speed_up"":0.6,""sub_resistance_up"":0.3,""last_ditch_effort"":true,""object_shredder"":true,""respawn_punisher"":true}",52gal,9,8,1,3,4,912,"{""swim_speed_up"":3.5,""quick_super_jump"":0.6,""ink_resistance_up"":0.3,""sub_resistance_up"":0.3,""stealth_jump"":true}",screwslosher,7,5,2,4,2,847,"{""swim_speed_up"":1,""ink_saver_main"":0.6,""quick_super_jump"":0.6,""special_charge_up"":0.6,""ink_resistance_up"":0.3,""ink_saver_sub"":0.3,""special_saver"":0.3,""comeback"":true,""stealth_jump"":true}",sputtery_hue,9,7,2,6,3,815,"{""quick_respawn"":1.9,""quick_super_jump"":0.6,""ink_resistance_up"":0.3,""special_power_up"":0.3,""special_saver"":0.3,""swim_speed_up"":0.3,""comeback"":true,""stealth_jump"":true}",rpen_5h,2,1,1,3,5,1125,"{""ink_saver_main"":1.9,""special_charge_up"":1.3,""quick_super_jump"":0.6,""special_power_up"":0.6,""ink_resistance_up"":0.3,""last_ditch_effort"":true}",96gal_sou,5,3,2,11,1,378,"{""special_power_up"":1.3,""intensify_action"":0.9,""swim_speed_up"":0.6,""ink_resistance_up"":0.3,""quick_super_jump"":0.3,""sub_resistance_up"":0.3,""comeback"":true,""stealth_jump"":true}",screwslosher,7,6,1,5,3,821,"{""run_speed_up"":1,""swim_speed_up"":0.9,""ink_saver_main"":0.6,""ink_resistance_up"":0.3,""quick_super_jump"":0.3,""special_charge_up"":0.3,""special_saver"":0.3,""last_ditch_effort"":true,""stealth_jump"":true}",gold,#1 Splat Assister,silver,#2 Splat Zone Inker,,,
Sizzle Season 2025,2025-06-30T02:00:00+00:00,10.0.1,xmatch,area,namero,119,bravo,TRUE,,2262.1,2301,,0,d0bf08ff,,2225,,100,3a0ccdff,,quadhopper_black,3,3,0,5,2,657,"{""quick_respawn"":3.5,""quick_super_jump"":0.6,""ink_resistance_up"":0.3,""swim_speed_up"":0.3,""stealth_jump"":true}",fincent,4,2,2,2,3,523,"{""swim_speed_up"":0.9,""ink_recovery_up"":0.6,""quick_super_jump"":0.6,""ink_resistance_up"":0.3,""ink_saver_main"":0.3,""comeback"":true,""ninja_squid"":true,""stealth_jump"":true}",examiner,1,1,0,3,2,571,"{""run_speed_up"":2,""special_charge_up"":0.9,""special_power_up"":0.9,""ink_resistance_up"":0.6,""quick_super_jump"":0.3,""stealth_jump"":true}",screwslosher,1,0,1,4,2,550,"{""run_speed_up"":1,""swim_speed_up"":0.9,""ink_saver_main"":0.6,""ink_resistance_up"":0.3,""quick_super_jump"":0.3,""special_charge_up"":0.3,""special_saver"":0.3,""last_ditch_effort"":true,""stealth_jump"":true}",nautilus79,7,5,2,1,2,730,"{""run_speed_up"":1.6,""swim_speed_up"":1.6,""ink_resistance_up"":0.6,""quick_super_jump"":0.6,""sub_resistance_up"":0.3,""stealth_jump"":true}",screwslosher,6,6,0,2,1,540,"{""swim_speed_up"":1,""ink_saver_main"":0.6,""quick_super_jump"":0.6,""special_charge_up"":0.6,""ink_resistance_up"":0.3,""ink_saver_sub"":0.3,""special_saver"":0.3,""comeback"":true,""stealth_jump"":true}",maneuver,4,3,1,1,2,437,"{""quick_respawn"":1.3,""swim_speed_up"":0.9,""intensify_action"":0.6,""quick_super_jump"":0.6,""ink_resistance_up"":0.3,""comeback"":true,""stealth_jump"":true}",prime_frzn,1,0,1,2,1,518,"{""ink_saver_main"":1.3,""special_charge_up"":1,""intensify_action"":0.9,""swim_speed_up"":0.9,""ink_recovery_up"":0.3,""quick_super_jump"":0.3,""stealth_jump"":true}",gold,#1 Popular Target,gold,#1 Turf Inker,gold,#1 Splat Zone Inker,
Sizzle Season 2025,2025-06-30T02:00:00+00:00,10.0.1,xmatch,area,namero,210,bravo,TRUE,,1958.4,3223,,0,c12d74ff,,3193,,100,2cb721ff,,sharp,7,5,2,7,3,815,"{""swim_speed_up"":1.6,""ink_recovery_up"":0.6,""ink_resistance_up"":0.6,""run_speed_up"":0.6,""ink_saver_sub"":0.3,""ninja_squid"":true,""stealth_jump"":true}",order_slosher_replica,10,6,4,9,1,681,"{""swim_speed_up"":0.9,""ink_saver_main"":0.6,""special_charge_up"":0.6,""ink_resistance_up"":0.3,""special_saver"":0.3,""last_ditch_effort"":true,""respawn_punisher"":true,""stealth_jump"":true}",wakaba,3,3,0,4,3,1160,"{""ink_saver_sub"":2.9,""sub_power_up"":1.5,""swim_speed_up"":1,""ink_recovery_up"":0.3}",hotblaster,6,6,0,11,1,567,"{""quick_respawn"":1.9,""quick_super_jump"":0.6,""special_saver"":0.6,""ink_resistance_up"":0.3,""sub_resistance_up"":0.3,""comeback"":true,""stealth_jump"":true}",sputtery,12,9,3,3,4,970,"{""swim_speed_up"":1.5,""run_speed_up"":1.3,""quick_super_jump"":0.6,""special_saver"":0.3,""comeback"":true,""stealth_jump"":true}",52gal,8,6,2,3,4,1033,"{""swim_speed_up"":1.6,""intensify_action"":0.9,""quick_super_jump"":0.6,""special_charge_up"":0.3,""special_saver"":0.3,""opening_gambit"":true,""stealth_jump"":true}",fincent_hue,12,11,1,10,0,595,"{""swim_speed_up"":1.6,""quick_super_jump"":1.2,""ink_saver_main"":0.3,""quick_respawn"":0.3,""special_charge_up"":0.3,""last_ditch_effort"":true,""stealth_jump"":true}",sblast91,7,5,2,4,2,595,"{""ink_saver_sub"":1.3,""swim_speed_up"":0.9,""quick_super_jump"":0.6,""ink_recovery_up"":0.3,""ink_saver_main"":0.3,""sub_resistance_up"":0.3,""comeback"":true,""stealth_jump"":true}",silver,#1 Splat Zone Hero,silver,#1 Damage Taker,gold,#1 Splat Zone Guard,
Sizzle Season 2025,2025-06-30T02:00:00+00:00,10.0.1,xmatch,area,namero,143,alpha,TRUE,,2262.1,2507,,100,d74b31ff,,2452,,0,1ec0adff,,quadhopper_black,5,4,1,4,2,629,"{""quick_respawn"":3.5,""quick_super_jump"":0.6,""ink_resistance_up"":0.3,""swim_speed_up"":0.3,""stealth_jump"":true}",fincent,7,5,2,2,1,510,"{""swim_speed_up"":0.9,""ink_recovery_up"":0.6,""quick_super_jump"":0.6,""ink_resistance_up"":0.3,""ink_saver_main"":0.3,""comeback"":true,""ninja_squid"":true,""stealth_jump"":true}",rpen_5h,4,2,2,0,2,822,"{""ink_saver_main"":1.9,""special_charge_up"":1.3,""quick_super_jump"":0.6,""special_power_up"":0.6,""ink_resistance_up"":0.3,""last_ditch_effort"":true}",prime_frzn,3,3,0,3,2,546,"{""special_charge_up"":1.3,""swim_speed_up"":1.3,""ink_resistance_up"":0.6,""intensify_action"":0.6,""quick_super_jump"":0.3,""special_saver"":0.3,""sub_resistance_up"":0.3,""stealth_jump"":true}",splatroller_collabo,4,4,0,4,2,441,"{""quick_respawn"":2.5,""sub_power_up"":1,""quick_super_jump"":0.9,""ink_resistance_up"":0.3,""drop_roller"":true}",jimuwiper_fuu,2,1,1,3,4,813,"{""quick_respawn"":1.6,""swim_speed_up"":1.5,""quick_super_jump"":0.6,""comeback"":true,""stealth_jump"":true}",prime_collabo,3,2,1,4,2,714,"{""swim_speed_up"":1.6,""intensify_action"":0.9,""ink_recovery_up"":0.3,""ink_resistance_up"":0.3,""special_saver"":0.3,""sub_power_up"":0.3,""last_ditch_effort"":true,""stealth_jump"":true}",liter4k,2,2,0,3,2,484,"{""swim_speed_up"":2.2,""quick_super_jump"":1.5,""respawn_punisher"":true,""stealth_jump"":true}",silver,First Splat!,silver,#1 Splat Zone Hero,silver,#1 Reefslider User,
Sizzle Season 2025,2025-06-30T02:00:00+00:00,10.0.1,xmatch,area,namero,300,alpha,FALSE,,1958.4,5384,,88,d74b31ff,,5296,,85,1ec0adff,,sharp,10,9,1,6,4,1345,"{""swim_speed_up"":1.6,""ink_recovery_up"":0.6,""ink_resistance_up"":0.6,""run_speed_up"":0.6,""ink_saver_sub"":0.3,""ninja_squid"":true,""stealth_jump"":true}",jimuwiper_fuu,14,9,5,6,5,1416,"{""quick_respawn"":1.6,""ink_recovery_up"":0.6,""ink_saver_main"":0.6,""swim_speed_up"":0.6,""quick_super_jump"":0.3,""comeback"":true,""stealth_jump"":true}",kugelschreiber,8,7,1,6,6,1514,"{""special_charge_up"":1.6,""special_power_up"":1.6,""run_speed_up"":1.3,""ink_resistance_up"":0.6,""intensify_action"":0.3,""special_saver"":0.3}",kelvin525,8,6,2,9,4,1109,"{""quick_respawn"":1.2,""ink_saver_main"":0.6,""ink_resistance_up"":0.3,""quick_super_jump"":0.3,""swim_speed_up"":0.3,""haunt"":true,""last_ditch_effort"":true,""stealth_jump"":true}",96gal_sou,14,7,7,10,5,1274,"{""special_power_up"":1,""intensify_action"":0.9,""special_charge_up"":0.6,""swim_speed_up"":0.6,""ink_resistance_up"":0.3,""quick_super_jump"":0.3,""last_ditch_effort"":true,""stealth_jump"":true}",barrelspinner,12,8,4,8,5,1311,"{""run_speed_up"":2.9,""ink_resistance_up"":0.6,""intensify_action"":0.6,""quick_super_jump"":0.3,""swim_speed_up"":0.3,""stealth_jump"":true}",bucketslosher,9,7,2,7,6,1489,"{""special_charge_up"":1,""ink_recovery_up"":0.6,""ink_saver_sub"":0.6,""quick_super_jump"":0.6,""swim_speed_up"":0.6,""sub_resistance_up"":0.3,""comeback"":true,""stealth_jump"":true}",maneuver_you,10,5,5,6,5,1222,"{""quick_respawn"":1.6,""quick_super_jump"":0.6,""swim_speed_up"":0.6,""ink_resistance_up"":0.3,""intensify_action"":0.3,""special_saver"":0.3,""comeback"":true,""stealth_jump"":true}",gold,#1 Enemy Splatter,silver,#1 Ink Consumer,silver,First Splat!,
Sizzle Season 2025,2025-06-30T02:00:00+00:00,10.0.1,bankara_open,hoko,yagara,88,alpha,TRUE,S+ 7,,1693,,100,6325cdff,,1557,,0,bfcd41ff,,kelvin525_deco,7,4,3,1,1,432,"{""swim_speed_up"":1,""ink_recovery_up"":0.6,""special_charge_up"":0.6,""ink_resistance_up"":0.3,""ink_saver_main"":0.3,""quick_super_jump"":0.3,""special_saver"":0.3,""sub_resistance_up"":0.3,""comeback"":true,""stealth_jump"":true}",furuido,5,4,1,1,2,578,"{""swim_speed_up"":1.6,""ink_saver_main"":1.3,""special_charge_up"":0.6,""ink_resistance_up"":0.3,""quick_super_jump"":0.3,""run_speed_up"":0.3,""sub_resistance_up"":0.3,""object_shredder"":true}",dentalwiper_mint,4,3,1,5,0,343,"{""quick_respawn"":1.6,""quick_super_jump"":0.6,""swim_speed_up"":0.6,""ink_resistance_up"":0.3,""special_saver"":0.3,""sub_resistance_up"":0.3,""comeback"":true,""stealth_jump"":true}",96gal_sou,6,2,4,1,1,340,"{""special_charge_up"":1,""special_power_up"":1,""intensify_action"":0.9,""swim_speed_up"":0.9,""ink_saver_main"":0.3,""ink_saver_sub"":0.3,""special_saver"":0.3,""stealth_jump"":true}",52gal,4,3,1,4,0,301,"{""swim_speed_up"":2.6,""intensify_action"":1.2,""ink_resistance_up"":0.3,""quick_super_jump"":0.3,""sub_resistance_up"":0.3,""stealth_jump"":true}",moprin,3,2,1,2,2,536,"{""ink_saver_main"":1.6,""special_charge_up"":0.9,""ink_resistance_up"":0.3,""quick_super_jump"":0.3,""sub_resistance_up"":0.3,""swim_speed_up"":0.3,""comeback"":true,""stealth_jump"":true}",sshooter,2,2,0,3,2,451,"{""quick_respawn"":3.2,""ink_resistance_up"":0.3,""ink_saver_main"":0.3,""quick_super_jump"":0.3,""special_saver"":0.3,""sub_resistance_up"":0.3,""stealth_jump"":true}",lact450_milk,2,1,1,4,1,269,"{""quick_respawn"":1.3,""special_charge_up"":1.3,""sub_power_up"":1,""run_speed_up"":0.6,""ink_saver_sub"":0.3,""intensify_action"":0.3,""quick_super_jump"":0.3,""sub_resistance_up"":0.3}",gold,#1 Overall Splatter,gold,#1 Super Jump Spot,gold,#1 Popular Target,
Sizzle Season 2025,2025-06-30T02:00:00+00:00,10.0.1,bankara_open,hoko,yagara,305,bravo,FALSE,S+ 7,,4735,,36,a0c937ff,,4849,,38,ba30b0ff,,kelvin525_deco,17,9,8,12,3,1070,"{""swim_speed_up"":1,""ink_recovery_up"":0.6,""special_charge_up"":0.6,""ink_resistance_up"":0.3,""ink_saver_main"":0.3,""quick_super_jump"":0.3,""special_saver"":0.3,""sub_resistance_up"":0.3,""comeback"":true,""stealth_jump"":true}",furuido,8,8,0,5,5,1617,"{""swim_speed_up"":1.6,""ink_saver_main"":1.3,""special_charge_up"":0.6,""ink_resistance_up"":0.3,""quick_super_jump"":0.3,""run_speed_up"":0.3,""sub_resistance_up"":0.3,""object_shredder"":true}",sputtery,6,5,1,18,3,916,"{""quick_respawn"":2.2,""swim_speed_up"":0.6,""ink_resistance_up"":0.3,""quick_super_jump"":0.3,""special_saver"":0.3,""comeback"":true,""stealth_jump"":true}",pablo,8,6,2,8,6,1132,"{""ink_saver_sub"":1.9,""special_charge_up"":1,""special_power_up"":0.6,""swim_speed_up"":0.6,""quick_super_jump"":0.3,""sub_resistance_up"":0.3,""stealth_jump"":true}",gaen_ff_custom,17,13,4,5,4,1401,"{""run_speed_up"":1,""intensify_action"":0.6,""sub_power_up"":0.6,""swim_speed_up"":0.6,""ink_resistance_up"":0.3,""quick_super_jump"":0.3,""special_saver"":0.3,""comeback"":true,""stealth_jump"":true}",variableroller,12,6,6,9,1,939,"{""swim_speed_up"":4.7,""ninja_squid"":true}",l3reelgun_haku,18,12,6,7,5,1253,"{""quick_respawn"":1.9,""ink_resistance_up"":0.6,""intensify_action"":0.6,""quick_super_jump"":0.3,""sub_resistance_up"":0.3,""comeback"":true,""stealth_jump"":true}",carbon_deco,16,12,4,8,2,1256,"{""sub_power_up"":2.2,""swim_speed_up"":1.6,""ink_recovery_up"":1,""ink_saver_sub"":0.6,""ink_saver_main"":0.3}",gold,#1 Overall Splatter,gold,#1 Enemy Splatter,gold,#1 Splat Assister,
Sizzle Season 2025,2025-06-30T02:00:00+00:00,10.0.1,xmatch,area,namero,300,bravo,FALSE,,1958.4,6629,,68,cfb121ff,,6635,,76,9025c6ff,,sharp,10,4,6,7,4,1388,"{""swim_speed_up"":1.6,""ink_recovery_up"":0.6,""ink_resistance_up"":0.6,""run_speed_up"":0.6,""ink_saver_sub"":0.3,""ninja_squid"":true,""stealth_jump"":true}",explosher,10,9,1,7,6,2003,"{""ink_saver_main"":2.9,""swim_speed_up"":1.9,""quick_super_jump"":0.3,""run_speed_up"":0.3,""sub_resistance_up"":0.3}",lact450_milk,5,4,1,10,6,1644,"{""swim_speed_up"":1,""ink_resistance_up"":0.6,""ink_recovery_up"":0.3,""intensify_action"":0.3,""quick_respawn"":0.3,""run_speed_up"":0.3,""special_power_up"":0.3,""special_saver"":0.3,""sub_power_up"":0.3,""comeback"":true,""stealth_jump"":true}",promodeler_sai,4,1,3,9,6,1594,"{""ink_saver_sub"":3.5,""ink_recovery_up"":0.3,""quick_respawn"":0.3,""sub_power_up"":0.3,""last_ditch_effort"":true}",quadhopper_black,15,9,6,6,6,1408,"{""quick_respawn"":1.9,""ink_resistance_up"":0.6,""quick_super_jump"":0.6,""intensify_action"":0.3,""sub_resistance_up"":0.3,""comeback"":true,""stealth_jump"":true}",sharp,15,11,4,9,3,1403,"{""swim_speed_up"":1.3,""ink_saver_main"":0.6,""special_power_up"":0.6,""ink_resistance_up"":0.3,""quick_super_jump"":0.3,""sub_power_up"":0.3,""sub_resistance_up"":0.3,""comeback"":true,""stealth_jump"":true}",tristringer,14,8,6,0,10,1849,"{""special_charge_up"":1.8,""ink_recovery_up"":1,""quick_super_jump"":0.6,""sub_resistance_up"":0.3,""object_shredder"":true,""tenacity"":true}",promodeler_mg,6,5,1,3,5,1975,"{""ink_saver_sub"":1.9,""special_power_up"":1.6,""sub_power_up"":0.6,""quick_super_jump"":0.3,""sub_resistance_up"":0.3,""stealth_jump"":true}",gold,#1 Overall Splatter,gold,#1 Popular Target,gold,#1 Splat Zone Guard,
Sizzle Season 2025,2025-06-30T02:00:00+00:00,10.0.1,bankara_open,hoko,yagara,44,bravo,TRUE,,,775,,0,1a1aafff,,1085,,100,e38d24ff,,prime_frzn,0,0,0,2,0,190,"{""ink_saver_main"":3.8,""ink_saver_sub"":1.9}",order_maneuver_replica,2,2,0,1,0,213,"{""quick_respawn"":2.8,""special_saver"":0.9,""ninja_squid"":true,""stealth_jump"":true}",liter4k_custom,1,0,1,2,0,89,"{""ink_recovery_up"":0.6,""run_speed_up"":0.6,""swim_speed_up"":0.6,""ink_saver_sub"":0.3,""quick_respawn"":0.3,""special_charge_up"":0.3,""drop_roller"":true,""opening_gambit"":true,""respawn_punisher"":true}",wideroller_waku,0,0,0,2,1,283,"{""intensify_action"":2.8,""ink_saver_main"":0.3,""run_speed_up"":0.3,""special_charge_up"":0.3,""drop_roller"":true,""ninja_squid"":true}",furo,3,3,0,1,1,371,"{""ink_resistance_up"":1.9,""ink_saver_main"":1,""opening_gambit"":true}",splatroller,3,2,1,0,1,196,"{""quick_super_jump"":1.6,""swim_speed_up"":0.9,""ink_resistance_up"":0.3,""ink_saver_sub"":0.3,""intensify_action"":0.3,""quick_respawn"":0.3,""ninja_squid"":true,""stealth_jump"":true}",sshooter_collabo,2,2,0,1,1,273,"{""quick_respawn"":1,""sub_power_up"":1,""swim_speed_up"":1,""ink_saver_main"":0.9,""ink_recovery_up"":0.3,""quick_super_jump"":0.3,""special_charge_up"":0.3,""special_power_up"":0.3,""special_saver"":0.3,""sub_resistance_up"":0.3}",promodeler_rg,1,0,1,0,1,245,"{""special_charge_up"":1.9,""special_saver"":1.9,""swim_speed_up"":1.9}",silver,#1 Ink Consumer,silver,#1 Ground Traveler,,,
Sizzle Season 2025,2025-06-30T02:00:00+00:00,10.0.1,bankara_open,hoko,masaba,309,alpha,FALSE,,,4831,,49,2cb721ff,,4888,,45,c12d74ff,,prime_frzn,14,12,2,12,4,1279,"{""ink_saver_main"":3.8,""ink_saver_sub"":1.9}",splatspinner_collabo,11,4,7,6,5,1259,"{""sub_power_up"":1.6,""ink_recovery_up"":1.3,""ink_saver_sub"":1,""swim_speed_up"":0.9,""run_speed_up"":0.6,""ink_saver_main"":0.3}",wideroller_waku,8,8,0,9,4,1069,"{""intensify_action"":2.8,""ink_saver_main"":0.3,""run_speed_up"":0.3,""special_charge_up"":0.3,""drop_roller"":true,""ninja_squid"":true}",sputtery_owl,10,7,3,8,4,1224,"{""ink_saver_sub"":1.9,""swim_speed_up"":1.9,""ink_saver_main"":0.9,""ninja_squid"":true}",hotblaster_custom,16,12,4,7,3,911,"{""ink_resistance_up"":1.6,""quick_respawn"":1.3,""ink_saver_main"":1,""run_speed_up"":0.3,""sub_power_up"":0.3,""sub_resistance_up"":0.3,""swim_speed_up"":0.3}",maneuver_collabo,15,13,2,8,4,1582,"{""quick_super_jump"":1.3,""ink_saver_sub"":1,""special_saver"":1,""ink_recovery_up"":0.3,""run_speed_up"":0.3,""special_charge_up"":0.3,""sub_power_up"":0.3,""swim_speed_up"":0.3}",campingshelter_sorella,9,4,5,7,4,1396,"{""quick_respawn"":2.8,""quick_super_jump"":0.6,""ink_resistance_up"":0.3,""comeback"":true,""stealth_jump"":true}",dynamo,6,5,1,9,2,999,"{""quick_respawn"":2.5,""quick_super_jump"":0.6,""ink_resistance_up"":0.3,""intensify_action"":0.3,""comeback"":true,""stealth_jump"":true}",gold,#1 Overall Splatter,gold,#1 Enemy Splatter,gold,#1 Turf Inker,
Sizzle Season 2025,2025-06-30T02:00:00+00:00,10.0.1,xmatch,area,mahimahi,153,alpha,TRUE,,1908.4,3068,,100,ba30b0ff,,3214,,0,a0c937ff,,sharp,9,6,3,1,2,701,"{""swim_speed_up"":1.6,""ink_recovery_up"":0.6,""ink_resistance_up"":0.6,""run_speed_up"":0.6,""ink_saver_sub"":0.3,""ninja_squid"":true,""stealth_jump"":true}",wakaba,8,5,3,1,4,998,"{""ink_saver_sub"":1.3,""special_charge_up"":1,""sub_power_up"":0.9,""swim_speed_up"":0.6,""ink_resistance_up"":0.3,""quick_super_jump"":0.3,""sub_resistance_up"":0.3,""last_ditch_effort"":true}",splatspinner_pytn,3,2,1,2,2,562,"{""run_speed_up"":1.3,""sub_power_up"":1.3,""special_charge_up"":1.2,""special_saver"":0.3,""stealth_jump"":true}",sshooter_collabo,4,3,1,3,2,807,"{""ink_saver_sub"":1,""intensify_action"":0.9,""swim_speed_up"":0.9,""ink_resistance_up"":0.3,""quick_super_jump"":0.3,""sub_resistance_up"":0.3,""opening_gambit"":true,""stealth_jump"":true}",52gal,5,5,0,3,3,735,"{""quick_respawn"":1.9,""swim_speed_up"":1,""intensify_action"":0.9,""ink_resistance_up"":0.3,""quick_super_jump"":0.3,""sub_resistance_up"":0.3,""stealth_jump"":true}",maneuver,2,1,1,5,3,810,"{""quick_respawn"":1.3,""quick_super_jump"":0.6,""swim_speed_up"":0.6,""ink_resistance_up"":0.3,""intensify_action"":0.3,""special_saver"":0.3,""sub_resistance_up"":0.3,""comeback"":true,""stealth_jump"":true}",momiji,1,0,1,3,4,970,"{""swim_speed_up"":2.2,""ink_saver_sub"":1.9,""sub_resistance_up"":0.6,""object_shredder"":true}",lact450_milk,2,1,1,5,4,699,"{""swim_speed_up"":1,""ink_resistance_up"":0.6,""ink_recovery_up"":0.3,""intensify_action"":0.3,""quick_respawn"":0.3,""run_speed_up"":0.3,""special_power_up"":0.3,""special_saver"":0.3,""sub_power_up"":0.3,""comeback"":true,""stealth_jump"":true}",gold,#1 Overall Splatter,gold,#1 Enemy Splatter,gold,#1 Splat Zone Guard,
Sizzle Season 2025,2025-06-30T02:00:00+00:00,10.0.1,bankara_open,hoko,yagara,313,bravo,FALSE,S+ 7,,4888,,74,c43a6eff,,4970,,82,1bbfabff,,52gal,23,21,2,11,3,1303,"{""swim_speed_up"":1.6,""intensify_action"":0.9,""quick_super_jump"":0.6,""ink_resistance_up"":0.3,""sub_resistance_up"":0.3,""opening_gambit"":true,""stealth_jump"":true}",sharp_neo,3,2,1,7,5,1412,"{""special_charge_up"":2,""special_power_up"":1.2,""sub_resistance_up"":0.6,""swim_speed_up"":0.6,""quick_super_jump"":0.3,""stealth_jump"":true}",furuido,13,8,5,5,6,1301,"{""swim_speed_up"":1.6,""ink_saver_main"":1.3,""special_charge_up"":0.6,""ink_resistance_up"":0.3,""quick_super_jump"":0.3,""run_speed_up"":0.3,""sub_resistance_up"":0.3,""object_shredder"":true}",sputtery,9,9,0,13,2,872,"{""quick_respawn"":2.2,""swim_speed_up"":0.6,""ink_resistance_up"":0.3,""quick_super_jump"":0.3,""special_saver"":0.3,""comeback"":true,""stealth_jump"":true}",nautilus47,18,15,3,9,4,1260,"{""run_speed_up"":1.6,""swim_speed_up"":1.3,""quick_super_jump"":0.6,""quick_respawn"":0.3,""sub_power_up"":0.3,""sub_resistance_up"":0.3,""stealth_jump"":true}",drivewiper,8,6,2,14,3,1360,"{""ink_recovery_up"":1,""ink_resistance_up"":0.6,""swim_speed_up"":0.6,""ink_saver_main"":0.3,""special_power_up"":0.3,""ninja_squid"":true,""stealth_jump"":true}",96gal_sou,14,9,5,8,5,1168,"{""special_power_up"":1.6,""ink_saver_sub"":0.9,""special_charge_up"":0.6,""ink_saver_main"":0.3,""intensify_action"":0.3,""last_ditch_effort"":true,""ninja_squid"":true}",sputtery_hue,7,6,1,12,4,1182,"{""ink_resistance_up"":2.3,""special_charge_up"":1,""ink_saver_main"":0.6,""special_power_up"":0.6,""intensify_action"":0.3,""sub_power_up"":0.3,""sub_resistance_up"":0.3,""swim_speed_up"":0.3}",gold,#1 Overall Splatter,gold,#1 Enemy Splatter,gold,#1 Popular Target,
Sizzle Season 2025,2025-06-30T02:00:00+00:00,10.0.1,bankara_open,hoko,masaba,316,bravo,FALSE,,,4682,,44,a0c937ff,,4464,,67,ba30b0ff,,prime_frzn,8,7,1,10,2,1070,"{""ink_saver_main"":3.8,""ink_saver_sub"":1.9}",dynamo_mei,13,8,5,13,5,1002,"{""special_charge_up"":1.9,""special_saver"":1.9,""special_power_up"":1.3,""quick_super_jump"":0.6}",promodeler_rg,12,11,1,11,6,1606,"{""special_charge_up"":1.8,""special_power_up"":1,""special_saver"":0.9,""object_shredder"":true,""thermal_ink"":true}",carbon_angl,11,8,3,10,3,1004,"{""intensify_action"":1.6,""ink_saver_main"":1.3,""ink_recovery_up"":0.6,""ink_saver_sub"":0.3,""quick_respawn"":0.3,""special_charge_up"":0.3,""special_power_up"":0.3,""last_ditch_effort"":true}",carbon_deco,20,16,4,6,3,1044,"{""swim_speed_up"":1.9,""special_charge_up"":0.9,""ink_resistance_up"":0.3,""quick_super_jump"":0.3,""sub_resistance_up"":0.3,""ninja_squid"":true,""stealth_jump"":true}",sharp,17,12,5,8,3,1220,"{""ink_recovery_up"":1,""sub_power_up"":1,""swim_speed_up"":1,""quick_super_jump"":0.9,""ink_resistance_up"":0.6,""special_power_up"":0.6,""run_speed_up"":0.3,""sub_resistance_up"":0.3}",nautilus79,6,6,0,11,1,1016,"{""ink_saver_main"":1.3,""quick_respawn"":1,""ink_recovery_up"":0.3,""quick_super_jump"":0.3,""special_charge_up"":0.3,""special_power_up"":0.3,""sub_resistance_up"":0.3,""swim_speed_up"":0.3,""ninja_squid"":true}",prime_collabo,14,10,4,9,3,1184,"{""swim_speed_up"":2.8,""run_speed_up"":1.3,""ink_saver_sub"":1,""quick_respawn"":0.3}",silver,#1 Ink Consumer,silver,#1 Damage Taker,silver,#2 Turf Inker,
Sizzle Season 2025,2025-06-30T02:00:00+00:00,10.0.1,xmatch,area,namero,212,alpha,TRUE,,1908.4,3803,,100,df6624ff,,3714,,0,343bc4ff,,sharp,7,5,2,7,2,771,"{""swim_speed_up"":1.6,""ink_recovery_up"":0.6,""ink_resistance_up"":0.6,""run_speed_up"":0.6,""ink_saver_sub"":0.3,""ninja_squid"":true,""stealth_jump"":true}",maneuver_you,9,6,3,7,3,808,"{""quick_respawn"":1.3,""quick_super_jump"":0.6,""swim_speed_up"":0.6,""ink_resistance_up"":0.3,""intensify_action"":0.3,""special_saver"":0.3,""sub_resistance_up"":0.3,""comeback"":true,""stealth_jump"":true}",wakaba,5,4,1,4,4,1144,"{""ink_saver_sub"":2.8,""ink_recovery_up"":1,""sub_power_up"":1,""swim_speed_up"":0.6,""quick_super_jump"":0.3}",tristringer_tou,6,5,1,2,5,1080,"{""special_power_up"":1.6,""run_speed_up"":1,""swim_speed_up"":0.9,""ink_recovery_up"":0.3,""ink_resistance_up"":0.3,""special_saver"":0.3,""sub_resistance_up"":0.3,""drop_roller"":true}",sshooter,7,7,0,5,3,929,"{""swim_speed_up"":1,""intensify_action"":0.9,""quick_super_jump"":0.6,""run_speed_up"":0.6,""ink_resistance_up"":0.3,""sub_resistance_up"":0.3,""comeback"":true,""stealth_jump"":true}",wakaba,7,6,1,6,4,1220,"{""ink_saver_sub"":1,""special_charge_up"":1,""sub_power_up"":0.9,""swim_speed_up"":0.9,""ink_resistance_up"":0.3,""quick_respawn"":0.3,""quick_super_jump"":0.3,""stealth_jump"":true}",furuido,4,2,2,3,3,979,"{""special_charge_up"":0.6,""swim_speed_up"":0.6,""ink_recovery_up"":0.3,""special_saver"":0.3,""sub_resistance_up"":0.3,""object_shredder"":true,""tenacity"":true,""thermal_ink"":true}",hokusai_sui,5,5,0,6,2,586,"{""swim_speed_up"":2,""quick_super_jump"":0.9,""special_saver"":0.6,""sub_resistance_up"":0.6,""ink_resistance_up"":0.3,""ink_saver_sub"":0.3,""stealth_jump"":true}",silver,#1 Ground Traveler,silver,#2 Overall Splatter,silver,#2 Splat Zone Guard,
Sizzle Season 2025,2025-06-30T02:00:00+00:00,10.0.1,bankara_open,hoko,yagara,300,alpha,FALSE,S+ 7,,4869,,93,2cb721ff,,4711,,29,c12d74ff,,52gal,16,16,0,11,2,1289,"{""swim_speed_up"":1.6,""intensify_action"":0.9,""quick_super_jump"":0.6,""ink_resistance_up"":0.3,""sub_resistance_up"":0.3,""opening_gambit"":true,""stealth_jump"":true}",sputtery,4,2,2,14,2,706,"{""quick_respawn"":2.2,""swim_speed_up"":0.6,""ink_resistance_up"":0.3,""quick_super_jump"":0.3,""special_saver"":0.3,""comeback"":true,""stealth_jump"":true}",furuido,6,5,1,6,3,1290,"{""swim_speed_up"":1.6,""ink_saver_main"":1.3,""special_charge_up"":0.6,""ink_resistance_up"":0.3,""quick_super_jump"":0.3,""run_speed_up"":0.3,""sub_resistance_up"":0.3,""object_shredder"":true}",sharp_neo,3,2,1,4,6,1584,"{""special_charge_up"":1,""ink_saver_sub"":0.6,""special_power_up"":0.6,""swim_speed_up"":0.6,""ink_recovery_up"":0.3,""quick_super_jump"":0.3,""sub_resistance_up"":0.3,""comeback"":true,""stealth_jump"":true}",nova,19,18,1,8,6,1157,"{""quick_respawn"":0.6,""ink_resistance_up"":0.3,""ink_saver_main"":0.3,""ink_saver_sub"":0.3,""intensify_action"":0.3,""quick_super_jump"":0.3,""special_power_up"":0.3,""sub_power_up"":0.3,""comeback"":true,""ninja_squid"":true,""stealth_jump"":true}",furuido_custom,15,10,5,3,5,1283,"{""ink_resistance_up"":1.9,""ink_saver_main"":1.9,""sub_resistance_up"":1.9}",tristringer_tou,9,2,7,6,5,1224,"{""special_charge_up"":1,""ink_saver_main"":0.9,""run_speed_up"":0.9,""quick_super_jump"":0.6,""special_power_up"":0.3,""object_shredder"":true,""thermal_ink"":true}",moprin,8,5,3,10,3,1047,"{""ink_saver_main"":3.2,""ink_resistance_up"":0.6,""ink_recovery_up"":0.3,""ink_saver_sub"":0.3,""swim_speed_up"":0.3,""thermal_ink"":true}",gold,#1 Overall Splatter,gold,#1 Enemy Splatter,silver,#1 Killer Wail 5.1 User,
Sizzle Season 2025,2025-06-30T02:00:00+00:00,10.0.1,xmatch,area,mahimahi,247,bravo,TRUE,,1908.4,5352,,0,cfb121ff,,5330,,100,9025c6ff,,sharp,9,7,2,6,5,1346,"{""swim_speed_up"":1.6,""ink_recovery_up"":0.6,""ink_resistance_up"":0.6,""run_speed_up"":0.6,""ink_saver_sub"":0.3,""ninja_squid"":true,""stealth_jump"":true}",hissen_ash,10,8,2,5,4,1192,"{""quick_respawn"":1.6,""sub_power_up"":0.9,""ink_resistance_up"":0.3,""quick_super_jump"":0.3,""sub_resistance_up"":0.3,""swim_speed_up"":0.3,""comeback"":true,""stealth_jump"":true}",lact450_milk,6,4,2,6,7,1802,"{""swim_speed_up"":1.3,""ink_resistance_up"":0.6,""quick_super_jump"":0.6,""run_speed_up"":0.6,""special_charge_up"":0.3,""sub_resistance_up"":0.3,""last_ditch_effort"":true,""stealth_jump"":true}",jimuwiper,4,4,0,9,3,1012,"{""swim_speed_up"":1.9,""quick_super_jump"":0.6,""ink_resistance_up"":0.3,""ink_saver_sub"":0.3,""special_saver"":0.3,""sub_resistance_up"":0.3,""comeback"":true,""stealth_jump"":true}",moprin_kaku,13,7,6,4,6,1520,"{""special_charge_up"":2.6,""swim_speed_up"":1.2,""ink_recovery_up"":0.3,""quick_super_jump"":0.3,""special_saver"":0.3,""stealth_jump"":true}",furo,6,3,3,4,4,1460,"{""swim_speed_up"":1.3,""ink_recovery_up"":0.6,""ink_resistance_up"":0.6,""ink_saver_main"":0.6,""quick_super_jump"":0.3,""special_charge_up"":0.3,""last_ditch_effort"":true,""thermal_ink"":true}",wideroller_waku,10,8,2,8,5,1302,"{""ink_saver_sub"":1.9,""special_charge_up"":1.6,""ink_saver_main"":0.6,""quick_super_jump"":0.6,""stealth_jump"":true}",momiji,10,7,3,7,3,1048,"{""ink_saver_main"":1.6,""swim_speed_up"":1.6,""special_charge_up"":0.6,""ink_resistance_up"":0.3,""quick_super_jump"":0.3,""sub_resistance_up"":0.3,""stealth_jump"":true}",gold,#1 Super Jump Spot,gold,#1 Splat Assister,silver,First Splat!,
Sizzle Season 2025,2025-06-30T02:00:00+00:00,10.0.1,bankara_open,hoko,masaba,300,bravo,FALSE,,,4620,,61,e38d24ff,,4912,,79,1a1aafff,,carbon_angl,16,12,4,11,1,1193,"{""ink_saver_main"":3.8,""ink_saver_sub"":1.9}",sshooter,7,6,1,7,4,1802,"{""ink_recovery_up"":1,""quick_respawn"":1,""special_saver"":1,""intensify_action"":0.3,""special_power_up"":0.3,""sub_power_up"":0.3}",tristringer_tou,8,3,5,9,2,819,"{""ink_recovery_up"":1.3,""ink_resistance_up"":1,""run_speed_up"":1,""ink_saver_sub"":0.6,""sub_resistance_up"":0.6,""intensify_action"":0.3,""quick_super_jump"":0.3,""special_power_up"":0.3,""swim_speed_up"":0.3}",longblaster_custom,11,8,3,8,2,806,"{""intensify_action"":1.3,""quick_respawn"":0.3,""run_speed_up"":0.3,""special_saver"":0.3,""sub_resistance_up"":0.3,""ninja_squid"":true,""stealth_jump"":true}",sshooter_kou,15,11,4,11,0,857,"{""ink_recovery_up"":2,""quick_super_jump"":1,""special_power_up"":0.6,""quick_respawn"":0.3,""special_charge_up"":0.3,""sub_power_up"":0.3,""swim_speed_up"":0.3}",maneuver_collabo,14,13,1,5,5,1638,"{""ink_saver_main"":1,""quick_respawn"":1,""special_power_up"":1,""ink_saver_sub"":0.3}",dentalwiper_mint,10,5,5,8,3,1273,"{""quick_super_jump"":1.6,""quick_respawn"":1.3,""special_charge_up"":0.6,""ink_saver_main"":0.3,""intensify_action"":0.3,""sub_power_up"":0.3,""object_shredder"":true}",furo_deco,8,6,2,6,4,1144,"{""ink_saver_main"":1,""ink_recovery_up"":0.3,""ink_resistance_up"":0.3,""quick_super_jump"":0.3,""run_speed_up"":0.3,""sub_power_up"":0.3,""sub_resistance_up"":0.3,""last_ditch_effort"":true,""thermal_ink"":true}",gold,#1 Score Booster,gold,Record-Score Setter,gold,#1 Overall Splatter,
Sizzle Season 2025,2025-06-30T02:00:00+00:00,10.0.1,xmatch,area,namero,300,alpha,FALSE,,1908.4,7262,,92,ba30b0ff,,7016,,74,a0c937ff,,sharp,11,8,3,4,5,1440,"{""swim_speed_up"":1.6,""ink_recovery_up"":0.6,""ink_resistance_up"":0.6,""run_speed_up"":0.6,""ink_saver_sub"":0.3,""ninja_squid"":true,""stealth_jump"":true}",furo,14,9,5,5,6,2170,"{""swim_speed_up"":1.3,""ink_recovery_up"":0.6,""ink_resistance_up"":0.6,""ink_saver_main"":0.6,""quick_super_jump"":0.3,""special_charge_up"":0.3,""last_ditch_effort"":true,""thermal_ink"":true}",variableroller,12,9,3,5,7,2201,"{""special_charge_up"":1.9,""ink_saver_main"":0.9,""swim_speed_up"":0.6,""special_saver"":0.3,""last_ditch_effort"":true,""stealth_jump"":true}",drivewiper_deco,8,5,3,8,5,1451,"{""sub_power_up"":1.3,""special_saver"":1,""swim_speed_up"":1,""ink_recovery_up"":0.6,""ink_resistance_up"":0.6,""special_charge_up"":0.6,""quick_super_jump"":0.3,""sub_resistance_up"":0.3}",promodeler_rg,9,5,4,4,11,2516,"{""special_charge_up"":3.2,""ink_saver_sub"":1.9,""ink_saver_main"":0.3,""special_saver"":0.3}",dynamo_mei,10,10,0,8,6,1277,"{""swim_speed_up"":1.3,""ink_saver_main"":1,""special_charge_up"":0.9,""ink_resistance_up"":0.6,""quick_super_jump"":0.6,""ink_saver_sub"":0.3,""stealth_jump"":true}",furo,3,1,2,4,8,2175,"{""ink_saver_main"":3.8,""run_speed_up"":0.9,""thermal_ink"":true}",fincent,6,6,0,15,3,1048,"{""quick_respawn"":2.2,""ink_recovery_up"":0.3,""ink_resistance_up"":0.3,""quick_super_jump"":0.3,""special_saver"":0.3,""sub_resistance_up"":0.3,""comeback"":true,""stealth_jump"":true}",silver,#1 Splat Zone Hero,silver,#1 Damage Taker,gold,#1 Splat Zone Guard,
Sizzle Season 2025,2025-06-30T02:00:00+00:00,10.0.1,bankara_open,hoko,masaba,283,bravo,TRUE,,,4309,,0,cd510aff,,4746,,100,6e04b6ff,,carbon_angl,8,4,4,10,1,859,"{""ink_saver_main"":3.8,""ink_saver_sub"":1.9}",jimuwiper,15,12,3,9,5,1286,"{""ink_saver_main"":1.3,""swim_speed_up"":0.9,""ink_resistance_up"":0.3,""quick_super_jump"":0.3,""special_power_up"":0.3,""special_saver"":0.3,""sub_resistance_up"":0.3,""comeback"":true,""stealth_jump"":true}",furuido_custom,7,2,5,7,2,878,"{""ink_saver_sub"":1,""swim_speed_up"":1,""ink_saver_main"":0.9,""intensify_action"":0.6,""ink_resistance_up"":0.3,""run_speed_up"":0.3,""special_power_up"":0.3,""special_saver"":0.3,""ninja_squid"":true}",52gal_deco,13,12,1,10,3,1286,"{""swim_speed_up"":2.2,""intensify_action"":1.6,""quick_super_jump"":0.6,""ink_saver_main"":0.3,""stealth_jump"":true}",maneuver_collabo,21,18,3,4,7,1770,"{""special_charge_up"":1.2,""ink_saver_sub"":1,""ink_saver_main"":0.9,""ink_recovery_up"":0.6,""ninja_squid"":true,""stealth_jump"":true}",dentalwiper_mint,11,7,4,6,3,1189,"{""ink_saver_sub"":1.8,""ink_saver_main"":0.9,""drop_roller"":true,""last_ditch_effort"":true,""ninja_squid"":true}",drivewiper_rust,8,7,1,11,1,965,"{""quick_respawn"":1.6,""ink_saver_main"":0.6,""quick_super_jump"":0.6,""swim_speed_up"":0.6,""sub_resistance_up"":0.3,""comeback"":true,""stealth_jump"":true}",sshooter_kou,5,4,1,9,3,822,"{""quick_super_jump"":3.3,""sub_resistance_up"":0.6,""ink_recovery_up"":0.3,""quick_respawn"":0.3,""special_power_up"":0.3}",silver,#2 Splat Assister,silver,#1 Rainmaker Carrier,silver,#2 Super Jump Spot,
Sizzle Season 2025,2025-06-30T02:00:00+00:00,10.0.1,bankara_open,hoko,yagara,302,alpha,FALSE,S+ 7,,4857,,37,a0c937ff,,4731,,36,ba30b0ff,,52gal,15,12,3,10,5,1301,"{""swim_speed_up"":1.6,""intensify_action"":0.9,""quick_super_jump"":0.6,""ink_resistance_up"":0.3,""sub_resistance_up"":0.3,""opening_gambit"":true,""stealth_jump"":true}",96gal_sou,9,3,6,8,4,926,"{""special_charge_up"":1,""special_power_up"":1,""intensify_action"":0.9,""swim_speed_up"":0.9,""ink_saver_main"":0.3,""ink_saver_sub"":0.3,""special_saver"":0.3,""stealth_jump"":true}",bold,13,9,4,6,8,1501,"{""swim_speed_up"":4.7,""object_shredder"":true}",liter4k_scope,11,8,3,1,5,1129,"{""ink_saver_main"":1,""quick_super_jump"":0.9,""ink_recovery_up"":0.6,""swim_speed_up"":0.6,""ink_resistance_up"":0.3,""sub_resistance_up"":0.3,""object_shredder"":true,""respawn_punisher"":true}",hydra,13,11,2,7,2,691,"{""ink_saver_main"":1.3,""run_speed_up"":1.3,""ink_recovery_up"":1,""special_charge_up"":0.9,""swim_speed_up"":0.6,""special_saver"":0.3,""sub_resistance_up"":0.3}",sharp_neo,4,3,1,7,4,1439,"{""ink_saver_sub"":2.3,""ink_recovery_up"":1.6,""sub_power_up"":0.9,""swim_speed_up"":0.6,""ink_saver_main"":0.3}",96gal_sou,11,5,6,8,4,1107,"{""special_charge_up"":1.8,""ink_recovery_up"":1.6,""swim_speed_up"":1,""special_power_up"":0.3,""respawn_punisher"":true}",wakaba,8,6,2,10,5,1494,"{""ink_saver_sub"":2.9,""special_charge_up"":1.3,""swim_speed_up"":0.6,""ink_resistance_up"":0.3,""quick_super_jump"":0.3,""sub_resistance_up"":0.3}",gold,#1 Overall Splatter,gold,#1 Enemy Splatter,silver,#1 Killer Wail 5.1 User,
Sizzle Season 2025,2025-06-30T02:00:00+00:00,10.0.1,xmatch,area,namero,247,bravo,TRUE,,1958.4,5101,,0,c12d74ff,,5260,,100,2cb721ff,,sharp,8,6,2,5,5,1369,"{""swim_speed_up"":1.6,""ink_recovery_up"":0.6,""ink_resistance_up"":0.6,""run_speed_up"":0.6,""ink_saver_sub"":0.3,""ninja_squid"":true,""stealth_jump"":true}",examiner,8,4,4,3,5,1338,"{""run_speed_up"":1.3,""quick_super_jump"":0.6,""special_power_up"":0.6,""ink_resistance_up"":0.3,""ink_saver_main"":0.3,""special_saver"":0.3,""swim_speed_up"":0.3,""last_ditch_effort"":true,""stealth_jump"":true}",lact450_milk,4,3,1,5,6,1460,"{""swim_speed_up"":1.3,""ink_resistance_up"":0.6,""quick_super_jump"":0.6,""run_speed_up"":0.6,""special_charge_up"":0.3,""sub_resistance_up"":0.3,""last_ditch_effort"":true,""stealth_jump"":true}",rapid_elite_deco,6,4,2,4,4,934,"{""run_speed_up"":1.9,""swim_speed_up"":1.5,""ink_saver_main"":1,""quick_super_jump"":0.3,""stealth_jump"":true}",wideroller_waku,8,5,3,4,6,1333,"{""ink_saver_sub"":1.9,""special_charge_up"":1.6,""ink_saver_main"":0.6,""quick_super_jump"":0.6,""stealth_jump"":true}",furo,5,3,2,3,5,1631,"{""ink_saver_main"":3.8,""run_speed_up"":0.9,""thermal_ink"":true}",prime_collabo,8,7,1,5,4,1266,"{""intensify_action"":1.2,""ink_saver_main"":1,""swim_speed_up"":0.6,""ink_resistance_up"":0.3,""quick_super_jump"":0.3,""sub_resistance_up"":0.3,""last_ditch_effort"":true,""stealth_jump"":true}",hydra_atsu,3,2,1,5,3,1030,"{""run_speed_up"":2.9,""ink_resistance_up"":0.9,""swim_speed_up"":0.6,""quick_super_jump"":0.3,""object_shredder"":true}",gold,#1 Overall Splatter,gold,#1 Super Jump Spot,gold,#1 Splat Zone Guard,
Sizzle Season 2025,2025-06-30T02:00:00+00:00,10.0.1,bankara_open,hoko,yagara,300,alpha,FALSE,S+ 7,,4677,,93,1ec0adff,,4427,,40,d74b31ff,,splatspinner_pytn,13,11,2,8,6,1444,"{""run_speed_up"":1.6,""special_charge_up"":1.3,""ink_resistance_up"":0.6,""sub_power_up"":0.6,""intensify_action"":0.3,""swim_speed_up"":0.3,""object_shredder"":true}",furuido,11,9,2,7,4,1325,"{""swim_speed_up"":1.6,""ink_saver_main"":1.3,""special_charge_up"":0.6,""ink_resistance_up"":0.3,""quick_super_jump"":0.3,""run_speed_up"":0.3,""sub_resistance_up"":0.3,""object_shredder"":true}",nzap85,9,2,7,7,5,1113,"{""special_charge_up"":1,""special_power_up"":0.6,""swim_speed_up"":0.6,""ink_resistance_up"":0.3,""intensify_action"":0.3,""quick_super_jump"":0.3,""special_saver"":0.3,""sub_resistance_up"":0.3,""comeback"":true,""stealth_jump"":true}",bold_neo,9,6,3,15,2,795,"{""quick_respawn"":2.2,""swim_speed_up"":0.6,""ink_resistance_up"":0.3,""quick_super_jump"":0.3,""special_saver"":0.3,""comeback"":true,""stealth_jump"":true}",maneuver_collabo,15,10,5,9,3,987,"{""quick_respawn"":1,""sub_power_up"":0.9,""swim_speed_up"":0.6,""ink_saver_main"":0.3,""intensify_action"":0.3,""quick_super_jump"":0.3,""sub_resistance_up"":0.3,""comeback"":true,""ninja_squid"":true}",prime_frzn,14,9,5,5,5,1407,"{""special_charge_up"":1,""special_power_up"":0.9,""swim_speed_up"":0.9,""quick_super_jump"":0.6,""ink_resistance_up"":0.3,""comeback"":true,""stealth_jump"":true}",nautilus47,13,10,3,8,4,1256,"{""run_speed_up"":1.6,""swim_speed_up"":1.3,""quick_super_jump"":0.6,""quick_respawn"":0.3,""sub_power_up"":0.3,""sub_resistance_up"":0.3,""stealth_jump"":true}",liter4k,8,8,0,6,2,777,"{""ink_saver_main"":1.9,""ink_resistance_up"":1.3,""quick_super_jump"":1.3,""run_speed_up"":0.6,""ink_recovery_up"":0.3,""swim_speed_up"":0.3}",gold,#1 Overall Splatter,gold,#1 Turf Inker,gold,Record-Score Setter,
Sizzle Season 2025,2025-06-30T02:00:00+00:00,10.0.1,xmatch,area,mahimahi,204,bravo,TRUE,,1958.4,4337,,0,1a1aafff,,4585,,100,e38d24ff,,sharp,4,4,0,4,6,1544,"{""swim_speed_up"":1.6,""ink_recovery_up"":0.6,""ink_resistance_up"":0.6,""run_speed_up"":0.6,""ink_saver_sub"":0.3,""ninja_squid"":true,""stealth_jump"":true}",hotblaster,10,9,1,10,3,724,"{""quick_respawn"":1.6,""intensify_action"":0.9,""swim_speed_up"":0.6,""ink_resistance_up"":0.3,""sub_resistance_up"":0.3,""ninja_squid"":true,""stealth_jump"":true}",furuido_custom,5,0,5,5,5,1188,"{""ink_saver_main"":1.9,""swim_speed_up"":1.6,""ink_recovery_up"":0.6,""ink_resistance_up"":0.3,""ink_saver_sub"":0.3,""stealth_jump"":true}",examiner,8,4,4,6,3,881,"{""special_charge_up"":1.9,""ink_saver_main"":1,""run_speed_up"":1,""special_power_up"":0.6,""ink_resistance_up"":0.3,""quick_super_jump"":0.3,""special_saver"":0.3,""sub_resistance_up"":0.3}",moprin,12,7,5,6,3,986,"{""special_power_up"":2.3,""ink_saver_main"":0.9,""ink_recovery_up"":0.3,""ink_saver_sub"":0.3,""quick_super_jump"":0.3,""special_saver"":0.3,""swim_speed_up"":0.3,""comeback"":true}",tristringer_collabo,11,8,3,4,2,747,"{""ink_saver_main"":4.8,""ink_saver_sub"":0.9}",promodeler_rg,6,4,2,2,9,1942,"{""special_charge_up"":4.1,""ink_recovery_up"":1.6}",nzap89,9,6,3,5,2,910,"{""ink_saver_sub"":1.9,""swim_speed_up"":1.3,""ink_recovery_up"":0.6,""sub_power_up"":0.6,""quick_super_jump"":0.3,""last_ditch_effort"":true}",gold,#1 Turf Inker,gold,#1 Popular Target,gold,#1 Splat Zone Inker,
Sizzle Season 2025,2025-06-30T02:00:00+00:00,10.0.1,xmatch,area,namero,298,alpha,TRUE,,1958.4,5823,,100,6325cdff,,5926,,0,bfcd41ff,,sharp,12,9,3,8,3,1114,"{""swim_speed_up"":1.6,""ink_recovery_up"":0.6,""ink_resistance_up"":0.6,""run_speed_up"":0.6,""ink_saver_sub"":0.3,""ninja_squid"":true,""stealth_jump"":true}",sputtery_hue,17,12,5,4,4,1248,"{""quick_respawn"":1.9,""quick_super_jump"":0.6,""swim_speed_up"":0.6,""ink_saver_sub"":0.3,""special_saver"":0.3,""comeback"":true,""stealth_jump"":true}",promodeler_mg,8,6,2,3,7,1900,"{""ink_saver_sub"":1.9,""special_power_up"":1.9,""sub_power_up"":1.9}",splatspinner_pytn,9,6,3,5,6,1561,"{""run_speed_up"":2,""ink_resistance_up"":0.6,""intensify_action"":0.6,""special_charge_up"":0.6,""quick_super_jump"":0.3,""special_saver"":0.3,""sub_power_up"":0.3,""last_ditch_effort"":true}",52gal,11,10,1,6,6,1502,"{""swim_speed_up"":1.3,""intensify_action"":0.9,""sub_resistance_up"":0.6,""ink_resistance_up"":0.3,""quick_super_jump"":0.3,""opening_gambit"":true,""stealth_jump"":true}",wakaba,7,3,4,8,6,1738,"{""sub_power_up"":1.3,""special_charge_up"":1,""ink_saver_sub"":0.6,""swim_speed_up"":0.6,""ink_recovery_up"":0.3,""ink_resistance_up"":0.3,""quick_super_jump"":0.3,""sub_resistance_up"":0.3,""last_ditch_effort"":true}",prime_collabo,4,2,2,9,7,1561,"{""intensify_action"":1.2,""ink_saver_main"":1,""swim_speed_up"":0.6,""ink_resistance_up"":0.3,""quick_super_jump"":0.3,""sub_resistance_up"":0.3,""last_ditch_effort"":true,""stealth_jump"":true}",sputtery_owl,7,5,2,10,5,1125,"{""swim_speed_up"":4.1,""special_charge_up"":0.6,""ninja_squid"":true}",silver,#2 Overall Splatter,silver,#2 Enemy Splatter,silver,#2 Splat Zone Guard,
Sizzle Season 2025,2025-06-30T02:00:00+00:00,10.0.1,bankara_open,hoko,masaba,317,bravo,FALSE,S+ 7,,5740,,45,3a0ccdff,,5564,,93,d0bf08ff,,splatspinner_pytn,6,4,2,9,9,1807,"{""special_charge_up"":1.9,""run_speed_up"":1.6,""ink_resistance_up"":0.6,""intensify_action"":0.3,""swim_speed_up"":0.3,""object_shredder"":true}",nzap85,7,5,2,9,4,1337,"{""special_charge_up"":1,""special_power_up"":0.6,""swim_speed_up"":0.6,""ink_resistance_up"":0.3,""intensify_action"":0.3,""quick_super_jump"":0.3,""special_saver"":0.3,""sub_resistance_up"":0.3,""comeback"":true,""stealth_jump"":true}",bold_neo,7,7,0,18,4,996,"{""quick_respawn"":2.2,""swim_speed_up"":0.6,""ink_resistance_up"":0.3,""quick_super_jump"":0.3,""special_saver"":0.3,""comeback"":true,""stealth_jump"":true}",furuido,7,6,1,8,6,1600,"{""swim_speed_up"":1.6,""ink_saver_main"":1.3,""special_charge_up"":0.6,""ink_resistance_up"":0.3,""quick_super_jump"":0.3,""run_speed_up"":0.3,""sub_resistance_up"":0.3,""object_shredder"":true}",moprin_kaku,15,7,8,4,5,1669,"{""quick_respawn"":1.6,""swim_speed_up"":0.9,""quick_super_jump"":0.3,""special_charge_up"":0.3,""special_saver"":0.3,""sub_resistance_up"":0.3,""comeback"":true,""stealth_jump"":true}",dynamo_mei,24,14,10,9,2,1068,"{""quick_super_jump"":1.3,""ink_saver_main"":1,""ink_resistance_up"":0.3,""ink_saver_sub"":0.3,""intensify_action"":0.3,""quick_respawn"":0.3,""run_speed_up"":0.3,""special_charge_up"":0.3,""special_power_up"":0.3,""sub_power_up"":0.3,""drop_roller"":true}",tristringer,11,5,6,6,5,1354,"{""ink_saver_main"":1.9,""special_charge_up"":1.9,""quick_super_jump"":0.6,""ink_resistance_up"":0.3,""stealth_jump"":true}",drivewiper_rust,23,17,6,3,5,1473,"{""swim_speed_up"":1.5,""ink_resistance_up"":0.3,""quick_super_jump"":0.3,""special_charge_up"":0.3,""sub_resistance_up"":0.3,""comeback"":true,""ninja_squid"":true,""stealth_jump"":true}",gold,#1 Super Jump Spot,gold,#1 Popular Target,gold,#1 Turf Inker,
Sizzle Season 2025,2025-06-30T02:00:00+00:00,10.0.1,xmatch,area,namero,302,alpha,FALSE,,1958.4,5862,,86,d0bf08ff,,5576,,78,3a0ccdff,,sharp,12,9,3,7,5,1378,"{""swim_speed_up"":1.6,""ink_recovery_up"":0.6,""ink_resistance_up"":0.6,""run_speed_up"":0.6,""ink_saver_sub"":0.3,""ninja_squid"":true,""stealth_jump"":true}",rpen_5h,10,6,4,4,7,1755,"{""special_charge_up"":2.3,""ink_saver_main"":0.9,""special_power_up"":0.9,""special_saver"":0.6,""last_ditch_effort"":true}",splatspinner_pytn,10,10,0,8,7,1635,"{""run_speed_up"":2,""ink_resistance_up"":0.6,""intensify_action"":0.6,""special_charge_up"":0.6,""quick_super_jump"":0.3,""special_saver"":0.3,""sub_power_up"":0.3,""last_ditch_effort"":true}",pablo_hue,8,5,3,12,5,1094,"{""quick_respawn"":2.3,""special_charge_up"":0.6,""ink_recovery_up"":0.3,""ink_resistance_up"":0.3,""special_saver"":0.3,""sub_resistance_up"":0.3,""stealth_jump"":true}",prime_collabo,15,9,6,9,4,1341,"{""swim_speed_up"":2.3,""special_saver"":0.6,""ink_resistance_up"":0.3,""ink_saver_sub"":0.3,""intensify_action"":0.3,""quick_respawn"":0.3,""quick_super_jump"":0.3,""stealth_jump"":true}",promodeler_rg,2,2,0,5,12,2260,"{""special_charge_up"":2.6,""ink_recovery_up"":1,""swim_speed_up"":0.6,""ink_saver_main"":0.3,""run_speed_up"":0.3,""special_power_up"":0.3,""special_saver"":0.3,""sub_resistance_up"":0.3}",nova_neo,11,11,0,13,3,958,"{""quick_respawn"":1.6,""intensify_action"":0.6,""swim_speed_up"":0.6,""ink_resistance_up"":0.3,""quick_super_jump"":0.3,""special_saver"":0.3,""comeback"":true,""stealth_jump"":true}",liter4k,10,9,1,3,5,1017,"{""swim_speed_up"":1.5,""quick_super_jump"":0.6,""ink_resistance_up"":0.3,""sub_resistance_up"":0.3,""last_ditch_effort"":true,""object_shredder"":true,""respawn_punisher"":true}",silver,#1 Ground Traveler,gold,#1 Overall Splatter,gold,#1 Splat Zone Guard,
Sizzle Season 2025,2025-06-30T02:00:00+00:00,10.0.1,bankara_open,hoko,masaba,300,bravo,FALSE,S+ 7,,5027,,52,3a0ccdff,,5062,,99,d0bf08ff,,sshooter_kou,13,12,1,10,5,1273,"{""swim_speed_up"":1.3,""intensify_action"":0.9,""special_charge_up"":0.6,""ink_resistance_up"":0.3,""quick_super_jump"":0.3,""sub_resistance_up"":0.3,""comeback"":true,""stealth_jump"":true}",furuido,3,1,2,4,5,1399,"{""swim_speed_up"":1.6,""ink_saver_main"":1.3,""special_charge_up"":0.6,""ink_resistance_up"":0.3,""quick_super_jump"":0.3,""run_speed_up"":0.3,""sub_resistance_up"":0.3,""object_shredder"":true}",hydra,7,5,2,7,5,1276,"{""run_speed_up"":2.6,""swim_speed_up"":1,""ink_resistance_up"":0.6,""intensify_action"":0.6,""ink_saver_main"":0.3,""quick_super_jump"":0.3,""sub_resistance_up"":0.3}",nzap85,2,2,0,10,4,1079,"{""special_charge_up"":1,""special_power_up"":0.6,""swim_speed_up"":0.6,""ink_resistance_up"":0.3,""intensify_action"":0.3,""quick_super_jump"":0.3,""special_saver"":0.3,""sub_resistance_up"":0.3,""comeback"":true,""stealth_jump"":true}",wideroller_waku,19,15,4,6,7,1689,"{""special_charge_up"":2,""swim_speed_up"":1.6,""ink_resistance_up"":0.6,""special_saver"":0.6,""ink_saver_sub"":0.3,""intensify_action"":0.3,""special_power_up"":0.3}",splatcharger_frst,3,3,0,2,2,1029,"{""ink_saver_main"":1.9,""swim_speed_up"":1.9,""ink_recovery_up"":1.3,""sub_resistance_up"":0.6}",clashblaster,11,8,3,7,3,976,"{""ink_saver_sub"":1.3,""sub_resistance_up"":1,""swim_speed_up"":1,""ink_recovery_up"":0.9,""ink_resistance_up"":0.9,""ink_saver_main"":0.3,""intensify_action"":0.3}",prime_frzn,7,5,2,5,3,1368,"{""swim_speed_up"":1.6,""ink_saver_sub"":1.5,""ink_saver_main"":1,""special_power_up"":1,""run_speed_up"":0.6}",gold,#1 Overall Splatter,gold,#1 Enemy Splatter,gold,#1 Popular Target,
Sizzle Season 2025,2025-06-30T02:00:00+00:00,10.0.1,xmatch,area,namero,118,alpha,TRUE,,1958.4,2419,,100,df6624ff,,2350,,0,343bc4ff,,sharp,4,3,1,2,1,563,"{""swim_speed_up"":1.6,""ink_recovery_up"":0.6,""ink_resistance_up"":0.6,""run_speed_up"":0.6,""ink_saver_sub"":0.3,""ninja_squid"":true,""stealth_jump"":true}",pablo,5,4,1,1,3,694,"{""special_charge_up"":1.6,""ink_saver_sub"":1.3,""swim_speed_up"":1,""ink_saver_main"":0.6,""quick_super_jump"":0.6,""ink_resistance_up"":0.3,""quick_respawn"":0.3}",order_spinner_replica,4,2,2,1,2,629,"{""run_speed_up"":1.9,""special_power_up"":1.3,""swim_speed_up"":0.9,""special_charge_up"":0.3,""sub_resistance_up"":0.3,""stealth_jump"":true}",momiji,4,3,1,2,2,533,"{""ink_saver_sub"":2.8,""swim_speed_up"":0.9,""comeback"":true,""stealth_jump"":true}",carbon_deco,3,3,0,3,2,448,"{""swim_speed_up"":2.2,""run_speed_up"":0.6,""sub_power_up"":0.6,""ink_resistance_up"":0.3,""ninja_squid"":true,""stealth_jump"":true}",sshooter,2,2,0,2,3,741,"{""swim_speed_up"":2.2,""intensify_action"":0.6,""quick_super_jump"":0.6,""ink_resistance_up"":0.3,""comeback"":true,""stealth_jump"":true}",barrelspinner,1,0,1,3,2,504,"{""run_speed_up"":3.2,""ink_resistance_up"":0.3,""intensify_action"":0.3,""quick_super_jump"":0.3,""special_charge_up"":0.3,""sub_resistance_up"":0.3,""stealth_jump"":true}",sputtery_hue,1,1,0,4,3,657,"{""special_charge_up"":1.5,""ink_saver_sub"":1.3,""special_power_up"":1,""ink_recovery_up"":0.3,""special_saver"":0.3,""swim_speed_up"":0.3,""stealth_jump"":true}",silver,#1 Ground Traveler,silver,#1 Splat Zone Hero,silver,#1 Crab Tank User,
Sizzle Season 2025,2025-06-30T04:00:00+00:00,10.0.1,regular,nawabari,chozame,180,alpha,,,,4671,72.6,,ba30b0ff,,3341,15.1,,a0c937ff,,promodeler_mg,8,7,1,3,5,1310,"{""special_power_up"":1.6,""special_charge_up"":1.3,""sub_power_up"":1.3,""special_saver"":0.6,""ink_recovery_up"":0.3,""ink_saver_sub"":0.3,""quick_respawn"":0.3}",sharp_neo,7,6,1,0,4,1365,"{""ink_saver_sub"":1.3,""special_charge_up"":1.3,""quick_super_jump"":1,""ink_saver_main"":0.6,""ink_recovery_up"":0.3,""quick_respawn"":0.3,""special_saver"":0.3,""swim_speed_up"":0.3}",maneuver_collabo,6,5,1,0,5,1341,"{""ink_resistance_up"":1.6,""run_speed_up"":1,""sub_resistance_up"":1,""ink_saver_main"":0.3,""special_charge_up"":0.3,""special_saver"":0.3,""sub_power_up"":0.3}",furuido,3,1,2,0,2,655,"{""intensify_action"":1.3,""run_speed_up"":1,""ink_saver_sub"":0.9,""special_saver"":0.6,""ink_recovery_up"":0.3,""ink_saver_main"":0.3,""special_power_up"":0.3,""respawn_punisher"":true}",nautilus79,2,2,0,5,2,1038,"{""intensify_action"":2.3,""swim_speed_up"":1,""quick_respawn"":0.6,""quick_super_jump"":0.6,""run_speed_up"":0.3}",sshooter,0,0,0,5,3,973,"{""ink_saver_sub"":1,""special_saver"":1,""swim_speed_up"":1,""intensify_action"":0.3,""quick_respawn"":0.3,""special_power_up"":0.3}",drivewiper,1,0,1,8,2,854,"{""ink_saver_sub"":1.3,""run_speed_up"":1.3,""ink_saver_main"":1,""special_power_up"":0.6,""ink_recovery_up"":0.3,""ink_resistance_up"":0.3,""special_saver"":0.3,""sub_power_up"":0.3,""sub_resistance_up"":0.3}",pablo_hue,1,1,0,1,1,476,"{""ink_saver_sub"":1,""run_speed_up"":1,""intensify_action"":0.3,""quick_respawn"":0.3,""quick_super_jump"":0.3,""special_saver"":0.3,""swim_speed_up"":0.3,""thermal_ink"":true}",gold,#1 Overall Splatter,gold,#1 Enemy Splatter,gold,#1 Enemy-Base Inker,
Sizzle Season 2025,2025-06-30T04:00:00+00:00,10.0.1,bankara_open,asari,taraport,314,bravo,FALSE,S+ 7,,4551,,20,cd510aff,,4444,,30,6e04b6ff,,kelvin525,11,8,3,11,4,1149,"{""quick_respawn"":1.6,""ink_recovery_up"":0.6,""swim_speed_up"":0.6,""ink_resistance_up"":0.3,""quick_super_jump"":0.3,""special_saver"":0.3,""comeback"":true,""stealth_jump"":true}",furuido,11,9,2,5,4,1496,"{""swim_speed_up"":1.6,""ink_saver_main"":1.3,""special_charge_up"":0.6,""ink_resistance_up"":0.3,""quick_super_jump"":0.3,""run_speed_up"":0.3,""sub_resistance_up"":0.3,""object_shredder"":true}",wakaba,5,4,1,9,4,1231,"{""swim_speed_up"":1,""ink_saver_sub"":0.9,""special_charge_up"":0.6,""ink_recovery_up"":0.3,""ink_resistance_up"":0.3,""quick_super_jump"":0.3,""sub_resistance_up"":0.3,""comeback"":true,""stealth_jump"":true}",pablo,3,1,2,10,3,675,"{""ink_resistance_up"":1.9,""special_power_up"":1,""intensify_action"":0.9,""special_charge_up"":0.9,""drop_roller"":true}",clashblaster,20,16,4,8,4,1130,"{""intensify_action"":1.6,""ink_saver_sub"":1,""ink_saver_main"":0.6,""quick_super_jump"":0.6,""ink_resistance_up"":0.3,""run_speed_up"":0.3,""swim_speed_up"":0.3,""stealth_jump"":true}",barrelspinner,6,6,0,4,5,1491,"{""run_speed_up"":3.2,""ink_resistance_up"":1,""intensify_action"":0.6,""quick_super_jump"":0.3,""special_charge_up"":0.3,""sub_resistance_up"":0.3}",sshooter_kou,9,5,4,5,4,1042,"{""ink_recovery_up"":1,""swim_speed_up"":1,""sub_power_up"":0.6,""ink_resistance_up"":0.3,""intensify_action"":0.3,""quick_super_jump"":0.3,""run_speed_up"":0.3,""object_shredder"":true}",order_roller_replica,8,7,1,6,3,781,"{""quick_super_jump"":2.2,""swim_speed_up"":0.9,""ink_resistance_up"":0.3,""sub_resistance_up"":0.3,""ninja_squid"":true,""stealth_jump"":true}",gold,#1 Overall Splatter,gold,#1 Splat Assister,gold,#1 Popular Target,
Sizzle Season 2025,2025-06-30T04:00:00+00:00,10.0.1,bankara_challenge,area,kombu,86,bravo,TRUE,,,1808,,0,a0c937ff,,1761,,100,ba30b0ff,,examiner,2,2,0,4,1,384,"{""run_speed_up"":1.9,""special_power_up"":1.2,""ink_resistance_up"":1,""special_charge_up"":1,""special_saver"":0.3,""sub_resistance_up"":0.3}",pablo,3,3,0,3,2,527,"{""ink_recovery_up"":0.6,""sub_resistance_up"":0.6,""ink_resistance_up"":0.3,""ink_saver_sub"":0.3,""intensify_action"":0.3,""quick_respawn"":0.3,""special_charge_up"":0.3,""comeback"":true,""ninja_squid"":true,""stealth_jump"":true}",explosher,2,1,1,5,1,458,"{""ink_saver_main"":3.9,""ink_recovery_up"":0.3}",tristringer_tou,0,0,0,3,2,439,"{""ink_saver_sub"":1.9,""run_speed_up"":1.6,""ink_resistance_up"":0.6,""special_power_up"":0.3,""sub_resistance_up"":0.3,""drop_roller"":true}",splatroller,7,7,0,1,1,429,"{""swim_speed_up"":2.8,""quick_super_jump"":1.9,""ninja_squid"":true}",tristringer_tou,5,4,1,0,1,583,"{""run_speed_up"":3.5,""quick_super_jump"":0.6,""ink_resistance_up"":0.3,""special_saver"":0.3,""thermal_ink"":true}",quadhopper_black,3,3,0,2,2,420,"{""quick_respawn"":1.6,""special_power_up"":0.6,""quick_super_jump"":0.3,""comeback"":true,""stealth_jump"":true}",sshooter_kou,1,1,0,3,1,329,"{""swim_speed_up"":2.6,""intensify_action"":0.9,""special_power_up"":0.6,""ink_recovery_up"":0.3,""quick_super_jump"":0.3,""stealth_jump"":true}",silver,#2 Overall Splatter,silver,#2 Enemy Splatter,,,
Sizzle Season 2025,2025-06-30T04:00:00+00:00,10.0.1,bankara_challenge,area,kombu,217,bravo,TRUE,,,4124,,0,ba30b0ff,,3970,,100,a0c937ff,,examiner,8,3,5,4,6,1259,"{""run_speed_up"":1.9,""special_power_up"":1.2,""ink_resistance_up"":1,""special_charge_up"":1,""special_saver"":0.3,""sub_resistance_up"":0.3}",52gal,12,12,0,7,2,845,"{""ink_saver_main"":1.5,""quick_super_jump"":0.6,""swim_speed_up"":0.6,""opening_gambit"":true,""respawn_punisher"":true,""stealth_jump"":true}",bold,4,4,0,10,5,946,"{""special_saver"":1.3,""intensify_action"":1,""quick_respawn"":1,""ink_resistance_up"":0.9,""ink_recovery_up"":0.6,""quick_super_jump"":0.3,""special_charge_up"":0.3,""sub_resistance_up"":0.3}",jetsweeper_custom,2,1,1,5,5,1074,"{""intensify_action"":3.8,""special_power_up"":1,""ink_recovery_up"":0.6,""quick_super_jump"":0.3}",nautilus79,16,15,1,4,3,952,"{""run_speed_up"":1.6,""swim_speed_up"":1.3,""quick_super_jump"":0.6,""ink_recovery_up"":0.3,""ink_resistance_up"":0.3,""ink_saver_main"":0.3,""sub_resistance_up"":0.3,""stealth_jump"":true}",explosher_custom,7,3,4,4,3,1275,"{""ink_saver_main"":3.9,""swim_speed_up"":1.5,""special_saver"":0.3}",sshooter,10,8,2,8,3,880,"{""swim_speed_up"":1,""intensify_action"":0.9,""special_charge_up"":0.6,""ink_resistance_up"":0.3,""quick_super_jump"":0.3,""special_saver"":0.3,""sub_resistance_up"":0.3,""comeback"":true,""stealth_jump"":true}",lact450_milk,2,0,2,4,4,863,"{""run_speed_up"":1.3,""ink_saver_sub"":0.9,""sub_resistance_up"":0.3,""last_ditch_effort"":true,""stealth_jump"":true}",gold,#1 Turf Inker,gold,#1 Splat Zone Inker,gold,#1 Splat Zone Guard,
Sizzle Season 2025,2025-06-30T04:00:00+00:00,10.0.1,bankara_challenge,area,kombu,305,alpha,FALSE,,,5634,,97,a0c937ff,,5716,,79,ba30b0ff,,examiner,15,7,8,8,6,1548,"{""run_speed_up"":1.9,""special_power_up"":1.2,""ink_resistance_up"":1,""special_charge_up"":1,""special_saver"":0.3,""sub_resistance_up"":0.3}",jetsweeper_cobr,12,11,1,10,5,1421,"{""ink_saver_main"":1.3,""ink_saver_sub"":1,""quick_super_jump"":0.3,""run_speed_up"":0.3,""special_power_up"":0.3,""sub_power_up"":0.3,""stealth_jump"":true}",spaceshooter_collabo,9,6,3,6,6,1542,"{""swim_speed_up"":1.6,""special_charge_up"":1.3,""ink_saver_sub"":0.6,""ink_recovery_up"":0.3,""ink_saver_main"":0.3,""intensify_action"":0.3,""quick_super_jump"":0.3,""stealth_jump"":true}",52gal,9,9,0,8,4,1123,"{""swim_speed_up"":1.3,""intensify_action"":0.9,""quick_super_jump"":0.6,""ink_resistance_up"":0.3,""ink_saver_main"":0.3,""sub_resistance_up"":0.3,""comeback"":true,""stealth_jump"":true}",prime_frzn,14,10,4,6,6,1617,"{""special_charge_up"":1.6,""intensify_action"":1,""swim_speed_up"":1,""special_saver"":0.9,""run_speed_up"":0.6,""special_power_up"":0.3,""sub_power_up"":0.3}",momiji,11,4,7,7,7,1755,"{""swim_speed_up"":3.2,""ink_saver_sub"":2.2,""ink_resistance_up"":0.3}",order_roller_replica,12,9,3,11,4,938,"{""swim_speed_up"":1.2,""quick_respawn"":0.9,""quick_super_jump"":0.6,""comeback"":true,""ninja_squid"":true,""stealth_jump"":true}",sshooter,11,9,2,9,7,1406,"{""swim_speed_up"":2,""intensify_action"":0.6,""quick_super_jump"":0.6,""ink_recovery_up"":0.3,""special_charge_up"":0.3,""special_saver"":0.3,""sub_power_up"":0.3,""sub_resistance_up"":0.3,""stealth_jump"":true}",gold,#1 Overall Splatter,gold,#1 Turf Inker,gold,#1 Splat Zone Guard,
Sizzle Season 2025,2025-06-30T04:00:00+00:00,10.0.1,bankara_open,asari,taraport,324,bravo,FALSE,S+ 7,,4492,,36,3a0ccdff,,4786,,90,d0bf08ff,,kelvin525,13,9,4,14,2,1010,"{""quick_respawn"":1.6,""ink_recovery_up"":0.6,""swim_speed_up"":0.6,""ink_resistance_up"":0.3,""quick_super_jump"":0.3,""special_saver"":0.3,""comeback"":true,""stealth_jump"":true}",wakaba,14,11,3,8,6,1400,"{""swim_speed_up"":1,""ink_saver_sub"":0.9,""special_charge_up"":0.6,""ink_recovery_up"":0.3,""ink_resistance_up"":0.3,""quick_super_jump"":0.3,""sub_resistance_up"":0.3,""comeback"":true,""stealth_jump"":true}",furuido,7,3,4,6,4,1168,"{""swim_speed_up"":1.6,""ink_saver_main"":1.3,""special_charge_up"":0.6,""ink_resistance_up"":0.3,""quick_super_jump"":0.3,""run_speed_up"":0.3,""sub_resistance_up"":0.3,""object_shredder"":true}",sshooter_kou,10,7,3,6,4,914,"{""ink_recovery_up"":1,""swim_speed_up"":1,""sub_power_up"":0.6,""ink_resistance_up"":0.3,""intensify_action"":0.3,""quick_super_jump"":0.3,""run_speed_up"":0.3,""object_shredder"":true}",sharp,13,10,3,4,4,1800,"{""swim_speed_up"":2.3,""ink_saver_sub"":0.6,""special_charge_up"":0.6,""sub_power_up"":0.6,""ink_resistance_up"":0.3,""sub_resistance_up"":0.3,""object_shredder"":true}",hotblaster_en,12,11,1,8,2,1150,"{""swim_speed_up"":1.9,""ink_recovery_up"":1.6,""intensify_action"":1.6,""quick_super_jump"":0.6}",screwslosher,9,6,3,10,0,948,"{""run_speed_up"":1,""ink_resistance_up"":0.9,""ink_saver_main"":0.9,""swim_speed_up"":0.9,""last_ditch_effort"":true,""stealth_jump"":true}",hokusai_sui,9,7,2,8,2,888,"{""swim_speed_up"":1,""special_power_up"":0.9,""quick_super_jump"":0.6,""special_charge_up"":0.6,""ink_resistance_up"":0.3,""special_saver"":0.3,""ninja_squid"":true,""stealth_jump"":true}",gold,#1 Splat Assister,silver,First Splat!,silver,#1 Clam Stopper,
Sizzle Season 2025,2025-06-30T04:00:00+00:00,10.0.1,bankara_challenge,area,amabi,213,alpha,TRUE,,,4016,,100,df6624ff,,3853,,0,343bc4ff,,examiner,10,4,6,3,4,1157,"{""run_speed_up"":1.9,""special_power_up"":1.2,""ink_resistance_up"":1,""special_charge_up"":1,""special_saver"":0.3,""sub_resistance_up"":0.3}",jetsweeper_cobr,11,10,1,5,2,958,"{""ink_saver_main"":1.3,""ink_saver_sub"":1,""sub_power_up"":0.6,""quick_super_jump"":0.3,""run_speed_up"":0.3,""special_power_up"":0.3,""stealth_jump"":true}",spaceshooter_collabo,4,2,2,2,4,986,"{""swim_speed_up"":1.6,""special_charge_up"":1.3,""ink_saver_sub"":0.6,""ink_recovery_up"":0.3,""ink_saver_main"":0.3,""intensify_action"":0.3,""quick_super_jump"":0.3,""stealth_jump"":true}",52gal,10,7,3,5,3,915,"{""swim_speed_up"":1.3,""intensify_action"":0.9,""quick_super_jump"":0.6,""ink_resistance_up"":0.3,""ink_saver_main"":0.3,""sub_resistance_up"":0.3,""comeback"":true,""stealth_jump"":true}",sblast91,10,10,0,7,3,734,"{""quick_respawn"":1,""quick_super_jump"":0.9,""sub_power_up"":0.6,""ink_resistance_up"":0.3,""ink_saver_main"":0.3,""special_saver"":0.3,""sub_resistance_up"":0.3,""ninja_squid"":true,""stealth_jump"":true}",sshooter,3,2,1,5,4,1091,"{""swim_speed_up"":2,""intensify_action"":0.6,""quick_super_jump"":0.6,""ink_recovery_up"":0.3,""special_charge_up"":0.3,""special_saver"":0.3,""sub_power_up"":0.3,""sub_resistance_up"":0.3,""stealth_jump"":true}",prime_frzn,3,3,0,6,4,1094,"{""special_charge_up"":1.6,""ink_recovery_up"":1,""swim_speed_up"":1,""special_saver"":0.9,""ink_saver_main"":0.6,""sub_power_up"":0.3,""sub_resistance_up"":0.3}",momiji,0,0,0,5,4,934,"{""swim_speed_up"":3.2,""ink_saver_sub"":2.2,""ink_resistance_up"":0.3}",gold,#1 Super Jump Spot,gold,#1 Turf Inker,gold,#1 Splat Assister,
Sizzle Season 2025,2025-06-30T04:00:00+00:00,10.0.1,bankara_open,asari,taraport,309,alpha,FALSE,,,4672,,56,ba30b0ff,,4421,,49,a0c937ff,,carbon_angl,11,9,2,6,3,943,"{""ink_saver_main"":3.8,""ink_saver_sub"":1.9}",furuido_custom,16,12,4,5,5,1414,"{""ink_saver_main"":1.9,""special_power_up"":1.9,""swim_speed_up"":1.9}",lact450_milk,8,5,3,8,2,1074,"{""run_speed_up"":1,""ink_resistance_up"":0.6,""special_charge_up"":0.6,""swim_speed_up"":0.6,""quick_super_jump"":0.3,""special_saver"":0.3,""sub_power_up"":0.3,""last_ditch_effort"":true,""stealth_jump"":true}",dynamo_mei,10,7,3,4,6,1241,"{""ink_saver_main"":1.9,""special_charge_up"":1.9,""swim_speed_up"":1.3,""quick_super_jump"":0.6}",bamboo14mk2,12,9,3,9,3,1494,"{""ink_saver_sub"":1.3,""run_speed_up"":1,""ink_recovery_up"":0.9,""ink_saver_main"":0.6,""sub_power_up"":0.6,""special_saver"":0.3,""thermal_ink"":true}",wideroller_waku,5,2,3,10,3,1279,"{""intensify_action"":1.3,""quick_respawn"":1.3,""sub_resistance_up"":1,""ink_recovery_up"":0.3}",maneuver_you,8,7,1,10,2,721,"{""ink_recovery_up"":1.3,""swim_speed_up"":0.6,""special_charge_up"":0.3,""special_power_up"":0.3,""special_saver"":0.3,""sub_power_up"":0.3,""stealth_jump"":true,""thermal_ink"":true}",liter4k,6,5,1,4,3,927,"{""ink_saver_main"":1,""ink_resistance_up"":0.6,""quick_respawn"":0.6,""swim_speed_up"":0.6,""ink_recovery_up"":0.3,""run_speed_up"":0.3,""object_shredder"":true,""respawn_punisher"":true}",gold,#1 Super Jump Spot,silver,#1 Clam Stopper,silver,#1 Super Chump User,
Sizzle Season 2025,2025-06-30T04:00:00+00:00,10.0.1,bankara_open,asari,taraport,309,bravo,FALSE,S+ 7,,4450,,64,df6624ff,,4379,,67,343bc4ff,,maneuver_collabo,12,12,0,10,3,1280,"{""quick_respawn"":1.6,""swim_speed_up"":0.6,""ink_resistance_up"":0.3,""intensify_action"":0.3,""quick_super_jump"":0.3,""special_saver"":0.3,""sub_resistance_up"":0.3,""comeback"":true,""stealth_jump"":true}",wakaba,6,2,4,7,4,1267,"{""swim_speed_up"":1,""ink_saver_sub"":0.9,""special_charge_up"":0.6,""ink_recovery_up"":0.3,""ink_resistance_up"":0.3,""quick_super_jump"":0.3,""sub_resistance_up"":0.3,""comeback"":true,""stealth_jump"":true}",furuido,7,6,1,5,3,1305,"{""swim_speed_up"":1.6,""ink_saver_main"":1.3,""special_charge_up"":0.6,""ink_resistance_up"":0.3,""quick_super_jump"":0.3,""run_speed_up"":0.3,""sub_resistance_up"":0.3,""object_shredder"":true}",splatroller,4,4,0,8,2,598,"{""ink_saver_main"":1.6,""special_saver"":1.3,""swim_speed_up"":0.9,""special_charge_up"":0.6,""ink_saver_sub"":0.3,""ninja_squid"":true}",dynamo,19,14,5,8,4,1333,"{""ink_saver_main"":1,""quick_super_jump"":0.9,""ink_saver_sub"":0.6,""ink_resistance_up"":0.3,""run_speed_up"":0.3,""sub_resistance_up"":0.3,""stealth_jump"":true,""thermal_ink"":true}",pablo,5,2,3,3,3,791,"{""ink_resistance_up"":1,""ink_saver_main"":1,""swim_speed_up"":1,""ink_recovery_up"":0.3,""ink_saver_sub"":0.3,""quick_respawn"":0.3,""quick_super_jump"":0.3,""run_speed_up"":0.3,""special_charge_up"":0.3,""special_power_up"":0.3,""sub_power_up"":0.3,""sub_resistance_up"":0.3}",rpen_5h,13,7,6,3,5,1314,"{""special_charge_up"":2.6,""quick_super_jump"":0.6,""special_power_up"":0.6,""ink_saver_main"":0.3,""ink_saver_sub"":0.3,""sub_resistance_up"":0.3,""last_ditch_effort"":true}",rapid_elite_wntr,9,7,2,10,4,941,"{""special_charge_up"":1.6,""ink_saver_sub"":1.3,""ink_saver_main"":0.6,""swim_speed_up"":0.6,""sub_power_up"":0.3,""stealth_jump"":true}",gold,#1 Overall Splatter,gold,#1 Enemy Splatter,silver,#1 Triple Splashdown User,
Sizzle Season 2025,2025-06-30T04:00:00+00:00,10.0.1,bankara_challenge,area,kombu,327,alpha,FALSE,,,6730,,81,cd510aff,,6585,,80,6e04b6ff,,examiner,13,8,5,7,6,1696,"{""run_speed_up"":1.9,""special_power_up"":1.2,""ink_resistance_up"":1,""special_charge_up"":1,""special_saver"":0.3,""sub_resistance_up"":0.3}",explosher_custom,9,6,3,5,7,1948,"{""ink_saver_main"":1.9,""swim_speed_up"":1.9,""ink_resistance_up"":0.3,""quick_super_jump"":0.3,""special_saver"":0.3,""stealth_jump"":true}",spaceshooter_collabo,12,8,4,9,6,1554,"{""swim_speed_up"":1.6,""special_charge_up"":1.3,""ink_saver_sub"":0.6,""ink_recovery_up"":0.3,""ink_saver_main"":0.3,""intensify_action"":0.3,""quick_super_jump"":0.3,""stealth_jump"":true}",sshooter,7,6,1,8,7,1532,"{""special_charge_up"":1,""swim_speed_up"":0.6,""run_speed_up"":0.3,""sub_resistance_up"":0.3,""comeback"":true,""stealth_jump"":true}",dualsweeper,15,10,5,8,8,1591,"{""quick_respawn"":2.5,""ink_saver_main"":0.9,""special_charge_up"":0.3,""comeback"":true,""drop_roller"":true}",examiner,4,4,0,7,6,1624,"{""run_speed_up"":2,""ink_saver_main"":0.9,""ink_resistance_up"":0.6,""quick_super_jump"":0.6,""sub_resistance_up"":0.3,""swim_speed_up"":0.3,""object_shredder"":true}",bold,12,12,0,7,7,1579,"{""swim_speed_up"":5.7}",promodeler_sai,3,3,0,6,7,1791,"{""ink_saver_sub"":5.7}",gold,#1 Overall Splatter,gold,#1 Enemy Splatter,gold,#1 Splat Assister,
Sizzle Season 2025,2025-06-30T04:00:00+00:00,10.0.1,bankara_open,asari,baigai,320,bravo,FALSE,,,4939,,20,ba30b0ff,,5249,,40,a0c937ff,,carbon_angl,9,6,3,11,2,995,"{""ink_saver_main"":3.8,""ink_saver_sub"":1.9}",nautilus79,10,6,4,11,3,1253,"{""run_speed_up"":1.9,""swim_speed_up"":1.9,""special_saver"":0.6,""ink_resistance_up"":0.3,""comeback"":true}",dynamo_tesla,10,10,0,12,4,1229,"{""quick_respawn"":1,""swim_speed_up"":1,""special_saver"":0.6,""ink_recovery_up"":0.3,""ink_resistance_up"":0.3,""ink_saver_main"":0.3,""ink_saver_sub"":0.3,""intensify_action"":0.3,""quick_super_jump"":0.3,""sub_resistance_up"":0.3,""stealth_jump"":true}",spygadget,8,4,4,6,3,1462,"{""special_charge_up"":1.9,""ink_saver_main"":0.6,""ink_saver_sub"":0.6,""run_speed_up"":0.3,""sub_resistance_up"":0.3,""haunt"":true,""stealth_jump"":true}",bold,17,15,2,11,5,1614,"{""ink_saver_main"":2.3,""swim_speed_up"":1.9,""intensify_action"":0.6,""quick_respawn"":0.3,""special_saver"":0.3}",splatspinner_pytn,13,9,4,2,4,1490,"{""run_speed_up"":2.3,""quick_super_jump"":0.6,""sub_power_up"":0.6,""ink_resistance_up"":0.3,""intensify_action"":0.3,""special_charge_up"":0.3,""sub_resistance_up"":0.3,""stealth_jump"":true}",splatspinner_collabo,9,5,4,8,2,893,"{""special_power_up"":2.3,""ink_recovery_up"":1,""ink_saver_main"":0.9,""intensify_action"":0.6}",l3reelgun_haku,13,11,2,5,5,1252,"{""special_power_up"":1.3,""swim_speed_up"":1.3,""ink_recovery_up"":0.3,""ink_saver_main"":0.3,""quick_respawn"":0.3,""quick_super_jump"":0.3,""special_charge_up"":0.3,""sub_power_up"":0.3,""drop_roller"":true}",silver,#2 Popular Target,silver,#1 Damage Taker,silver,#2 Enemy Splatter,
Sizzle Season 2025,2025-06-30T04:00:00+00:00,10.0.1,bankara_challenge,area,kombu,185,alpha,TRUE,,,4129,,100,1a1aafff,,3916,,0,e38d24ff,,examiner,11,6,5,2,4,1181,"{""run_speed_up"":1.9,""special_power_up"":1.2,""ink_resistance_up"":1,""special_charge_up"":1,""special_saver"":0.3,""sub_resistance_up"":0.3}",sshooter,6,4,2,3,4,1021,"{""special_charge_up"":1,""swim_speed_up"":0.6,""run_speed_up"":0.3,""special_saver"":0.3,""sub_resistance_up"":0.3,""comeback"":true,""stealth_jump"":true}",promodeler_mg,4,3,1,2,4,1112,"{""quick_respawn"":1.2,""ink_saver_sub"":1,""special_power_up"":1,""sub_power_up"":0.6,""swim_speed_up"":0.6,""ink_resistance_up"":0.3,""comeback"":true}",wideroller_waku,9,7,2,3,3,815,"{""special_charge_up"":1.3,""quick_super_jump"":0.6,""swim_speed_up"":0.6,""ink_resistance_up"":0.3,""ink_saver_main"":0.3,""sub_resistance_up"":0.3,""comeback"":true,""stealth_jump"":true}",dynamo,5,4,1,6,5,1131,"{""special_charge_up"":1.9,""quick_super_jump"":0.6,""ink_saver_main"":0.3,""ink_saver_sub"":0.3,""special_saver"":0.3,""swim_speed_up"":0.3,""comeback"":true,""stealth_jump"":true}",explosher_custom,1,1,0,3,3,1201,"{""ink_saver_main"":1.9,""swim_speed_up"":1.9,""ink_resistance_up"":0.3,""quick_super_jump"":0.3,""special_saver"":0.3,""stealth_jump"":true}",rapid_elite,4,2,2,6,3,604,"{""intensify_action"":1.3,""ink_recovery_up"":1,""quick_respawn"":1,""ink_resistance_up"":0.3,""ink_saver_sub"":0.3}",pablo,4,3,1,5,4,980,"{""ink_saver_main"":1.9,""ink_saver_sub"":1.9,""swim_speed_up"":1.9}",gold,#1 Overall Splatter,gold,#1 Turf Inker,gold,#1 Splat Zone Guard,
Sizzle Season 2025,2025-06-30T04:00:00+00:00,10.0.1,bankara_open,asari,baigai,275,bravo,TRUE,S+ 7,,4420,,0,3a0ccdff,,4429,,100,d0bf08ff,,l3reelgun_haku,8,7,1,10,3,1018,"{""swim_speed_up"":1.6,""run_speed_up"":1.3,""intensify_action"":0.6,""ink_resistance_up"":0.3,""quick_super_jump"":0.3,""special_saver"":0.3,""sub_resistance_up"":0.3,""stealth_jump"":true}",bold,15,11,4,8,5,1448,"{""special_charge_up"":1.6,""intensify_action"":1,""quick_super_jump"":1,""ink_recovery_up"":0.9,""ink_saver_sub"":0.9,""sub_power_up"":0.3}",tristringer_tou,6,2,4,3,4,1198,"{""ink_saver_main"":1.3,""swim_speed_up"":1.3,""run_speed_up"":0.6,""special_charge_up"":0.6,""ink_resistance_up"":0.3,""quick_super_jump"":0.3,""sub_resistance_up"":0.3,""object_shredder"":true}",hokusai_sui,9,6,3,11,1,756,"{""special_charge_up"":1,""special_power_up"":0.6,""swim_speed_up"":0.6,""ink_resistance_up"":0.3,""intensify_action"":0.3,""quick_super_jump"":0.3,""special_saver"":0.3,""sub_resistance_up"":0.3,""comeback"":true,""stealth_jump"":true}",prime_frzn,19,14,5,5,3,1215,"{""swim_speed_up"":1.9,""intensify_action"":0.9,""quick_super_jump"":0.6,""ink_resistance_up"":0.3,""comeback"":true,""stealth_jump"":true}",rapid_elite_wntr,8,4,4,7,3,802,"{""special_charge_up"":1.6,""ink_saver_main"":0.9,""ink_resistance_up"":0.3,""quick_super_jump"":0.3,""special_saver"":0.3,""sub_resistance_up"":0.3,""last_ditch_effort"":true,""stealth_jump"":true}",sputtery_hue,10,6,4,6,4,1236,"{""quick_respawn"":2.2,""quick_super_jump"":0.6,""swim_speed_up"":0.6,""ink_resistance_up"":0.3,""comeback"":true,""stealth_jump"":true}",52gal_deco,9,8,1,8,4,1176,"{""swim_speed_up"":1.9,""intensify_action"":0.9,""ink_resistance_up"":0.3,""quick_super_jump"":0.3,""special_saver"":0.3,""comeback"":true,""stealth_jump"":true}",silver,#2 Popular Target,silver,#1 Inkjet User,silver,#2 Clam Carrier,
Sizzle Season 2025,2025-06-30T04:00:00+00:00,10.0.1,bankara_challenge,area,kombu,177,alpha,TRUE,,,3742,,100,bfcd41ff,,3620,,0,6325cdff,,examiner,8,4,4,2,4,1039,"{""run_speed_up"":1.9,""special_power_up"":1.2,""ink_resistance_up"":1,""special_charge_up"":1,""special_saver"":0.3,""sub_resistance_up"":0.3}",prime_frzn,8,6,2,1,4,1010,"{""special_charge_up"":1,""swim_speed_up"":1,""intensify_action"":0.9,""ink_resistance_up"":0.6,""quick_super_jump"":0.3,""sub_resistance_up"":0.3,""stealth_jump"":true}",wideroller_waku,9,6,3,2,4,951,"{""special_charge_up"":1.3,""ink_saver_main"":0.6,""quick_super_jump"":0.6,""swim_speed_up"":0.6,""ink_resistance_up"":0.3,""sub_resistance_up"":0.3,""comeback"":true,""stealth_jump"":true}",sshooter,5,5,0,5,3,742,"{""special_charge_up"":1,""swim_speed_up"":0.6,""run_speed_up"":0.3,""special_saver"":0.3,""sub_resistance_up"":0.3,""comeback"":true,""stealth_jump"":true}",dynamo,3,2,1,4,5,1094,"{""ink_saver_main"":2.3,""run_speed_up"":1.6,""ink_recovery_up"":0.3,""ink_resistance_up"":0.3,""ink_saver_sub"":0.3,""quick_respawn"":0.3,""special_power_up"":0.3,""swim_speed_up"":0.3}",spygadget_sorella,5,0,5,4,4,994,"{""ink_resistance_up"":1.9,""ink_saver_main"":1.9,""run_speed_up"":1.9}",lact450_milk,5,5,0,6,4,892,"{""quick_super_jump"":1.3,""quick_respawn"":1,""swim_speed_up"":0.6,""ink_recovery_up"":0.3,""ink_resistance_up"":0.3,""ink_saver_main"":0.3,""ink_saver_sub"":0.3,""special_power_up"":0.3,""sub_power_up"":0.3,""thermal_ink"":true}",bold,3,3,0,7,3,640,"{""quick_respawn"":3.2,""special_charge_up"":0.6,""ink_resistance_up"":0.3,""quick_super_jump"":0.3,""swim_speed_up"":0.3,""stealth_jump"":true}",gold,#1 Turf Inker,gold,#1 Splat Zone Inker,gold,#1 Splat Zone Guard,
Sizzle Season 2025,2025-06-30T04:00:00+00:00,10.0.1,bankara_open,asari,baigai,320,alpha,FALSE,,,4671,,68,a0c937ff,,4507,,20,ba30b0ff,,carbon_angl,11,10,1,6,4,1129,"{""ink_saver_main"":3.8,""ink_saver_sub"":1.9}",splatspinner_collabo,16,10,6,6,4,1209,"{""run_speed_up"":2.6,""special_charge_up"":0.9,""swim_speed_up"":0.6,""intensify_action"":0.3,""special_saver"":0.3,""stealth_jump"":true}",wakaba,11,7,4,0,4,1521,"{""sub_power_up"":1.6,""swim_speed_up"":1.6,""ink_saver_main"":1,""ink_saver_sub"":0.9,""ink_resistance_up"":0.3,""sub_resistance_up"":0.3}",sshooter_kou,8,4,4,8,3,812,"{""intensify_action"":1.6,""quick_super_jump"":1,""special_charge_up"":1,""run_speed_up"":0.6,""sub_power_up"":0.6,""swim_speed_up"":0.6,""special_power_up"":0.3}",sputtery_hue,11,6,5,6,3,1181,"{""ink_saver_sub"":1.9,""swim_speed_up"":1.6,""ink_resistance_up"":0.6,""opening_gambit"":true}",prime_frzn,10,7,3,6,4,1295,"{""ink_saver_main"":1,""intensify_action"":0.9,""quick_super_jump"":0.6,""ink_resistance_up"":0.3,""special_charge_up"":0.3,""sub_resistance_up"":0.3,""swim_speed_up"":0.3,""comeback"":true,""stealth_jump"":true}",wideroller_waku,6,4,2,8,3,1558,"{""swim_speed_up"":1.6,""run_speed_up"":0.6,""ink_recovery_up"":0.3,""ink_saver_sub"":0.3,""intensify_action"":0.3,""special_power_up"":0.3,""sub_resistance_up"":0.3,""comeback"":true,""haunt"":true}",splatcharger_frst,4,3,1,11,1,473,"{""swim_speed_up"":1.3,""quick_super_jump"":0.6,""ink_resistance_up"":0.3,""ink_saver_sub"":0.3,""quick_respawn"":0.3,""special_charge_up"":0.3,""special_power_up"":0.3,""special_saver"":0.3,""ninja_squid"":true,""stealth_jump"":true}",gold,#1 Enemy Splatter,silver,#1 Clam Stopper,silver,#1 Super Chump User,
Sizzle Season 2025,2025-06-30T04:00:00+00:00,10.0.1,bankara_challenge,area,kombu,287,alpha,TRUE,,,5041,,100,d0bf08ff,,5118,,0,3a0ccdff,,examiner,11,5,6,7,6,1725,"{""run_speed_up"":1.9,""special_power_up"":1.2,""ink_resistance_up"":1,""special_charge_up"":1,""special_saver"":0.3,""sub_resistance_up"":0.3}",splatroller,17,14,3,8,5,1104,"{""swim_speed_up"":2.8,""quick_super_jump"":1.9,""ninja_squid"":true}",splatroller,8,7,1,4,5,1043,"{""swim_speed_up"":2.8,""quick_respawn"":0.3,""run_speed_up"":0.3,""special_charge_up"":0.3,""ninja_squid"":true,""stealth_jump"":true}",52gal,6,5,1,8,5,1169,"{""swim_speed_up"":1.6,""quick_super_jump"":0.9,""ink_recovery_up"":0.3,""ink_resistance_up"":0.3,""intensify_action"":0.3,""special_saver"":0.3,""ninja_squid"":true,""stealth_jump"":true}",wideroller_waku,13,9,4,10,6,1439,"{""ink_saver_main"":1,""quick_super_jump"":1,""swim_speed_up"":1,""ink_recovery_up"":0.9,""ink_resistance_up"":0.3,""ink_saver_sub"":0.3,""run_speed_up"":0.3,""special_saver"":0.3,""sub_power_up"":0.3,""sub_resistance_up"":0.3}",96gal_deco,12,11,1,6,4,1122,"{""special_charge_up"":1.3,""intensify_action"":0.9,""special_power_up"":0.6,""quick_super_jump"":0.3,""special_saver"":0.3,""opening_gambit"":true,""stealth_jump"":true}",52gal,8,4,4,7,6,1361,"{""swim_speed_up"":1.9,""ink_recovery_up"":1.3,""ink_resistance_up"":1,""ink_saver_sub"":0.6,""quick_super_jump"":0.6,""sub_resistance_up"":0.3}",wideroller_waku,4,3,1,8,4,1196,"{""ink_saver_sub"":2.8,""special_power_up"":1,""quick_super_jump"":0.6,""special_charge_up"":0.3,""stealth_jump"":true}",gold,#1 Turf Inker,gold,#1 Splat Assister,gold,#1 Splat Zone Guard,
Sizzle Season 2025,2025-06-30T04:00:00+00:00,10.0.1,bankara_open,asari,baigai,317,bravo,FALSE,S+ 7,,5486,,0,343bc4ff,,5555,,58,df6624ff,,l3reelgun_haku,12,10,2,10,4,1561,"{""run_speed_up"":1.3,""swim_speed_up"":1.3,""intensify_action"":0.6,""special_charge_up"":0.6,""ink_resistance_up"":0.3,""quick_super_jump"":0.3,""sub_resistance_up"":0.3,""stealth_jump"":true}",quadhopper_white,15,11,4,9,6,1533,"{""quick_respawn"":1.6,""special_charge_up"":0.6,""special_saver"":0.6,""ink_resistance_up"":0.3,""ink_saver_main"":0.3,""swim_speed_up"":0.3,""last_ditch_effort"":true,""stealth_jump"":true}",splatspinner,8,7,1,10,5,1217,"{""run_speed_up"":2,""ink_resistance_up"":0.6,""swim_speed_up"":0.6,""ink_saver_sub"":0.3,""intensify_action"":0.3,""quick_super_jump"":0.3,""special_saver"":0.3,""sub_resistance_up"":0.3,""stealth_jump"":true}",sharp,7,4,3,11,3,1175,"{""swim_speed_up"":1.9,""special_charge_up"":0.9,""ink_resistance_up"":0.3,""quick_super_jump"":0.3,""special_saver"":0.3,""comeback"":true,""stealth_jump"":true}",nzap85,19,14,5,6,4,1567,"{""swim_speed_up"":0.9,""sub_resistance_up"":0.6,""ink_recovery_up"":0.3,""ink_resistance_up"":0.3,""quick_super_jump"":0.3,""sub_power_up"":0.3,""last_ditch_effort"":true,""ninja_squid"":true,""stealth_jump"":true}",examiner,13,5,8,3,5,1318,"{""run_speed_up"":1.9,""special_saver"":1,""special_charge_up"":0.6,""special_power_up"":0.6,""ink_resistance_up"":0.3,""quick_super_jump"":0.3,""stealth_jump"":true}",sshooter_collabo,16,14,2,8,4,1474,"{""quick_respawn"":1,""quick_super_jump"":0.6,""swim_speed_up"":0.6,""ink_saver_sub"":0.3,""special_power_up"":0.3,""last_ditch_effort"":true,""stealth_jump"":true}",quadhopper_black,11,7,4,15,2,1196,"{""quick_respawn"":3.2,""ink_resistance_up"":0.3,""quick_super_jump"":0.3,""special_power_up"":0.3,""special_saver"":0.3,""swim_speed_up"":0.3,""stealth_jump"":true}",silver,#2 Overall Splatter,gold,#1 Turf Inker,silver,#1 Inkjet User,
Sizzle Season 2025,2025-06-30T04:00:00+00:00,10.0.1,bankara_challenge,area,kombu,176,bravo,TRUE,,,3206,,0,1ec0adff,,3158,,100,d74b31ff,,examiner,6,4,2,5,4,930,"{""run_speed_up"":1.9,""special_power_up"":1.2,""ink_resistance_up"":1,""special_charge_up"":1,""special_saver"":0.3,""sub_resistance_up"":0.3}",sputtery,7,6,1,8,3,618,"{""quick_respawn"":2.2,""sub_power_up"":1,""special_saver"":0.9,""quick_super_jump"":0.3,""special_power_up"":0.3,""comeback"":true}",maneuver_collabo,4,3,1,8,4,877,"{""quick_respawn"":1.6,""swim_speed_up"":0.9,""ink_resistance_up"":0.3,""quick_super_jump"":0.3,""special_saver"":0.3,""sub_resistance_up"":0.3,""comeback"":true,""stealth_jump"":true}",sshooter_collabo,1,1,0,7,2,781,"{""swim_speed_up"":2.6,""ink_saver_main"":1,""sub_power_up"":0.6,""ink_resistance_up"":0.3,""intensify_action"":0.3,""run_speed_up"":0.3,""sub_resistance_up"":0.3}",campingshelter_sorella,14,9,5,3,3,820,"{""quick_respawn"":1,""swim_speed_up"":0.6,""ink_recovery_up"":0.3,""ink_resistance_up"":0.3,""ink_saver_main"":0.3,""quick_super_jump"":0.3,""special_saver"":0.3,""comeback"":true,""stealth_jump"":true}",rapid_elite_wntr,11,3,8,2,3,911,"{""intensify_action"":1,""special_charge_up"":1,""special_power_up"":0.6,""special_saver"":0.6,""ink_resistance_up"":0.3,""quick_super_jump"":0.3,""stealth_jump"":true}",prime_frzn,9,8,1,5,3,826,"{""ink_saver_main"":1,""intensify_action"":1,""ink_resistance_up"":0.6,""quick_super_jump"":0.6,""sub_power_up"":0.6,""swim_speed_up"":0.3,""comeback"":true}",splatroller,8,8,0,4,2,601,"{""swim_speed_up"":2.8,""quick_super_jump"":1.9,""ninja_squid"":true}",gold,#1 Turf Inker,gold,#1 Splat Assister,gold,#1 Splat Zone Guard,
Sizzle Season 2025,2025-06-30T04:00:00+00:00,10.0.1,bankara_challenge,area,amabi,196,alpha,TRUE,,,3299,,100,1bbfabff,,3025,,0,c43a6eff,,examiner,10,4,6,2,5,1259,"{""run_speed_up"":1.9,""special_power_up"":1.2,""ink_resistance_up"":1,""special_charge_up"":1,""special_saver"":0.3,""sub_resistance_up"":0.3}",sharp_geck,11,5,6,4,2,553,"{""ink_saver_sub"":2,""ink_resistance_up"":0.6,""quick_super_jump"":0.6,""ink_recovery_up"":0.3,""intensify_action"":0.3,""special_charge_up"":0.3,""special_saver"":0.3,""sub_resistance_up"":0.3,""stealth_jump"":true}",quadhopper_black,11,10,1,8,2,640,"{""quick_respawn"":3.5,""quick_super_jump"":0.9,""ink_saver_main"":0.3,""stealth_jump"":true}",splatcharger_collabo,3,3,0,2,3,847,"{""swim_speed_up"":2.6,""ink_saver_main"":1,""sub_power_up"":0.6,""ink_resistance_up"":0.3,""intensify_action"":0.3,""run_speed_up"":0.3,""sub_resistance_up"":0.3}",dynamo,8,5,3,5,2,824,"{""ink_saver_main"":2.9,""special_charge_up"":1.9,""swim_speed_up"":0.6,""ink_resistance_up"":0.3}",hydra,3,2,1,4,4,954,"{""ink_recovery_up"":1.9,""ink_resistance_up"":0.6,""special_power_up"":0.6,""ink_saver_main"":0.3,""sub_power_up"":0.3,""tenacity"":true,""thermal_ink"":true}",nova_neo,7,5,2,5,2,613,"{""swim_speed_up"":1.6,""ink_saver_main"":0.6,""ink_recovery_up"":0.3,""ink_resistance_up"":0.3,""quick_super_jump"":0.3,""ninja_squid"":true,""stealth_jump"":true}",bold,4,4,0,8,1,634,"{""quick_super_jump"":1.9,""swim_speed_up"":1.9,""ink_resistance_up"":0.9,""comeback"":true}",gold,#1 Turf Inker,gold,#1 Splat Assister,gold,#1 Splat Zone Inker,
Sizzle Season 2025,2025-06-30T04:00:00+00:00,10.0.1,bankara_open,asari,baigai,300,bravo,FALSE,S+ 7,,4873,,33,ba30b0ff,,4667,,40,a0c937ff,,lact450_milk,11,6,5,7,8,2022,"{""special_charge_up"":1.6,""swim_speed_up"":1.3,""ink_saver_main"":0.6,""quick_super_jump"":0.6,""ink_resistance_up"":0.3,""special_saver"":0.3,""stealth_jump"":true}",sblast91,17,15,2,8,3,860,"{""swim_speed_up"":1.9,""intensify_action"":0.9,""ink_saver_main"":0.6,""quick_super_jump"":0.3,""comeback"":true,""stealth_jump"":true}",bold,8,5,3,11,4,1071,"{""swim_speed_up"":3.5,""ink_resistance_up"":0.3,""quick_super_jump"":0.3,""special_charge_up"":0.3,""sub_resistance_up"":0.3,""stealth_jump"":true}",96gal_sou,7,2,5,8,3,920,"{""special_charge_up"":1.6,""ink_saver_main"":1.3,""swim_speed_up"":0.9,""special_power_up"":0.6,""ink_resistance_up"":0.3,""stealth_jump"":true}",hydra_atsu,16,14,2,6,2,1312,"{""run_speed_up"":3.5,""ink_saver_main"":0.3,""ink_saver_sub"":0.3,""special_charge_up"":0.3,""swim_speed_up"":0.3,""respawn_punisher"":true}",dualsweeper,11,7,4,4,3,1051,"{""ink_saver_main"":1.9,""ink_saver_sub"":1.9,""swim_speed_up"":1.9}",sharp_neo,8,4,4,9,1,1165,"{""swim_speed_up"":1.2,""ink_recovery_up"":1,""run_speed_up"":1,""special_charge_up"":1,""ink_saver_main"":0.9,""ink_saver_sub"":0.3,""quick_respawn"":0.3}",carbon,11,9,2,9,4,1139,"{""swim_speed_up"":1.5,""ink_recovery_up"":1,""ink_saver_main"":1,""special_charge_up"":0.6,""ink_resistance_up"":0.3,""ink_saver_sub"":0.3,""haunt"":true}",gold,#1 Splat Assister,gold,#1 Turf Inker,silver,#1 Booyah Bomb User,
Sizzle Season 2025,2025-06-30T04:00:00+00:00,10.0.1,bankara_challenge,area,kombu,109,bravo,TRUE,,,2182,,0,c12d74ff,,2248,,100,2cb721ff,,examiner,1,0,1,3,3,632,"{""run_speed_up"":1.9,""special_power_up"":1.2,""ink_resistance_up"":1,""special_charge_up"":1,""special_saver"":0.3,""sub_resistance_up"":0.3}",quadhopper_black,4,3,1,4,2,605,"{""quick_respawn"":3.5,""quick_super_jump"":0.9,""ink_saver_main"":0.3,""stealth_jump"":true}",jimuwiper,1,1,0,3,2,479,"{""quick_respawn"":1.3,""swim_speed_up"":0.6,""ink_resistance_up"":0.3,""ink_saver_main"":0.3,""ink_saver_sub"":0.3,""quick_super_jump"":0.3,""sub_power_up"":0.3,""sub_resistance_up"":0.3,""comeback"":true,""stealth_jump"":true}",splatcharger_collabo,1,1,0,2,2,466,"{""swim_speed_up"":2.6,""ink_saver_main"":1,""sub_power_up"":0.6,""ink_resistance_up"":0.3,""intensify_action"":0.3,""run_speed_up"":0.3,""sub_resistance_up"":0.3}",tristringer_tou,6,4,2,2,2,521,"{""ink_saver_main"":1.3,""run_speed_up"":1,""special_power_up"":0.9,""quick_super_jump"":0.6,""special_charge_up"":0.6,""object_shredder"":true}",momiji,5,3,2,0,3,690,"{""special_charge_up"":1.9,""special_power_up"":1.3,""ink_saver_sub"":1,""swim_speed_up"":0.9,""ink_recovery_up"":0.6}",sputtery,4,4,0,2,1,350,"{""quick_respawn"":1.6,""sub_resistance_up"":1,""special_power_up"":0.9,""special_charge_up"":0.3,""sub_power_up"":0.3,""stealth_jump"":true}",wakaba,2,1,1,1,2,687,"{""ink_saver_sub"":3,""ink_recovery_up"":0.6,""ink_resistance_up"":0.6,""special_saver"":0.6,""ink_saver_main"":0.3,""special_charge_up"":0.3,""sub_power_up"":0.3}",gold,#1 Super Jump Spot,gold,#1 Turf Inker,gold,#1 Splat Zone Inker,
Sizzle Season 2025,2025-06-30T04:00:00+00:00,10.0.1,bankara_challenge,area,kombu,300,bravo,FALSE,,,5396,,86,cfb121ff,,5427,,89,9025c6ff,,examiner,13,8,5,10,6,1370,"{""run_speed_up"":1.9,""special_power_up"":1.2,""ink_resistance_up"":1,""special_charge_up"":1,""special_saver"":0.3,""sub_resistance_up"":0.3}",hokusai,11,9,2,9,5,1608,"{""ink_saver_sub"":1.9,""swim_speed_up"":1.6,""ink_recovery_up"":1.2,""ninja_squid"":true}",quadhopper_black,10,7,3,5,4,1299,"{""quick_respawn"":3.5,""quick_super_jump"":0.9,""ink_saver_main"":0.3,""stealth_jump"":true}",splatcharger_collabo,9,7,2,5,5,1119,"{""swim_speed_up"":2.6,""ink_saver_main"":1,""sub_power_up"":0.6,""ink_resistance_up"":0.3,""intensify_action"":0.3,""run_speed_up"":0.3,""sub_resistance_up"":0.3}",hokusai_sui,12,12,0,7,5,1328,"{""quick_respawn"":2.2,""ink_resistance_up"":0.6,""quick_super_jump"":0.6,""sub_resistance_up"":0.3,""comeback"":true,""stealth_jump"":true}",momiji,8,4,4,8,7,1606,"{""special_charge_up"":1.9,""special_power_up"":1.3,""ink_saver_sub"":1,""swim_speed_up"":0.9,""ink_recovery_up"":0.6}",sputtery,9,8,1,9,4,944,"{""quick_respawn"":1.6,""sub_resistance_up"":1,""special_power_up"":0.9,""special_charge_up"":0.3,""sub_power_up"":0.3,""stealth_jump"":true}",tristringer_tou,8,5,3,7,6,1549,"{""ink_saver_main"":1.6,""run_speed_up"":1,""special_power_up"":0.9,""quick_super_jump"":0.6,""special_charge_up"":0.6,""object_shredder"":true}",gold,#1 Overall Splatter,gold,#1 Splat Assister,silver,#1 Tacticooler User,
Sizzle Season 2025,2025-06-30T04:00:00+00:00,10.0.1,bankara_open,asari,baigai,316,bravo,FALSE,S+ 7,,4994,,26,2cb721ff,,4968,,46,c12d74ff,,lact450_milk,0,0,0,9,8,2042,"{""special_charge_up"":1.6,""swim_speed_up"":1.3,""ink_saver_main"":0.6,""quick_super_jump"":0.6,""ink_resistance_up"":0.3,""special_saver"":0.3,""stealth_jump"":true}",sblast91,11,8,3,11,1,758,"{""swim_speed_up"":1.9,""intensify_action"":0.9,""ink_saver_main"":0.6,""quick_super_jump"":0.3,""comeback"":true,""stealth_jump"":true}",96gal_sou,7,5,2,6,3,1052,"{""special_charge_up"":1.6,""ink_saver_main"":1.3,""swim_speed_up"":0.9,""special_power_up"":0.6,""ink_resistance_up"":0.3,""stealth_jump"":true}",bold,7,7,0,10,4,1142,"{""swim_speed_up"":3.5,""ink_resistance_up"":0.3,""quick_super_jump"":0.3,""special_charge_up"":0.3,""sub_resistance_up"":0.3,""stealth_jump"":true}",splatscope,19,13,6,5,3,1226,"{""ink_recovery_up"":1.6,""ink_saver_main"":1.6,""ink_saver_sub"":1,""ink_resistance_up"":0.3,""intensify_action"":0.3,""quick_super_jump"":0.3,""sub_resistance_up"":0.3,""swim_speed_up"":0.3}",hydra_atsu,8,5,3,1,4,1335,"{""special_charge_up"":1.9,""swim_speed_up"":1.3,""quick_super_jump"":1,""intensify_action"":0.6,""ink_recovery_up"":0.3,""special_power_up"":0.3,""sub_resistance_up"":0.3}",sshooter_collabo,14,12,2,5,4,1562,"{""special_charge_up"":1.9,""swim_speed_up"":1.9,""ink_saver_main"":1.3,""ink_recovery_up"":0.6}",pablo_hue,8,6,2,9,4,845,"{""special_charge_up"":1.9,""ink_saver_main"":0.9,""sub_resistance_up"":0.9,""drop_roller"":true,""ninja_squid"":true}",silver,#2 Popular Target,gold,#1 Turf Inker,,,
Sizzle Season 2025,2025-06-30T04:00:00+00:00,10.0.1,bankara_challenge,area,kombu,316,alpha,FALSE,,,5708,,95,a0c937ff,,5680,,54,ba30b0ff,,examiner,15,11,4,8,5,1601,"{""run_speed_up"":1.9,""special_power_up"":1.2,""ink_resistance_up"":1,""special_charge_up"":1,""special_saver"":0.3,""sub_resistance_up"":0.3}",hokusai_sui,19,17,2,11,4,1263,"{""quick_respawn"":2.2,""ink_resistance_up"":0.6,""quick_super_jump"":0.6,""sub_resistance_up"":0.3,""comeback"":true,""stealth_jump"":true}",jetsweeper_cobr,14,7,7,7,6,1646,"{""swim_speed_up"":1.9,""ink_saver_main"":1.6,""special_charge_up"":1.6,""ink_recovery_up"":0.3,""ink_saver_sub"":0.3}",momiji,10,6,4,12,3,1198,"{""ink_saver_sub"":2.2,""special_charge_up"":1,""ink_recovery_up"":0.3,""quick_respawn"":0.3,""quick_super_jump"":0.3,""special_saver"":0.3,""swim_speed_up"":0.3,""stealth_jump"":true}",longblaster_custom,17,14,3,10,3,1076,"{""quick_respawn"":1.3,""intensify_action"":0.9,""ink_saver_sub"":0.3,""special_power_up"":0.3,""opening_gambit"":true,""stealth_jump"":true}",sshooter_kou,12,9,3,9,4,1338,"{""swim_speed_up"":3.5,""ink_resistance_up"":0.6,""quick_super_jump"":0.6,""stealth_jump"":true}",nzap89,11,8,3,8,8,2019,"{""special_charge_up"":1,""ink_resistance_up"":0.3,""comeback"":true,""stealth_jump"":true}",quadhopper_black,9,7,2,14,3,1247,"{""swim_speed_up"":2.9,""run_speed_up"":1.6,""ink_recovery_up"":0.6,""ink_saver_sub"":0.3,""quick_respawn"":0.3}",silver,#1 Splat Zone Hero,silver,#1 Damage Taker,gold,#1 Splat Zone Guard,
Sizzle Season 2025,2025-06-30T04:00:00+00:00,10.0.1,bankara_open,asari,baigai,320,alpha,FALSE,S+ 7,,5096,,23,1ec0adff,,5044,,20,d74b31ff,,sputtery_owl,12,6,6,9,6,1376,"{""quick_respawn"":1.6,""swim_speed_up"":0.9,""ink_resistance_up"":0.3,""ink_saver_sub"":0.3,""intensify_action"":0.3,""quick_super_jump"":0.3,""comeback"":true,""stealth_jump"":true}",sblast91,24,20,4,11,4,1028,"{""swim_speed_up"":1.9,""intensify_action"":0.9,""ink_saver_main"":0.6,""quick_super_jump"":0.3,""comeback"":true,""stealth_jump"":true}",furuido,9,9,0,4,5,1386,"{""swim_speed_up"":1.6,""ink_saver_main"":1.3,""special_charge_up"":0.6,""ink_resistance_up"":0.3,""quick_super_jump"":0.3,""run_speed_up"":0.3,""sub_resistance_up"":0.3,""object_shredder"":true}",bold,9,4,5,8,7,1306,"{""swim_speed_up"":3.5,""ink_resistance_up"":0.3,""quick_super_jump"":0.3,""special_charge_up"":0.3,""sub_resistance_up"":0.3,""stealth_jump"":true}",examiner,20,13,7,7,6,1542,"{""run_speed_up"":1.6,""special_power_up"":1,""special_charge_up"":0.9,""ink_resistance_up"":0.6,""intensify_action"":0.3,""quick_super_jump"":0.3,""stealth_jump"":true}",hotblaster_custom,13,4,9,11,2,897,"{""quick_super_jump"":1.9,""ink_recovery_up"":1,""special_charge_up"":1,""run_speed_up"":0.3,""special_saver"":0.3,""sub_power_up"":0.3}",jetsweeper_cobr,4,3,1,12,5,1545,"{""swim_speed_up"":3,""ink_saver_sub"":0.3,""quick_respawn"":0.3,""special_saver"":0.3}",dentalwiper_sumi,17,12,5,9,3,1060,"{""quick_respawn"":2.2,""quick_super_jump"":0.6,""ink_resistance_up"":0.3,""sub_resistance_up"":0.3,""swim_speed_up"":0.3,""comeback"":true,""stealth_jump"":true}",gold,#1 Splat Assister,gold,#1 Score Booster,silver,#1 Killer Wail 5.1 User,
Sizzle Season 2025,2025-06-30T04:00:00+00:00,10.0.1,bankara_challenge,area,kombu,151,alpha,TRUE,,,3034,,100,ba30b0ff,,2849,,0,a0c937ff,,examiner,13,5,8,3,3,814,"{""run_speed_up"":1.9,""special_power_up"":1.2,""ink_resistance_up"":1,""special_charge_up"":1,""special_saver"":0.3,""sub_resistance_up"":0.3}",hokusai_sui,8,6,2,4,2,684,"{""quick_respawn"":2.2,""ink_resistance_up"":0.6,""quick_super_jump"":0.6,""sub_resistance_up"":0.3,""comeback"":true,""stealth_jump"":true}",sharp_geck,5,4,1,3,3,785,"{""swim_speed_up"":2.9,""ink_saver_main"":0.6,""ink_resistance_up"":0.3,""quick_super_jump"":0.3,""special_saver"":0.3,""sub_resistance_up"":0.3,""ninja_squid"":true}",jetsweeper_cobr,4,4,0,4,3,751,"{""swim_speed_up"":1.9,""ink_saver_main"":1.6,""special_charge_up"":1.6,""ink_recovery_up"":0.3,""ink_saver_sub"":0.3}",maneuver_collabo,7,5,2,5,2,570,"{""special_power_up"":3.8,""run_speed_up"":0.9,""stealth_jump"":true}",explosher_custom,5,5,0,5,3,854,"{""ink_recovery_up"":1.9,""special_charge_up"":1.9,""ink_saver_main"":0.6,""quick_super_jump"":0.3,""haunt"":true}",sshooter_collabo,3,2,1,4,3,944,"{""special_charge_up"":3.8,""swim_speed_up"":1.9}",carbon_deco,2,2,0,5,2,481,"{""ink_saver_sub"":1.9,""swim_speed_up"":1.6,""ink_resistance_up"":0.3,""quick_super_jump"":0.3,""special_saver"":0.3,""sub_resistance_up"":0.3,""ninja_squid"":true}",gold,#1 Overall Splatter,gold,#1 Turf Inker,gold,#1 Splat Zone Guard,
Sizzle Season 2025,2025-06-30T04:00:00+00:00,10.0.1,bankara_open,asari,taraport,291,alpha,TRUE,S+ 7,,4457,,100,df6624ff,,4090,,0,343bc4ff,,sputtery_owl,8,7,1,9,3,1107,"{""quick_respawn"":1.6,""swim_speed_up"":0.9,""ink_resistance_up"":0.3,""ink_saver_sub"":0.3,""intensify_action"":0.3,""quick_super_jump"":0.3,""comeback"":true,""stealth_jump"":true}",sblast91,14,11,3,4,4,1009,"{""swim_speed_up"":1.9,""intensify_action"":0.9,""ink_saver_main"":0.6,""quick_super_jump"":0.3,""comeback"":true,""stealth_jump"":true}",furuido,7,6,1,3,4,1230,"{""swim_speed_up"":1.6,""ink_saver_main"":1.3,""special_charge_up"":0.6,""ink_resistance_up"":0.3,""quick_super_jump"":0.3,""run_speed_up"":0.3,""sub_resistance_up"":0.3,""object_shredder"":true}",bold,5,2,3,6,4,1111,"{""swim_speed_up"":3.5,""ink_resistance_up"":0.3,""quick_super_jump"":0.3,""special_charge_up"":0.3,""sub_resistance_up"":0.3,""stealth_jump"":true}",clashblaster,9,5,4,4,4,953,"{""ink_saver_main"":1.9,""quick_super_jump"":1,""swim_speed_up"":1,""special_charge_up"":0.9,""ink_recovery_up"":0.3,""intensify_action"":0.3,""sub_resistance_up"":0.3}",sshooter_collabo,9,8,1,5,2,1525,"{""special_charge_up"":1.9,""swim_speed_up"":1.9,""ink_saver_main"":1.3,""ink_recovery_up"":0.6}",dentalwiper_sumi,4,4,0,9,3,980,"{""ink_saver_main"":0.6,""quick_super_jump"":0.6,""special_charge_up"":0.6,""sub_power_up"":0.6,""quick_respawn"":0.3,""respawn_punisher"":true,""stealth_jump"":true,""tenacity"":true}",dentalwiper_mint,5,5,0,8,2,632,"{""quick_super_jump"":2.9,""swim_speed_up"":1.8,""ninja_squid"":true}",gold,#1 Popular Target,silver,#1 Damage Taker,silver,First Splat!,
Sizzle Season 2025,2025-06-30T04:00:00+00:00,10.0.1,xmatch,yagura,yunohana,113,alpha,TRUE,,2122.3,2188,,100,ba30b0ff,,1992,,0,a0c937ff,,sharp,7,4,3,2,2,576,"{""special_charge_up"":1,""swim_speed_up"":1,""ink_recovery_up"":0.6,""quick_super_jump"":0.6,""sub_power_up"":0.6,""ink_resistance_up"":0.3,""special_saver"":0.3,""sub_resistance_up"":0.3,""stealth_jump"":true}",liter4k_scope,2,2,0,0,2,427,"{""swim_speed_up"":1.2,""ink_recovery_up"":1,""ink_saver_main"":1,""ink_resistance_up"":0.6,""quick_super_jump"":0.6,""sub_resistance_up"":0.3,""object_shredder"":true}",lact450_milk,6,4,2,1,3,714,"{""special_charge_up"":1.3,""special_saver"":0.9,""ink_resistance_up"":0.6,""special_power_up"":0.6,""sub_resistance_up"":0.3,""comeback"":true,""object_shredder"":true}",sblast92,4,2,2,2,2,471,"{""ink_saver_sub"":1.9,""ink_recovery_up"":1,""quick_super_jump"":0.6,""run_speed_up"":0.3,""special_charge_up"":0.3,""special_saver"":0.3,""swim_speed_up"":0.3,""stealth_jump"":true}",liter4k_custom,2,2,0,1,1,402,"{""ink_recovery_up"":0.9,""ink_saver_main"":0.6,""sub_resistance_up"":0.6,""ink_saver_sub"":0.3,""run_speed_up"":0.3,""last_ditch_effort"":true,""object_shredder"":true,""respawn_punisher"":true}",lact450_milk,2,2,0,3,1,573,"{""swim_speed_up"":1.9,""special_charge_up"":1.6,""quick_super_jump"":0.6,""ink_saver_sub"":0.3,""special_saver"":0.3,""stealth_jump"":true}",hissen_ash,1,1,0,4,2,563,"{""quick_respawn"":1,""ink_saver_sub"":0.6,""quick_super_jump"":0.6,""swim_speed_up"":0.6,""ink_resistance_up"":0.3,""special_saver"":0.3,""sub_resistance_up"":0.3,""ninja_squid"":true,""stealth_jump"":true}",jimuwiper_fuu,0,0,0,4,1,454,"{""quick_respawn"":1.6,""swim_speed_up"":0.6,""ink_recovery_up"":0.3,""ink_saver_main"":0.3,""quick_super_jump"":0.3,""sub_power_up"":0.3,""sub_resistance_up"":0.3,""comeback"":true,""stealth_jump"":true}",gold,#1 Overall Splatter,gold,#1 Enemy Splatter,gold,#1 Splat Assister,
Sizzle Season 2025,2025-06-30T04:00:00+00:00,10.0.1,bankara_open,asari,taraport,130,alpha,TRUE,S+ 18,,2338,,100,df6624ff,,2031,,0,343bc4ff,,lact450_milk,4,2,2,2,2,722,"{""special_charge_up"":1,""sub_power_up"":0.9,""ink_saver_sub"":0.6,""ink_resistance_up"":0.3,""quick_super_jump"":0.3,""special_saver"":0.3,""swim_speed_up"":0.3,""comeback"":true,""stealth_jump"":true}",prime,6,6,0,2,2,495,"{""swim_speed_up"":1.6,""intensify_action"":0.9,""ink_recovery_up"":0.3,""ink_resistance_up"":0.3,""ink_saver_main"":0.3,""quick_super_jump"":0.3,""comeback"":true,""stealth_jump"":true}",sshooter_collabo,4,4,0,2,2,710,"{""ink_saver_sub"":3.8,""swim_speed_up"":0.9,""ninja_squid"":true}",sputtery_owl,4,3,1,2,2,411,"{""quick_respawn"":1.5,""swim_speed_up"":1,""intensify_action"":0.6,""ink_resistance_up"":0.3,""ink_saver_sub"":0.3,""comeback"":true,""stealth_jump"":true}",jimuwiper_fuu,5,5,0,3,1,606,"{""swim_speed_up"":1,""ink_recovery_up"":0.6,""ink_saver_main"":0.6,""quick_super_jump"":0.6,""ink_resistance_up"":0.3,""special_saver"":0.3,""sub_resistance_up"":0.3,""comeback"":true,""stealth_jump"":true}",sshooter,3,2,1,3,1,669,"{""ink_saver_main"":1.3,""ink_saver_sub"":1,""sub_power_up"":1,""intensify_action"":0.6,""ink_recovery_up"":0.3,""ink_resistance_up"":0.3,""quick_respawn"":0.3,""run_speed_up"":0.3,""special_charge_up"":0.3,""special_power_up"":0.3}",sblast91,1,0,1,5,0,246,"{""ink_saver_main"":1.6,""ink_recovery_up"":1,""ink_saver_sub"":1,""intensify_action"":0.9,""quick_super_jump"":0.3}",sshooter_collabo,2,1,1,4,1,510,"{""ink_recovery_up"":0.3,""quick_super_jump"":0.3,""special_charge_up"":0.3,""special_power_up"":0.3,""sub_power_up"":0.3,""swim_speed_up"":0.3,""comeback"":true,""drop_roller"":true,""haunt"":true}",gold,#1 Score Booster,gold,#1 Splat Assister,gold,#1 Turf Inker,
Sizzle Season 2025,2025-06-30T04:00:00+00:00,10.0.1,bankara_challenge,area,amabi,142,bravo,TRUE,,,2988,,0,9025c6ff,,3222,,100,cfb121ff,,examiner,5,2,3,3,4,843,"{""run_speed_up"":1.9,""special_power_up"":1.2,""ink_resistance_up"":1,""special_charge_up"":1,""special_saver"":0.3,""sub_resistance_up"":0.3}",sharp_geck,4,4,0,1,3,888,"{""swim_speed_up"":2.9,""ink_saver_main"":0.6,""ink_resistance_up"":0.3,""quick_super_jump"":0.3,""special_saver"":0.3,""sub_resistance_up"":0.3,""ninja_squid"":true}",maneuver_you,3,2,1,6,2,509,"{""quick_respawn"":1,""special_power_up"":0.6,""special_saver"":0.6,""swim_speed_up"":0.6,""intensify_action"":0.3,""quick_super_jump"":0.3,""special_charge_up"":0.3,""comeback"":true,""stealth_jump"":true}",jetsweeper_cobr,2,2,0,4,2,748,"{""swim_speed_up"":1.9,""ink_saver_main"":1.6,""special_charge_up"":1.6,""ink_recovery_up"":0.3,""ink_saver_sub"":0.3}",explosher_custom,5,3,2,2,3,958,"{""ink_saver_main"":4.2,""sub_resistance_up"":0.6,""swim_speed_up"":0.6,""quick_super_jump"":0.3}",prime_frzn,5,4,1,2,2,714,"{""swim_speed_up"":1.2,""special_power_up"":1,""ink_recovery_up"":0.3,""ink_resistance_up"":0.3,""ink_saver_main"":0.3,""run_speed_up"":0.3,""special_charge_up"":0.3,""comeback"":true,""stealth_jump"":true}",nova_neo,5,5,0,4,2,441,"{""intensify_action"":0.6,""quick_super_jump"":0.6,""run_speed_up"":0.6,""ink_saver_main"":0.3,""special_saver"":0.3,""sub_resistance_up"":0.3,""comeback"":true,""ninja_squid"":true,""stealth_jump"":true}",sharp_neo,3,2,1,2,5,1109,"{""special_charge_up"":2.3,""ink_saver_sub"":2.2,""quick_super_jump"":0.3,""run_speed_up"":0.3,""sub_power_up"":0.3,""swim_speed_up"":0.3}",gold,#1 Overall Splatter,gold,#1 Super Jump Spot,gold,#1 Splat Zone Inker,
Sizzle Season 2025,2025-06-30T04:00:00+00:00,10.0.1,xmatch,yagura,yagara,300,alpha,FALSE,,2122.3,5197,,93,1bbfabff,,4983,,68,c43a6eff,,sharp,14,6,8,5,6,1422,"{""special_charge_up"":1,""swim_speed_up"":1,""ink_recovery_up"":0.6,""quick_super_jump"":0.6,""sub_power_up"":0.6,""ink_resistance_up"":0.3,""special_saver"":0.3,""sub_resistance_up"":0.3,""stealth_jump"":true}",lact450_milk,11,10,1,5,7,1274,"{""swim_speed_up"":1,""ink_resistance_up"":0.6,""intensify_action"":0.6,""quick_super_jump"":0.6,""special_saver"":0.6,""quick_respawn"":0.3,""comeback"":true,""stealth_jump"":true}",jimuwiper_hue,11,9,2,5,6,1531,"{""swim_speed_up"":1.6,""special_charge_up"":0.6,""ink_recovery_up"":0.3,""ink_resistance_up"":0.3,""quick_super_jump"":0.3,""special_saver"":0.3,""sub_resistance_up"":0.3,""comeback"":true,""stealth_jump"":true}",rapid_elite_wntr,15,8,7,8,5,970,"{""special_power_up"":2.6,""special_charge_up"":1.6,""special_saver"":0.6,""intensify_action"":0.3,""quick_respawn"":0.3,""swim_speed_up"":0.3}",52gal,11,11,0,6,6,1271,"{""swim_speed_up"":1.3,""intensify_action"":0.9,""quick_super_jump"":0.6,""ink_resistance_up"":0.3,""special_saver"":0.3,""sub_resistance_up"":0.3,""comeback"":true,""stealth_jump"":true}",furo,5,3,2,8,6,1803,"{""ink_saver_main"":2.8,""quick_respawn"":0.6,""ink_resistance_up"":0.3,""object_shredder"":true,""thermal_ink"":true}",bottlegeyser,9,7,2,8,2,762,"{""run_speed_up"":1,""special_charge_up"":0.9,""swim_speed_up"":0.9,""ink_resistance_up"":0.3,""quick_super_jump"":0.3,""sub_resistance_up"":0.3,""comeback"":true,""stealth_jump"":true}",campingshelter_crem,6,2,4,11,3,1147,"{""ink_saver_main"":0.6,""quick_super_jump"":0.6,""swim_speed_up"":0.6,""ink_recovery_up"":0.3,""ink_resistance_up"":0.3,""special_saver"":0.3,""comeback"":true,""stealth_jump"":true,""thermal_ink"":true}",gold,#1 Splat Assister,gold,Record-Score Setter,gold,#1 Score Booster,
Sizzle Season 2025,2025-06-30T04:00:00+00:00,10.0.1,bankara_open,asari,baigai,322,bravo,FALSE,S+ 7,,4866,,55,cd510aff,,4947,,63,6e04b6ff,,sputtery_owl,11,9,2,9,5,1575,"{""quick_respawn"":1.6,""swim_speed_up"":0.9,""ink_resistance_up"":0.3,""ink_saver_sub"":0.3,""intensify_action"":0.3,""quick_super_jump"":0.3,""comeback"":true,""stealth_jump"":true}",sblast91,13,8,5,12,1,703,"{""swim_speed_up"":1.9,""intensify_action"":0.9,""ink_saver_main"":0.6,""quick_super_jump"":0.3,""comeback"":true,""stealth_jump"":true}",furuido,7,6,1,5,5,1400,"{""swim_speed_up"":1.6,""ink_saver_main"":1.3,""special_charge_up"":0.6,""ink_resistance_up"":0.3,""quick_super_jump"":0.3,""run_speed_up"":0.3,""sub_resistance_up"":0.3,""object_shredder"":true}",bold,6,5,1,11,4,1188,"{""swim_speed_up"":3.5,""ink_resistance_up"":0.3,""quick_super_jump"":0.3,""special_charge_up"":0.3,""sub_resistance_up"":0.3,""stealth_jump"":true}",drivewiper,19,17,2,8,4,1621,"{""ink_saver_main"":1.3,""ink_recovery_up"":0.6,""ink_saver_sub"":0.6,""quick_super_jump"":0.6,""quick_respawn"":0.3,""swim_speed_up"":0.3,""comeback"":true,""stealth_jump"":true}",splatscope,9,6,3,4,2,1242,"{""ink_recovery_up"":1.6,""ink_saver_main"":1.6,""ink_saver_sub"":1,""ink_resistance_up"":0.3,""intensify_action"":0.3,""quick_super_jump"":0.3,""sub_resistance_up"":0.3,""swim_speed_up"":0.3}",kugelschreiber_hue,12,8,4,7,4,1208,"{""ink_saver_main"":1,""sub_power_up"":1,""swim_speed_up"":0.9,""ink_recovery_up"":0.6,""special_charge_up"":0.6,""quick_super_jump"":0.3,""sub_resistance_up"":0.3,""tenacity"":true}",splatroller_collabo,9,6,3,9,2,876,"{""ink_saver_main"":2,""swim_speed_up"":1.6,""quick_respawn"":0.6,""sub_power_up"":0.6,""ink_resistance_up"":0.3,""quick_super_jump"":0.3,""sub_resistance_up"":0.3}",gold,#1 Enemy Splatter,gold,#1 Turf Inker,silver,#1 Killer Wail 5.1 User,
Sizzle Season 2025,2025-06-30T04:00:00+00:00,10.0.1,bankara_open,asari,baigai,307,bravo,FALSE,S+ 18,,4869,,40,df6624ff,,4825,,99,343bc4ff,,lact450_milk,10,5,5,9,5,1438,"{""special_charge_up"":1,""sub_power_up"":0.9,""ink_saver_sub"":0.6,""ink_resistance_up"":0.3,""quick_super_jump"":0.3,""special_saver"":0.3,""swim_speed_up"":0.3,""comeback"":true,""stealth_jump"":true}",sputtery_owl,12,11,1,10,5,1092,"{""quick_respawn"":1.5,""swim_speed_up"":1,""intensify_action"":0.6,""ink_resistance_up"":0.3,""ink_saver_sub"":0.3,""comeback"":true,""stealth_jump"":true}",prime,10,4,6,7,3,976,"{""swim_speed_up"":1.6,""intensify_action"":0.9,""ink_recovery_up"":0.3,""ink_resistance_up"":0.3,""ink_saver_main"":0.3,""quick_super_jump"":0.3,""comeback"":true,""stealth_jump"":true}",jimuwiper,9,6,3,6,3,1363,"{""quick_respawn"":1.3,""quick_super_jump"":0.6,""swim_speed_up"":0.6,""ink_recovery_up"":0.3,""ink_resistance_up"":0.3,""ink_saver_main"":0.3,""special_saver"":0.3,""comeback"":true,""stealth_jump"":true}",sharp,13,6,7,6,4,1317,"{""swim_speed_up"":2.5,""ink_recovery_up"":0.3,""quick_respawn"":0.3,""run_speed_up"":0.3,""special_charge_up"":0.3,""comeback"":true,""thermal_ink"":true}",quadhopper_white,14,11,3,8,2,1104,"{""swim_speed_up"":1.3,""quick_super_jump"":1.2,""sub_resistance_up"":1,""quick_respawn"":0.9,""comeback"":true}",52gal,12,7,5,8,4,1242,"{""swim_speed_up"":1.9,""ink_recovery_up"":0.3,""ink_resistance_up"":0.3,""intensify_action"":0.3,""run_speed_up"":0.3,""special_power_up"":0.3,""special_saver"":0.3,""comeback"":true,""stealth_jump"":true}",pablo,9,8,1,4,4,1162,"{""ink_saver_main"":1.6,""ink_saver_sub"":1.6,""quick_respawn"":1,""special_power_up"":0.9,""sub_power_up"":0.6}",silver,#2 Overall Splatter,gold,#1 Turf Inker,silver,#1 Booyah Bomb User,
Sizzle Season 2025,2025-06-30T04:00:00+00:00,10.0.1,bankara_challenge,area,kombu,237,alpha,TRUE,,,4779,,100,df6624ff,,4583,,0,343bc4ff,,examiner,8,3,5,9,4,1016,"{""run_speed_up"":1.9,""special_power_up"":1.2,""ink_resistance_up"":1,""special_charge_up"":1,""special_saver"":0.3,""sub_resistance_up"":0.3}",maneuver_you,15,13,2,7,4,1046,"{""quick_respawn"":1,""special_power_up"":0.6,""special_saver"":0.6,""swim_speed_up"":0.6,""intensify_action"":0.3,""quick_super_jump"":0.3,""special_charge_up"":0.3,""comeback"":true,""stealth_jump"":true}",promodeler_sai,4,0,4,5,6,1404,"{""special_charge_up"":2.6,""special_saver"":0.6,""sub_power_up"":0.6,""quick_super_jump"":0.3,""sub_resistance_up"":0.3,""swim_speed_up"":0.3,""stealth_jump"":true}",sharp_geck,12,8,4,4,5,1313,"{""swim_speed_up"":2.9,""ink_saver_main"":0.6,""ink_resistance_up"":0.3,""quick_super_jump"":0.3,""special_saver"":0.3,""sub_resistance_up"":0.3,""ninja_squid"":true}",sshooter,8,7,1,7,4,1170,"{""special_charge_up"":1.3,""intensify_action"":0.6,""swim_speed_up"":0.6,""ink_recovery_up"":0.3,""ink_resistance_up"":0.3,""quick_respawn"":0.3,""quick_super_jump"":0.3,""comeback"":true,""stealth_jump"":true}",sshooter_collabo,7,7,0,4,6,1365,"{""special_charge_up"":3.8,""swim_speed_up"":1.9}",52gal,7,6,1,8,3,992,"{""swim_speed_up"":2.2,""intensify_action"":1,""ink_resistance_up"":0.3,""quick_super_jump"":0.3,""run_speed_up"":0.3,""special_saver"":0.3,""sub_resistance_up"":0.3,""stealth_jump"":true}",nautilus79,5,5,0,5,4,1056,"{""run_speed_up"":2.2,""quick_super_jump"":1.3,""swim_speed_up"":0.9,""special_saver"":0.3,""stealth_jump"":true}",gold,#1 Popular Target,gold,#1 Splat Assister,silver,#1 Tacticooler User,
Sizzle Season 2025,2025-06-30T04:00:00+00:00,10.0.1,xmatch,yagura,yagara,171,alpha,TRUE,,2122.3,3083,,100,1ec0adff,,2748,,0,d74b31ff,,sharp,11,3,8,3,3,703,"{""special_charge_up"":1,""swim_speed_up"":1,""ink_recovery_up"":0.6,""quick_super_jump"":0.6,""sub_power_up"":0.6,""ink_resistance_up"":0.3,""special_saver"":0.3,""sub_resistance_up"":0.3,""stealth_jump"":true}",rapid_elite_wntr,15,6,9,1,4,701,"{""special_power_up"":2.6,""special_charge_up"":1.6,""special_saver"":0.6,""intensify_action"":0.3,""quick_respawn"":0.3,""swim_speed_up"":0.3}",wakaba,8,4,4,4,3,881,"{""ink_saver_sub"":2.6,""ink_recovery_up"":1.6,""run_speed_up"":0.6,""sub_power_up"":0.6,""sub_resistance_up"":0.3}",fincent,14,10,4,6,4,798,"{""swim_speed_up"":0.9,""quick_respawn"":0.6,""ink_recovery_up"":0.3,""ink_resistance_up"":0.3,""ink_saver_main"":0.3,""ink_saver_sub"":0.3,""comeback"":true,""ninja_squid"":true,""stealth_jump"":true}",carbon_deco,6,5,1,6,2,631,"{""swim_speed_up"":1.6,""ink_saver_sub"":0.9,""ink_resistance_up"":0.6,""quick_super_jump"":0.6,""comeback"":true,""stealth_jump"":true}",52gal,5,4,1,6,3,744,"{""swim_speed_up"":1.3,""intensify_action"":0.9,""quick_super_jump"":0.6,""ink_resistance_up"":0.3,""special_saver"":0.3,""sub_resistance_up"":0.3,""comeback"":true,""stealth_jump"":true}",jetsweeper_cobr,2,2,0,4,3,838,"{""special_charge_up"":1.6,""ink_saver_main"":1.3,""sub_power_up"":1,""ink_saver_sub"":0.9,""run_speed_up"":0.3,""special_power_up"":0.3,""swim_speed_up"":0.3}",nova_neo,3,3,0,7,2,535,"{""quick_respawn"":1.3,""quick_super_jump"":0.6,""sub_power_up"":0.6,""intensify_action"":0.3,""special_saver"":0.3,""sub_resistance_up"":0.3,""swim_speed_up"":0.3,""comeback"":true,""stealth_jump"":true}",silver,#2 Super Jump Spot,silver,#2 Splat Assister,silver,#1 Crab Tank User,
Sizzle Season 2025,2025-06-30T04:00:00+00:00,10.0.1,bankara_open,asari,taraport,300,alpha,FALSE,S+ 7,,4162,,87,1bbfabff,,4118,,69,c43a6eff,,sputtery_owl,11,9,2,13,1,1025,"{""quick_respawn"":1.6,""swim_speed_up"":0.9,""ink_resistance_up"":0.3,""ink_saver_sub"":0.3,""intensify_action"":0.3,""quick_super_jump"":0.3,""comeback"":true,""stealth_jump"":true}",96gal,10,5,5,9,3,910,"{""special_charge_up"":1,""special_power_up"":1,""intensify_action"":0.9,""swim_speed_up"":0.9,""ink_saver_main"":0.3,""ink_saver_sub"":0.3,""special_saver"":0.3,""stealth_jump"":true}",sblast91,16,13,3,7,3,994,"{""swim_speed_up"":1.9,""intensify_action"":0.9,""ink_saver_main"":0.6,""quick_super_jump"":0.3,""comeback"":true,""stealth_jump"":true}",furuido,12,8,4,6,4,1233,"{""swim_speed_up"":1.6,""ink_saver_main"":1.3,""special_charge_up"":0.6,""ink_resistance_up"":0.3,""quick_super_jump"":0.3,""run_speed_up"":0.3,""sub_resistance_up"":0.3,""object_shredder"":true}",pablo_hue,15,14,1,10,5,1205,"{""quick_respawn"":0.9,""special_power_up"":0.9,""sub_power_up"":0.9,""ninja_squid"":true,""stealth_jump"":true,""tenacity"":true}",lact450_milk,11,6,5,7,3,1177,"{""quick_respawn"":1.6,""special_charge_up"":0.9,""quick_super_jump"":0.3,""special_saver"":0.3,""sub_resistance_up"":0.3,""swim_speed_up"":0.3,""comeback"":true,""stealth_jump"":true}",furuido,15,11,4,10,4,957,"{""special_power_up"":1.9,""special_saver"":1.9,""quick_respawn"":0.6,""special_charge_up"":0.3,""ninja_squid"":true}",hissen_hue,5,4,1,9,2,779,"{""special_charge_up"":1.2,""ink_resistance_up"":0.9,""quick_super_jump"":0.3,""special_saver"":0.3,""respawn_punisher"":true,""stealth_jump"":true,""tenacity"":true}",gold,#1 Popular Target,silver,#1 Ink Consumer,silver,#1 Clam Stopper,
Sizzle Season 2025,2025-06-30T04:00:00+00:00,10.0.1,bankara_challenge,area,amabi,242,bravo,TRUE,,,4464,,0,cd510aff,,4601,,100,6e04b6ff,,examiner,12,7,5,6,5,1369,"{""run_speed_up"":1.9,""special_power_up"":1.2,""ink_resistance_up"":1,""special_charge_up"":1,""special_saver"":0.3,""sub_resistance_up"":0.3}",sputtery,9,3,6,7,6,1313,"{""quick_super_jump"":5.7}",nova_neo,10,10,0,10,4,788,"{""swim_speed_up"":2.8,""ink_saver_main"":1,""ink_saver_sub"":0.9,""ninja_squid"":true}",sharp_geck,3,1,2,8,3,994,"{""special_saver"":0.3,""sub_power_up"":0.3,""swim_speed_up"":0.3,""drop_roller"":true,""opening_gambit"":true,""respawn_punisher"":true}",explosher_custom,17,10,7,6,4,1150,"{""ink_saver_main"":2.6,""ink_saver_sub"":0.6,""special_charge_up"":0.6,""ink_recovery_up"":0.3,""ink_resistance_up"":0.3,""quick_super_jump"":0.3,""respawn_punisher"":true}",sputtery_hue,14,11,3,8,4,1103,"{""quick_respawn"":1.9,""ink_saver_main"":0.6,""ink_recovery_up"":0.3,""quick_super_jump"":0.3,""special_power_up"":0.3,""special_saver"":0.3,""comeback"":true,""stealth_jump"":true}",explosher_custom,10,6,4,2,4,1379,"{""ink_saver_main"":1.9,""ink_saver_sub"":1.6,""quick_super_jump"":1.6,""ink_resistance_up"":0.6}",hokusai_hue,7,4,3,5,3,969,"{""ink_saver_main"":2.5,""sub_power_up"":1.6,""ink_recovery_up"":0.3,""special_saver"":0.3,""stealth_jump"":true}",gold,#1 Overall Splatter,gold,#1 Splat Zone Inker,gold,#1 Splat Zone Guard,
Sizzle Season 2025,2025-06-30T04:00:00+00:00,10.0.1,bankara_open,asari,baigai,320,alpha,FALSE,S+ 18,,5531,,98,ba30b0ff,,5198,,49,a0c937ff,,lact450_milk,9,5,4,5,5,1444,"{""special_charge_up"":1,""sub_power_up"":0.9,""ink_saver_sub"":0.6,""ink_resistance_up"":0.3,""quick_super_jump"":0.3,""special_saver"":0.3,""swim_speed_up"":0.3,""comeback"":true,""stealth_jump"":true}",splatspinner_pytn,15,8,7,5,8,1815,"{""run_speed_up"":2.3,""special_charge_up"":1.9,""ink_resistance_up"":0.6,""sub_power_up"":0.6,""special_saver"":0.3}",sputtery_owl,15,8,7,6,5,1148,"{""quick_respawn"":1.5,""swim_speed_up"":1,""intensify_action"":0.6,""ink_resistance_up"":0.3,""ink_saver_sub"":0.3,""comeback"":true,""stealth_jump"":true}",prime,15,11,4,7,4,1124,"{""swim_speed_up"":1.6,""intensify_action"":0.9,""ink_recovery_up"":0.3,""ink_resistance_up"":0.3,""ink_saver_main"":0.3,""quick_super_jump"":0.3,""comeback"":true,""stealth_jump"":true}",prime_collabo,9,8,1,6,4,1721,"{""run_speed_up"":1.9,""swim_speed_up"":1.6,""quick_super_jump"":0.6,""ink_resistance_up"":0.3,""ink_saver_sub"":0.3,""stealth_jump"":true}",barrelspinner,5,3,2,5,6,1700,"{""quick_super_jump"":1.6,""ink_resistance_up"":1.3,""ink_saver_main"":1.3,""run_speed_up"":0.9,""ink_recovery_up"":0.6}",hissen,6,4,2,9,2,828,"{""ink_saver_sub"":1,""swim_speed_up"":0.9,""ink_resistance_up"":0.3,""ink_saver_main"":0.3,""intensify_action"":0.3,""quick_respawn"":0.3,""special_charge_up"":0.3,""sub_power_up"":0.3,""ninja_squid"":true,""object_shredder"":true}",maneuver_you,8,7,1,12,0,949,"{""quick_respawn"":1.9,""ink_saver_main"":0.6,""ink_resistance_up"":0.3,""intensify_action"":0.3,""sub_resistance_up"":0.3,""swim_speed_up"":0.3,""comeback"":true,""stealth_jump"":true}",gold,#1 Score Booster,gold,#1 Clam Carrier,silver,#1 Clam Stopper,
Sizzle Season 2025,2025-06-30T04:00:00+00:00,10.0.1,xmatch,yagura,yagara,300,alpha,FALSE,,2197.3,4218,,60,343bc4ff,,4228,,42,df6624ff,,sharp,14,8,6,5,5,1360,"{""special_charge_up"":1,""swim_speed_up"":1,""ink_recovery_up"":0.6,""quick_super_jump"":0.6,""sub_power_up"":0.6,""ink_resistance_up"":0.3,""special_saver"":0.3,""sub_resistance_up"":0.3,""stealth_jump"":true}",jimuwiper,18,14,4,3,6,1355,"{""swim_speed_up"":1,""ink_saver_main"":0.6,""special_power_up"":0.6,""sub_power_up"":0.6,""ink_recovery_up"":0.3,""ink_resistance_up"":0.3,""quick_super_jump"":0.3,""comeback"":true,""stealth_jump"":true}",sblast91,13,6,7,8,0,618,"{""ink_recovery_up"":1.2,""ink_saver_sub"":1,""ink_saver_main"":0.6,""run_speed_up"":0.3,""swim_speed_up"":0.3,""comeback"":true,""stealth_jump"":true}",sputtery_owl,11,9,2,12,2,885,"{""quick_respawn"":2.2,""quick_super_jump"":0.6,""ink_resistance_up"":0.3,""special_saver"":0.3,""sub_resistance_up"":0.3,""comeback"":true,""stealth_jump"":true}",prime_collabo,13,10,3,9,4,1184,"{""intensify_action"":1,""swim_speed_up"":0.9,""ink_resistance_up"":0.6,""quick_super_jump"":0.3,""special_saver"":0.3,""sub_power_up"":0.3,""sub_resistance_up"":0.3,""comeback"":true,""stealth_jump"":true}",jimuwiper,9,5,4,10,4,1065,"{""swim_speed_up"":1,""special_power_up"":0.6,""sub_power_up"":0.6,""ink_resistance_up"":0.3,""ink_saver_main"":0.3,""quick_super_jump"":0.3,""special_saver"":0.3,""sub_resistance_up"":0.3,""comeback"":true,""stealth_jump"":true}",splatroller_collabo,6,5,1,8,6,1044,"{""ink_resistance_up"":1,""quick_super_jump"":0.6,""special_saver"":0.6,""run_speed_up"":0.3,""special_charge_up"":0.3,""sub_power_up"":0.3,""comeback"":true,""ninja_squid"":true}",clashblaster,10,8,2,10,3,935,"{""ink_saver_sub"":1.8,""ink_saver_main"":1,""run_speed_up"":1,""swim_speed_up"":0.9,""drop_roller"":true}",gold,#1 Turf Inker,gold,Record-Score Setter,gold,#1 Score Booster,
Sizzle Season 2025,2025-06-30T04:00:00+00:00,10.0.1,bankara_open,asari,baigai,320,bravo,FALSE,S+ 7,,4751,,0,1ec0adff,,4383,,43,d74b31ff,,sputtery_owl,11,8,3,12,4,1299,"{""quick_respawn"":1.6,""swim_speed_up"":0.9,""ink_resistance_up"":0.3,""ink_saver_sub"":0.3,""intensify_action"":0.3,""quick_super_jump"":0.3,""comeback"":true,""stealth_jump"":true}",sblast91,20,16,4,13,2,949,"{""swim_speed_up"":1.9,""intensify_action"":0.9,""ink_saver_main"":0.6,""quick_super_jump"":0.3,""comeback"":true,""stealth_jump"":true}",furuido,8,6,2,5,5,1378,"{""swim_speed_up"":1.6,""ink_saver_main"":1.3,""special_charge_up"":0.6,""ink_resistance_up"":0.3,""quick_super_jump"":0.3,""run_speed_up"":0.3,""sub_resistance_up"":0.3,""object_shredder"":true}",96gal,6,3,3,11,3,1125,"{""special_charge_up"":1,""special_power_up"":1,""intensify_action"":0.9,""swim_speed_up"":0.9,""ink_saver_main"":0.3,""ink_saver_sub"":0.3,""special_saver"":0.3,""stealth_jump"":true}",dynamo_mei,23,10,13,4,6,1256,"{""ink_saver_sub"":0.9,""sub_power_up"":0.9,""ink_saver_main"":0.3,""quick_super_jump"":0.3,""swim_speed_up"":0.3,""last_ditch_effort"":true,""ninja_squid"":true,""stealth_jump"":true}",dynamo,22,19,3,13,1,1137,"{""ink_saver_main"":1.9,""quick_super_jump"":0.6,""swim_speed_up"":0.6,""ink_resistance_up"":0.3,""sub_resistance_up"":0.3,""comeback"":true,""stealth_jump"":true}",brella24mk1,12,8,4,8,3,1159,"{""swim_speed_up"":1.3,""ink_recovery_up"":1,""quick_super_jump"":0.9,""ink_resistance_up"":0.3,""ink_saver_main"":0.3,""special_charge_up"":0.3,""special_saver"":0.3,""stealth_jump"":true}",hotblaster_custom,9,3,6,8,2,831,"{""quick_super_jump"":1.3,""ink_saver_main"":0.9,""special_charge_up"":0.9,""swim_speed_up"":0.6,""drop_roller"":true,""ninja_squid"":true}",silver,#1 Ink Consumer,silver,#1 Clam Stopper,silver,#1 Killer Wail 5.1 User,
Sizzle Season 2025,2025-06-30T04:00:00+00:00,10.0.1,bankara_challenge,area,kombu,150,alpha,TRUE,,,2598,,100,e38d24ff,,2608,,0,1a1aafff,,examiner,11,5,6,2,4,989,"{""run_speed_up"":1.9,""special_power_up"":1.2,""ink_resistance_up"":1,""special_charge_up"":1,""special_saver"":0.3,""sub_resistance_up"":0.3}",maneuver_you,7,6,1,3,2,664,"{""quick_respawn"":1,""special_power_up"":0.6,""special_saver"":0.6,""swim_speed_up"":0.6,""intensify_action"":0.3,""quick_super_jump"":0.3,""special_charge_up"":0.3,""comeback"":true,""stealth_jump"":true}",splatcharger_frst,4,2,2,3,2,391,"{""special_saver"":1.3,""ink_saver_sub"":1,""intensify_action"":0.6,""special_power_up"":0.6,""ink_recovery_up"":0.3,""ink_saver_main"":0.3,""run_speed_up"":0.3,""sub_resistance_up"":0.3,""opening_gambit"":true}",nova_neo,5,3,2,4,2,554,"{""swim_speed_up"":2.8,""ink_saver_main"":1,""ink_saver_sub"":0.9,""ninja_squid"":true}",bold,6,5,1,2,4,863,"{""swim_speed_up"":2.5,""ink_saver_main"":1,""ink_recovery_up"":0.9,""run_speed_up"":0.3,""ninja_squid"":true}",sblast92,6,5,1,5,1,557,"{""special_power_up"":3.8,""ink_saver_sub"":0.9,""last_ditch_effort"":true}",tristringer_tou,2,2,0,5,3,725,"{""ink_saver_main"":1.6,""special_charge_up"":1.3,""special_power_up"":1.2,""run_speed_up"":1,""quick_super_jump"":0.6}",nova_neo,2,0,2,4,1,463,"{""swim_speed_up"":1.6,""ink_saver_main"":0.6,""ink_recovery_up"":0.3,""ink_resistance_up"":0.3,""quick_super_jump"":0.3,""sub_resistance_up"":0.3,""ninja_squid"":true,""stealth_jump"":true}",gold,#1 Overall Splatter,gold,#1 Splat Zone Inker,gold,#1 Splat Zone Guard,
Sizzle Season 2025,2025-06-30T06:00:00+00:00,10.0.1,xmatch,asari,kinmedai,320,bravo,FALSE,,2228.6,5715,,55,6e04b6ff,,5746,,91,cd510aff,,sharp,21,13,8,7,6,1625,"{""special_charge_up"":1,""swim_speed_up"":1,""ink_recovery_up"":0.6,""quick_super_jump"":0.6,""sub_power_up"":0.6,""ink_resistance_up"":0.3,""special_saver"":0.3,""sub_resistance_up"":0.3,""stealth_jump"":true}",momiji,16,8,8,7,7,1641,"{""run_speed_up"":1,""sub_power_up"":1,""swim_speed_up"":1,""ink_saver_sub"":0.9,""special_charge_up"":0.6,""special_power_up"":0.6,""ink_recovery_up"":0.3,""ink_saver_main"":0.3}",variableroller,12,6,6,7,5,1480,"{""ink_saver_main"":1.3,""sub_resistance_up"":0.6,""swim_speed_up"":0.6,""ink_resistance_up"":0.3,""quick_super_jump"":0.3,""special_charge_up"":0.3,""special_saver"":0.3,""ninja_squid"":true,""stealth_jump"":true}",longblaster,16,12,4,7,2,969,"{""swim_speed_up"":1.6,""intensify_action"":1,""ink_recovery_up"":0.6,""quick_super_jump"":0.6,""special_charge_up"":0.6,""run_speed_up"":0.3,""stealth_jump"":true}",moprin,14,12,2,12,6,1954,"{""quick_respawn"":2.5,""swim_speed_up"":0.6,""ink_saver_main"":0.3,""quick_super_jump"":0.3,""comeback"":true,""stealth_jump"":true}",momiji,8,4,4,6,4,1261,"{""ink_saver_sub"":1.6,""ink_saver_main"":1,""swim_speed_up"":1,""special_charge_up"":0.9,""sub_power_up"":0.6,""quick_super_jump"":0.3,""sub_resistance_up"":0.3}",pablo_hue,9,3,6,11,3,1198,"{""quick_respawn"":3.2,""ink_saver_main"":0.9,""quick_super_jump"":0.6,""stealth_jump"":true}",prime_frzn,9,9,0,10,4,1333,"{""swim_speed_up"":1.3,""intensify_action"":0.6,""quick_super_jump"":0.6,""ink_resistance_up"":0.3,""special_charge_up"":0.3,""special_saver"":0.3,""sub_resistance_up"":0.3,""comeback"":true,""stealth_jump"":true}",gold,#1 Overall Splatter,gold,#1 Popular Target,gold,#1 Score Booster,
Sizzle Season 2025,2025-06-30T06:00:00+00:00,10.0.1,bankara_open,yagura,zatou,67,alpha,TRUE,S+ 18,,1412,,100,e38d24ff,,1064,,0,1a1aafff,,lact450_milk,4,1,3,2,2,474,"{""special_charge_up"":1,""sub_power_up"":0.9,""ink_saver_sub"":0.6,""ink_resistance_up"":0.3,""quick_super_jump"":0.3,""special_saver"":0.3,""swim_speed_up"":0.3,""comeback"":true,""stealth_jump"":true}",hissen,7,4,3,0,1,210,"{""run_speed_up"":1.3,""special_power_up"":0.6,""swim_speed_up"":0.6,""ink_recovery_up"":0.3,""ink_resistance_up"":0.3,""intensify_action"":0.3,""sub_power_up"":0.3,""ninja_squid"":true,""stealth_jump"":true}",hydra_atsu,4,4,0,0,2,399,"{""intensify_action"":2.3,""ink_saver_main"":1,""special_charge_up"":0.6,""ink_resistance_up"":0.3,""ink_saver_sub"":0.3,""run_speed_up"":0.3,""special_saver"":0.3,""sub_resistance_up"":0.3}",prime_collabo,3,2,1,1,1,329,"{""swim_speed_up"":1.9,""ink_resistance_up"":0.6,""intensify_action"":0.6,""ink_saver_main"":0.3,""quick_respawn"":0.3,""comeback"":true,""stealth_jump"":true}",bottlegeyser,2,2,0,3,0,196,"{""quick_respawn"":1.6,""swim_speed_up"":0.9,""ink_resistance_up"":0.6,""quick_super_jump"":0.3,""sub_resistance_up"":0.3,""comeback"":true,""stealth_jump"":true}",rapid_elite_deco,2,1,1,4,0,242,"{""special_charge_up"":1.3,""swim_speed_up"":1.3,""intensify_action"":1.2,""ink_recovery_up"":0.3,""ink_resistance_up"":0.3,""sub_resistance_up"":0.3,""stealth_jump"":true}",h3reelgun_d,0,0,0,2,1,357,"{""swim_speed_up"":2.2,""special_charge_up"":1,""ink_resistance_up"":0.9,""ink_recovery_up"":0.3,""quick_super_jump"":0.3,""stealth_jump"":true}",lact450_milk,1,0,1,2,1,269,"{""ink_recovery_up"":1.3,""ink_saver_main"":1.3,""special_charge_up"":1,""ink_saver_sub"":0.9,""ink_resistance_up"":0.3,""special_power_up"":0.3}",gold,#1 Splat Assister,silver,#2 Overall Splatter,gold,#1 Turf Inker,
Sizzle Season 2025,2025-06-30T06:00:00+00:00,10.0.1,bankara_open,yagura,zatou,300,bravo,FALSE,S+ 18,,4683,,60,1a1aafff,,4445,,86,e38d24ff,,lact450_milk,11,8,3,11,6,1566,"{""special_charge_up"":1,""sub_power_up"":0.9,""ink_saver_sub"":0.6,""ink_resistance_up"":0.3,""quick_super_jump"":0.3,""special_saver"":0.3,""swim_speed_up"":0.3,""comeback"":true,""stealth_jump"":true}",prime_collabo,13,11,2,8,5,1160,"{""swim_speed_up"":1.9,""ink_resistance_up"":0.6,""intensify_action"":0.6,""ink_saver_main"":0.3,""quick_respawn"":0.3,""comeback"":true,""stealth_jump"":true}",splatscope_frst,5,4,1,7,4,747,"{""ink_saver_main"":1,""special_charge_up"":1,""ink_saver_sub"":0.9,""swim_speed_up"":0.6,""ink_recovery_up"":0.3,""quick_super_jump"":0.3,""special_saver"":0.3,""sub_resistance_up"":0.3,""stealth_jump"":true}",l3reelgun_haku,8,7,1,10,6,1210,"{""special_charge_up"":1.9,""ink_resistance_up"":0.9,""special_power_up"":0.3,""special_saver"":0.3,""sub_resistance_up"":0.3,""comeback"":true,""drop_roller"":true}",splatscope_frst,15,15,0,3,5,1666,"{""ink_saver_main"":2.3,""ink_recovery_up"":0.9,""special_charge_up"":0.6,""quick_super_jump"":0.3,""sub_resistance_up"":0.3,""swim_speed_up"":0.3,""object_shredder"":true}",squiclean_a,10,3,7,6,3,968,"{""swim_speed_up"":1.6,""special_charge_up"":1,""quick_super_jump"":0.6,""special_power_up"":0.6,""ink_resistance_up"":0.3,""run_speed_up"":0.3,""special_saver"":0.3,""stealth_jump"":true}",sblast91,16,15,1,11,2,971,"{""swim_speed_up"":1,""ink_saver_sub"":0.3,""quick_respawn"":0.3,""special_saver"":0.3,""comeback"":true,""stealth_jump"":true}",sblast92,4,3,1,10,1,840,"{""special_power_up"":5.7}",gold,#1 Popular Target,gold,#1 Splat Assister,gold,#1 Turf Inker,
Sizzle Season 2025,2025-06-30T06:00:00+00:00,10.0.1,xmatch,asari,kinmedai,342,bravo,FALSE,,2228.6,5809,,58,1a1aafff,,5635,,89,e38d24ff,,sharp,10,6,4,6,6,1709,"{""special_charge_up"":1,""swim_speed_up"":1,""ink_recovery_up"":0.6,""quick_super_jump"":0.6,""sub_power_up"":0.6,""ink_resistance_up"":0.3,""special_saver"":0.3,""sub_resistance_up"":0.3,""stealth_jump"":true}",kelvin525,12,11,1,10,4,1222,"{""quick_respawn"":2.2,""ink_recovery_up"":0.6,""quick_super_jump"":0.6,""sub_resistance_up"":0.3,""comeback"":true,""stealth_jump"":true}",tristringer_tou,10,5,5,7,5,1355,"{""quick_super_jump"":0.9,""swim_speed_up"":0.6,""ink_recovery_up"":0.3,""ink_resistance_up"":0.3,""run_speed_up"":0.3,""sub_resistance_up"":0.3,""haunt"":true,""last_ditch_effort"":true,""stealth_jump"":true}",dynamo,13,9,4,11,5,1523,"{""special_charge_up"":1.3,""swim_speed_up"":1,""ink_saver_main"":0.9,""ink_recovery_up"":0.6,""ink_resistance_up"":0.3,""ink_saver_sub"":0.3,""sub_power_up"":0.3,""stealth_jump"":true}",carbon_angl,17,12,5,6,5,1530,"{""swim_speed_up"":1.6,""ink_saver_sub"":0.9,""quick_super_jump"":0.6,""ink_resistance_up"":0.3,""sub_resistance_up"":0.3,""ninja_squid"":true,""stealth_jump"":true}",tristringer_tou,9,6,3,4,4,1724,"{""run_speed_up"":1,""swim_speed_up"":1,""special_power_up"":0.9,""ink_saver_sub"":0.6,""quick_super_jump"":0.6,""special_saver"":0.6,""drop_roller"":true}",dualsweeper,8,5,3,10,3,1180,"{""quick_respawn"":1.3,""quick_super_jump"":0.6,""special_charge_up"":0.6,""ink_saver_sub"":0.3,""special_power_up"":0.3,""special_saver"":0.3,""sub_resistance_up"":0.3,""opening_gambit"":true,""stealth_jump"":true}",jimuwiper_hue,13,10,3,11,2,1201,"{""swim_speed_up"":1.3,""ink_saver_main"":0.6,""quick_super_jump"":0.6,""special_power_up"":0.6,""ink_resistance_up"":0.3,""sub_power_up"":0.3,""comeback"":true,""stealth_jump"":true}",gold,#1 Super Jump Spot,gold,#1 Turf Inker,silver,#1 Ink Consumer,
Sizzle Season 2025,2025-06-30T06:00:00+00:00,10.0.1,bankara_open,yagura,zatou,283,alpha,TRUE,S+ 7,,4822,,100,c43a6eff,,4393,,0,1bbfabff,,sputtery_owl,13,10,3,5,8,1534,"{""quick_respawn"":1.6,""swim_speed_up"":0.9,""ink_resistance_up"":0.3,""ink_saver_sub"":0.3,""intensify_action"":0.3,""quick_super_jump"":0.3,""comeback"":true,""stealth_jump"":true}",sblast91,24,20,4,5,5,1032,"{""swim_speed_up"":1.9,""intensify_action"":0.9,""ink_saver_main"":0.6,""quick_super_jump"":0.3,""comeback"":true,""stealth_jump"":true}",wakaba,4,3,1,5,6,1104,"{""swim_speed_up"":1,""ink_saver_sub"":0.9,""special_charge_up"":0.6,""ink_recovery_up"":0.3,""ink_resistance_up"":0.3,""quick_super_jump"":0.3,""sub_resistance_up"":0.3,""comeback"":true,""stealth_jump"":true}",furuido,9,6,3,5,6,1152,"{""swim_speed_up"":1.6,""ink_saver_main"":1.3,""special_charge_up"":0.6,""ink_resistance_up"":0.3,""quick_super_jump"":0.3,""run_speed_up"":0.3,""sub_resistance_up"":0.3,""object_shredder"":true}",brella24mk2,6,5,1,13,2,1014,"{""special_charge_up"":2.3,""ink_saver_main"":1.5,""quick_super_jump"":0.3,""swim_speed_up"":0.3,""object_shredder"":true}",sharp_neo,5,4,1,12,4,1252,"{""ink_saver_main"":1,""swim_speed_up"":1,""special_charge_up"":0.9,""special_power_up"":0.9,""special_saver"":0.9,""stealth_jump"":true}",carbon_deco,9,9,0,3,4,1068,"{""special_charge_up"":1.9,""swim_speed_up"":1.9,""sub_power_up"":0.9,""ninja_squid"":true}",jimuwiper_fuu,2,2,0,11,3,1059,"{""swim_speed_up"":1.5,""ink_saver_main"":1,""quick_super_jump"":0.9,""ink_resistance_up"":0.3,""ninja_squid"":true,""stealth_jump"":true}",silver,#1 Ground Traveler,silver,#1 Damage Taker,gold,#1 Turf Inker,
Sizzle Season 2025,2025-06-30T06:00:00+00:00,10.0.1,bankara_challenge,hoko,baigai,301,alpha,FALSE,,,5261,,84,a0c937ff,,5176,,29,ba30b0ff,,furuido,9,6,3,5,3,1275,"{""quick_respawn"":2.2,""swim_speed_up"":1.6,""ink_saver_main"":0.3,""quick_super_jump"":0.3,""run_speed_up"":0.3,""stealth_jump"":true}",sshooter,18,16,2,5,4,1494,"{""swim_speed_up"":1.6,""intensify_action"":0.9,""quick_super_jump"":0.3,""special_charge_up"":0.3,""special_saver"":0.3,""sub_resistance_up"":0.3,""comeback"":true,""stealth_jump"":true}",sshooter_collabo,7,3,4,7,4,1211,"{""swim_speed_up"":1,""ink_saver_sub"":0.6,""special_charge_up"":0.6,""ink_recovery_up"":0.3,""ink_resistance_up"":0.3,""ink_saver_main"":0.3,""quick_respawn"":0.3,""sub_power_up"":0.3,""last_ditch_effort"":true,""ninja_squid"":true}",hydra_atsu,10,6,4,6,4,1281,"{""run_speed_up"":3.2,""swim_speed_up"":1.3,""ink_resistance_up"":0.6,""intensify_action"":0.3,""sub_resistance_up"":0.3}",jetsweeper_cobr,11,9,2,7,5,1584,"{""swim_speed_up"":1.3,""run_speed_up"":1,""ink_recovery_up"":0.6,""sub_power_up"":0.6,""ink_resistance_up"":0.3,""intensify_action"":0.3,""special_saver"":0.3,""sub_resistance_up"":0.3,""thermal_ink"":true}",liter4k,7,5,2,4,4,1112,"{""ink_saver_main"":1.9,""sub_power_up"":1.9,""run_speed_up"":0.9,""tenacity"":true}",bold,6,6,0,10,2,1155,"{""swim_speed_up"":3.9,""special_power_up"":0.6,""ink_resistance_up"":0.3,""quick_respawn"":0.3,""sub_resistance_up"":0.3}",momiji,3,3,0,11,4,1325,"{""sub_power_up"":1.3,""special_charge_up"":1,""ink_saver_sub"":0.9,""ink_recovery_up"":0.3,""ink_saver_main"":0.3,""quick_super_jump"":0.3,""run_speed_up"":0.3,""special_power_up"":0.3,""stealth_jump"":true}",gold,#1 Score Booster,gold,Record-Score Setter,silver,#1 Rainmaker Carrier,
Sizzle Season 2025,2025-06-30T06:00:00+00:00,10.0.1,xmatch,asari,amabi,306,alpha,FALSE,,2228.6,4992,,40,1a1aafff,,4816,,35,e38d24ff,,sharp,12,6,6,7,5,1315,"{""special_charge_up"":1,""swim_speed_up"":1,""ink_recovery_up"":0.6,""quick_super_jump"":0.6,""sub_power_up"":0.6,""ink_resistance_up"":0.3,""special_saver"":0.3,""sub_resistance_up"":0.3,""stealth_jump"":true}",nautilus47,12,9,3,7,5,1137,"{""swim_speed_up"":2.5,""special_saver"":0.6,""intensify_action"":0.3,""quick_super_jump"":0.3,""comeback"":true,""stealth_jump"":true}",order_slosher_replica,12,7,5,8,3,1227,"{""quick_respawn"":1.6,""quick_super_jump"":0.6,""swim_speed_up"":0.6,""ink_resistance_up"":0.3,""ink_saver_sub"":0.3,""sub_resistance_up"":0.3,""comeback"":true,""stealth_jump"":true}",sshooter,6,5,1,8,5,1313,"{""swim_speed_up"":1.9,""intensify_action"":0.6,""ink_resistance_up"":0.3,""quick_super_jump"":0.3,""special_saver"":0.3,""sub_resistance_up"":0.3,""comeback"":true,""stealth_jump"":true}",sshooter_kou,14,10,4,8,3,1064,"{""swim_speed_up"":1,""intensify_action"":0.9,""quick_super_jump"":0.6,""special_power_up"":0.6,""ink_resistance_up"":0.3,""sub_resistance_up"":0.3,""comeback"":true,""stealth_jump"":true}",longblaster,13,9,4,5,4,1087,"{""intensify_action"":1.9,""swim_speed_up"":0.9,""ink_saver_main"":0.6,""quick_super_jump"":0.3,""comeback"":true,""stealth_jump"":true}",maneuver,9,4,5,7,5,1346,"{""swim_speed_up"":1.9,""quick_super_jump"":0.6,""special_charge_up"":0.6,""intensify_action"":0.3,""special_saver"":0.3,""comeback"":true,""stealth_jump"":true}",jimuwiper_hue,10,7,3,7,4,1319,"{""swim_speed_up"":1.3,""ink_saver_main"":0.6,""quick_super_jump"":0.6,""special_power_up"":0.6,""ink_resistance_up"":0.3,""sub_power_up"":0.3,""comeback"":true,""stealth_jump"":true}",gold,#1 Overall Splatter,gold,#1 Splat Assister,gold,#1 Turf Inker,
Sizzle Season 2025,2025-06-30T06:00:00+00:00,10.0.1,bankara_open,yagura,zatou,300,alpha,FALSE,S+ 18,,4868,,55,a0c937ff,,4541,,25,ba30b0ff,,lact450_milk,9,6,3,9,4,1040,"{""special_charge_up"":1,""sub_power_up"":0.9,""ink_saver_sub"":0.6,""ink_resistance_up"":0.3,""quick_super_jump"":0.3,""special_saver"":0.3,""swim_speed_up"":0.3,""comeback"":true,""stealth_jump"":true}",prime_collabo,18,14,4,10,4,1177,"{""swim_speed_up"":1.9,""ink_resistance_up"":0.6,""intensify_action"":0.6,""ink_saver_main"":0.3,""quick_respawn"":0.3,""comeback"":true,""stealth_jump"":true}",promodeler_rg,3,1,2,8,6,1437,"{""special_charge_up"":3.5,""special_power_up"":1.9,""ink_resistance_up"":0.3}",sputtery_owl,14,13,1,5,6,1214,"{""quick_respawn"":1.5,""swim_speed_up"":1,""intensify_action"":0.6,""ink_resistance_up"":0.3,""ink_saver_sub"":0.3,""comeback"":true,""stealth_jump"":true}",order_stringer_replica,15,8,7,2,10,2067,"{""ink_saver_main"":1,""run_speed_up"":1,""quick_super_jump"":0.6,""special_charge_up"":0.6,""special_power_up"":0.6,""swim_speed_up"":0.6,""ink_resistance_up"":0.3,""stealth_jump"":true}",longblaster,10,9,1,12,1,724,"{""intensify_action"":1.9,""ink_saver_main"":1.3,""sub_power_up"":0.6,""swim_speed_up"":0.6,""ink_saver_sub"":0.3,""drop_roller"":true}",hissen_hue,18,14,4,9,4,1301,"{""run_speed_up"":3.2,""intensify_action"":1.3,""special_charge_up"":0.9,""ink_recovery_up"":0.3}",tristringer_tou,2,1,1,11,2,449,"{""ink_saver_sub"":1.9,""sub_power_up"":1.9,""ink_saver_main"":0.9,""drop_roller"":true}",silver,#1 Ink Consumer,gold,#1 Popular Target,gold,#1 Super Jump Spot,
Sizzle Season 2025,2025-06-30T06:00:00+00:00,10.0.1,bankara_open,yagura,kajiki,300,alpha,FALSE,S+ 7,,5223,,81,ba30b0ff,,4651,,43,a0c937ff,,sputtery_owl,8,6,2,7,7,1701,"{""quick_respawn"":1.6,""swim_speed_up"":0.9,""ink_resistance_up"":0.3,""ink_saver_sub"":0.3,""intensify_action"":0.3,""quick_super_jump"":0.3,""comeback"":true,""stealth_jump"":true}",sblast91,22,18,4,8,4,1134,"{""swim_speed_up"":1.9,""intensify_action"":0.9,""ink_saver_main"":0.6,""quick_super_jump"":0.3,""comeback"":true,""stealth_jump"":true}",furuido,10,8,2,4,5,1319,"{""swim_speed_up"":1.6,""ink_saver_main"":1.3,""special_charge_up"":0.6,""ink_resistance_up"":0.3,""quick_super_jump"":0.3,""run_speed_up"":0.3,""sub_resistance_up"":0.3,""object_shredder"":true}",wakaba,3,0,3,9,4,1069,"{""swim_speed_up"":1,""ink_saver_sub"":0.9,""special_charge_up"":0.6,""ink_recovery_up"":0.3,""ink_resistance_up"":0.3,""quick_super_jump"":0.3,""sub_resistance_up"":0.3,""comeback"":true,""stealth_jump"":true}",order_blaster_replica,17,13,4,6,4,1199,"{""swim_speed_up"":1,""quick_respawn"":0.9,""ink_resistance_up"":0.3,""intensify_action"":0.3,""quick_super_jump"":0.3,""special_power_up"":0.3,""special_saver"":0.3,""sub_resistance_up"":0.3,""comeback"":true,""stealth_jump"":true}",prime_frzn,10,5,5,8,5,1499,"{""special_charge_up"":1.3,""swim_speed_up"":1.3,""ink_saver_sub"":0.6,""quick_super_jump"":0.6,""ink_resistance_up"":0.3,""ink_saver_main"":0.3,""run_speed_up"":0.3,""stealth_jump"":true}",splatscope_collabo,7,7,0,8,2,990,"{""ink_saver_main"":1.9,""special_charge_up"":1.3,""quick_super_jump"":0.6,""swim_speed_up"":0.6,""ink_resistance_up"":0.3,""object_shredder"":true}",52gal,5,3,2,10,3,963,"{""ink_recovery_up"":1.3,""ink_saver_sub"":1.3,""ink_saver_main"":0.3,""intensify_action"":0.3,""special_charge_up"":0.3,""sub_power_up"":0.3,""sub_resistance_up"":0.3,""ninja_squid"":true}",gold,#1 Turf Inker,silver,#1 Ink Consumer,silver,First Splat!,
Sizzle Season 2025,2025-06-30T06:00:00+00:00,10.0.1,bankara_open,yagura,kajiki,301,alpha,FALSE,S+ 7,,5734,,71,1a1aafff,,5750,,44,e38d24ff,,sputtery_owl,14,10,4,7,7,1620,"{""quick_respawn"":1.6,""swim_speed_up"":0.9,""ink_resistance_up"":0.3,""ink_saver_sub"":0.3,""intensify_action"":0.3,""quick_super_jump"":0.3,""comeback"":true,""stealth_jump"":true}",sblast91,22,16,6,6,5,1208,"{""swim_speed_up"":1.9,""intensify_action"":0.9,""ink_saver_main"":0.6,""quick_super_jump"":0.3,""comeback"":true,""stealth_jump"":true}",furuido,8,8,0,5,5,1459,"{""swim_speed_up"":1.6,""ink_saver_main"":1.3,""special_charge_up"":0.6,""ink_resistance_up"":0.3,""quick_super_jump"":0.3,""run_speed_up"":0.3,""sub_resistance_up"":0.3,""object_shredder"":true}",wakaba,4,1,3,5,7,1447,"{""swim_speed_up"":1,""ink_saver_sub"":0.9,""special_charge_up"":0.6,""ink_recovery_up"":0.3,""ink_resistance_up"":0.3,""quick_super_jump"":0.3,""sub_resistance_up"":0.3,""comeback"":true,""stealth_jump"":true}",hissen_ash,12,11,1,7,6,1503,"{""quick_respawn"":1.6,""quick_super_jump"":0.6,""special_saver"":0.6,""swim_speed_up"":0.6,""ink_resistance_up"":0.3,""comeback"":true,""stealth_jump"":true}",promodeler_sai,10,5,5,9,5,1603,"{""ink_recovery_up"":2.8,""ink_saver_main"":1,""ink_resistance_up"":0.3,""quick_super_jump"":0.3,""sub_resistance_up"":0.3,""stealth_jump"":true}",octoshooter_replica,5,2,3,10,3,1088,"{""quick_super_jump"":1.3,""run_speed_up"":1,""special_charge_up"":1,""ink_saver_main"":0.3,""sub_power_up"":0.3}",promodeler_mg,7,5,2,9,4,1556,"{""ink_saver_sub"":1.9,""run_speed_up"":0.9,""swim_speed_up"":0.9,""opening_gambit"":true,""stealth_jump"":true}",silver,#2 Overall Splatter,gold,#1 Turf Inker,silver,#1 Killer Wail 5.1 User,
Sizzle Season 2025,2025-06-30T06:00:00+00:00,10.0.1,bankara_open,yagura,zatou,104,alpha,TRUE,S+ 18,,1852,,100,a0c937ff,,1548,,0,ba30b0ff,,lact450_milk,2,1,1,1,3,615,"{""special_charge_up"":1,""sub_power_up"":0.9,""ink_saver_sub"":0.6,""ink_resistance_up"":0.3,""quick_super_jump"":0.3,""special_saver"":0.3,""swim_speed_up"":0.3,""comeback"":true,""stealth_jump"":true}",sputtery_owl,9,8,1,0,3,434,"{""quick_respawn"":1.5,""swim_speed_up"":1,""intensify_action"":0.6,""ink_resistance_up"":0.3,""ink_saver_sub"":0.3,""comeback"":true,""stealth_jump"":true}",sharp_neo,4,2,2,1,2,411,"{""swim_speed_up"":2.2,""ink_resistance_up"":1.2,""ink_saver_main"":0.3,""comeback"":true,""stealth_jump"":true}",prime_collabo,3,3,0,2,2,392,"{""swim_speed_up"":1.9,""ink_resistance_up"":0.6,""intensify_action"":0.6,""ink_saver_main"":0.3,""quick_respawn"":0.3,""comeback"":true,""stealth_jump"":true}",rapid_elite_deco,3,1,2,3,1,324,"{""intensify_action"":1.3,""ink_recovery_up"":0.6,""ink_saver_main"":0.6,""ink_saver_sub"":0.3,""quick_super_jump"":0.3,""sub_power_up"":0.3,""sub_resistance_up"":0.3,""comeback"":true,""object_shredder"":true}",sputtery_owl,2,2,0,3,2,667,"{""special_charge_up"":1,""swim_speed_up"":0.9,""ink_saver_main"":0.6,""special_power_up"":0.6,""intensify_action"":0.3,""quick_super_jump"":0.3,""comeback"":true,""stealth_jump"":true}",sblast92,0,0,0,3,0,263,"{""swim_speed_up"":2.5,""special_charge_up"":0.6,""quick_super_jump"":0.3,""sub_resistance_up"":0.3,""comeback"":true,""stealth_jump"":true}",maneuver_collabo,1,1,0,5,0,294,"{""ink_saver_main"":1.5,""swim_speed_up"":1.3,""quick_super_jump"":1,""run_speed_up"":0.9,""drop_roller"":true}",gold,#1 Score Booster,gold,Record-Score Setter,gold,#1 Turf Inker,
Sizzle Season 2025,2025-06-30T06:00:00+00:00,10.0.1,bankara_challenge,hoko,yunohana,300,bravo,FALSE,,,5121,,32,d74b31ff,,5331,,92,1ec0adff,,furuido,10,8,2,7,2,1469,"{""quick_respawn"":2.2,""swim_speed_up"":1.6,""ink_saver_main"":0.3,""quick_super_jump"":0.3,""run_speed_up"":0.3,""stealth_jump"":true}",maneuver,10,8,2,11,3,915,"{""quick_super_jump"":1.3,""swim_speed_up"":1.3,""quick_respawn"":0.6,""ink_recovery_up"":0.3,""ink_resistance_up"":0.3,""ink_saver_main"":0.3,""ink_saver_sub"":0.3,""special_saver"":0.3,""stealth_jump"":true}",sputtery_owl,6,6,0,9,4,991,"{""ink_saver_sub"":1.9,""run_speed_up"":1,""swim_speed_up"":0.9,""special_charge_up"":0.6,""sub_power_up"":0.3,""drop_roller"":true}",sputtery_hue,4,3,1,9,6,1746,"{""quick_respawn"":1.6,""ink_resistance_up"":0.6,""quick_super_jump"":0.6,""ink_saver_sub"":0.3,""special_saver"":0.3,""swim_speed_up"":0.3,""comeback"":true,""stealth_jump"":true}",dentalwiper_sumi,20,17,3,6,3,1219,"{""swim_speed_up"":1.3,""ink_resistance_up"":0.9,""quick_super_jump"":0.9,""intensify_action"":0.3,""sub_resistance_up"":0.3,""haunt"":true,""stealth_jump"":true}",pablo,10,8,2,6,4,1505,"{""ink_saver_sub"":3.2,""ink_saver_main"":1.9,""ink_recovery_up"":0.3,""intensify_action"":0.3}",prime_frzn,10,7,3,4,4,1219,"{""swim_speed_up"":2,""ink_recovery_up"":0.6,""ink_resistance_up"":0.6,""intensify_action"":0.6,""quick_super_jump"":0.6,""sub_resistance_up"":0.3,""stealth_jump"":true}",pablo,6,3,3,9,5,1388,"{""ink_saver_main"":2.5,""special_charge_up"":1.9,""ink_recovery_up"":1.3}",gold,#1 Overall Splatter,gold,#1 Enemy Splatter,gold,#1 Super Jump Spot,
Sizzle Season 2025,2025-06-30T06:00:00+00:00,10.0.1,xmatch,asari,amabi,320,alpha,FALSE,,2228.6,4727,,72,bfcd41ff,,4592,,40,6325cdff,,sharp,14,11,3,5,4,1290,"{""special_charge_up"":1,""swim_speed_up"":1,""ink_recovery_up"":0.6,""quick_super_jump"":0.6,""sub_power_up"":0.6,""ink_resistance_up"":0.3,""special_saver"":0.3,""sub_resistance_up"":0.3,""stealth_jump"":true}",dualsweeper,27,13,14,4,4,1266,"{""quick_respawn"":1.6,""intensify_action"":0.9,""ink_resistance_up"":0.3,""quick_super_jump"":0.3,""special_charge_up"":0.3,""swim_speed_up"":0.3,""opening_gambit"":true,""stealth_jump"":true}",splatspinner_collabo,22,17,5,8,2,1140,"{""run_speed_up"":2.3,""special_charge_up"":0.9,""ink_resistance_up"":0.3,""intensify_action"":0.3,""swim_speed_up"":0.3,""stealth_jump"":true}",pablo_hue,16,6,10,10,3,1031,"{""quick_respawn"":3.2,""ink_saver_main"":0.9,""quick_super_jump"":0.6,""stealth_jump"":true}",sblast91,12,10,2,10,2,982,"{""swim_speed_up"":1,""ink_saver_sub"":0.9,""ink_resistance_up"":0.6,""sub_power_up"":0.6,""quick_super_jump"":0.3,""sub_resistance_up"":0.3,""opening_gambit"":true,""stealth_jump"":true}",prime,11,8,3,12,2,993,"{""swim_speed_up"":1.6,""intensify_action"":0.9,""ink_saver_sub"":0.6,""quick_super_jump"":0.3,""sub_resistance_up"":0.3,""comeback"":true,""stealth_jump"":true}",pablo_hue,7,4,3,10,7,1340,"{""quick_respawn"":1.9,""special_saver"":1.9,""quick_super_jump"":0.9,""stealth_jump"":true}",wideroller_waku,9,5,4,15,3,1277,"{""quick_respawn"":2.5,""ink_saver_main"":0.6,""ink_resistance_up"":0.3,""quick_super_jump"":0.3,""comeback"":true,""stealth_jump"":true}",gold,#1 Turf Inker,silver,#1 Ink Consumer,silver,#2 Score Booster,
Sizzle Season 2025,2025-06-30T06:00:00+00:00,10.0.1,bankara_open,yagura,zatou,242,bravo,TRUE,S+ 18,,3642,,0,3a0ccdff,,3695,,100,d0bf08ff,,lact450_milk,4,1,3,7,4,1229,"{""special_charge_up"":1,""sub_power_up"":0.9,""ink_saver_sub"":0.6,""ink_resistance_up"":0.3,""quick_super_jump"":0.3,""special_saver"":0.3,""swim_speed_up"":0.3,""comeback"":true,""stealth_jump"":true}",prime_collabo,10,9,1,7,4,1016,"{""swim_speed_up"":1.9,""ink_resistance_up"":0.6,""intensify_action"":0.6,""ink_saver_main"":0.3,""quick_respawn"":0.3,""comeback"":true,""stealth_jump"":true}",liter4k,8,7,1,2,2,757,"{""quick_super_jump"":3.2,""ink_saver_main"":0.9,""ink_resistance_up"":0.3,""sub_resistance_up"":0.3,""respawn_punisher"":true}",sputtery_owl,6,5,1,12,1,640,"{""quick_respawn"":1.5,""swim_speed_up"":1,""intensify_action"":0.6,""ink_resistance_up"":0.3,""ink_saver_sub"":0.3,""comeback"":true,""stealth_jump"":true}",hokusai_hue,13,12,1,9,3,1013,"{""sub_power_up"":1,""ink_resistance_up"":0.6,""swim_speed_up"":0.6,""quick_super_jump"":0.3,""run_speed_up"":0.3,""sub_resistance_up"":0.3,""comeback"":true,""stealth_jump"":true}",wakaba,7,4,3,1,4,1202,"{""ink_saver_sub"":2.8,""quick_super_jump"":1,""swim_speed_up"":1,""run_speed_up"":0.9}",liter4k_custom,2,2,0,5,2,590,"{""swim_speed_up"":1,""sub_power_up"":0.9,""ink_resistance_up"":0.6,""quick_respawn"":0.6,""sub_resistance_up"":0.6,""object_shredder"":true,""respawn_punisher"":true}",nova_neo,12,10,2,7,4,890,"{""special_charge_up"":1.6,""swim_speed_up"":1.6,""ink_saver_main"":0.9,""quick_super_jump"":0.6,""stealth_jump"":true}",gold,#1 Score Booster,gold,Record-Score Setter,gold,#1 Turf Inker,
Sizzle Season 2025,2025-06-30T06:00:00+00:00,10.0.1,bankara_open,yagura,zatou,304,bravo,FALSE,S+ 7,,4918,,38,ba30b0ff,,4755,,69,a0c937ff,,sputtery_owl,14,12,2,9,7,1428,"{""quick_respawn"":1.6,""swim_speed_up"":0.9,""ink_resistance_up"":0.3,""ink_saver_sub"":0.3,""intensify_action"":0.3,""quick_super_jump"":0.3,""comeback"":true,""stealth_jump"":true}",sblast91,19,18,1,13,3,1099,"{""swim_speed_up"":1.9,""intensify_action"":0.9,""ink_saver_main"":0.6,""quick_super_jump"":0.3,""comeback"":true,""stealth_jump"":true}",wakaba,6,3,3,6,6,1230,"{""swim_speed_up"":1,""ink_saver_sub"":0.9,""special_charge_up"":0.6,""ink_recovery_up"":0.3,""ink_resistance_up"":0.3,""quick_super_jump"":0.3,""sub_resistance_up"":0.3,""comeback"":true,""stealth_jump"":true}",furuido,4,2,2,8,6,1161,"{""swim_speed_up"":1.6,""ink_saver_main"":1.3,""special_charge_up"":0.6,""ink_resistance_up"":0.3,""quick_super_jump"":0.3,""run_speed_up"":0.3,""sub_resistance_up"":0.3,""object_shredder"":true}",splatspinner_collabo,9,5,4,9,3,1570,"{""run_speed_up"":1.6,""special_charge_up"":1.3,""sub_power_up"":0.6,""intensify_action"":0.3,""sub_resistance_up"":0.3,""object_shredder"":true}",hotblaster_en,15,13,2,12,0,728,"{""swim_speed_up"":1.5,""intensify_action"":1.3,""ink_resistance_up"":0.3,""quick_super_jump"":0.3,""sub_resistance_up"":0.3,""ninja_squid"":true,""stealth_jump"":true}",parashelter,13,11,2,6,4,1397,"{""run_speed_up"":1.9,""swim_speed_up"":1.9,""ink_saver_main"":1,""ink_resistance_up"":0.3,""quick_super_jump"":0.3,""sub_resistance_up"":0.3}",hydra_atsu,11,7,4,8,4,1060,"{""run_speed_up"":2,""ink_resistance_up"":0.6,""quick_super_jump"":0.6,""swim_speed_up"":0.6,""ink_recovery_up"":0.3,""intensify_action"":0.3,""sub_resistance_up"":0.3,""object_shredder"":true}",silver,#2 Overall Splatter,gold,#1 Turf Inker,silver,#1 Killer Wail 5.1 User,
Sizzle Season 2025,2025-06-30T06:00:00+00:00,10.0.1,bankara_challenge,hoko,baigai,303,alpha,FALSE,,,5278,,72,9025c6ff,,5446,,66,cfb121ff,,furuido,9,4,5,5,1,1789,"{""quick_respawn"":2.2,""swim_speed_up"":1.6,""ink_saver_main"":0.3,""quick_super_jump"":0.3,""run_speed_up"":0.3,""stealth_jump"":true}",sputtery_owl,8,8,0,13,1,1130,"{""swim_speed_up"":2.6,""quick_super_jump"":1.2,""quick_respawn"":1,""sub_resistance_up"":0.6,""ink_resistance_up"":0.3}",bold,8,6,2,9,4,1271,"{""ink_recovery_up"":1.9,""swim_speed_up"":1.8,""ninja_squid"":true,""stealth_jump"":true}",maneuver,7,6,1,7,3,1088,"{""quick_super_jump"":1.3,""swim_speed_up"":1.3,""quick_respawn"":0.6,""ink_recovery_up"":0.3,""ink_resistance_up"":0.3,""ink_saver_main"":0.3,""ink_saver_sub"":0.3,""special_saver"":0.3,""stealth_jump"":true}",nzap89,15,11,4,3,7,1773,"{""swim_speed_up"":1.9,""ink_saver_sub"":1.3,""ink_saver_main"":1.2,""special_charge_up"":0.3,""ninja_squid"":true}",sharp_neo,11,6,5,7,4,1484,"{""special_charge_up"":1,""swim_speed_up"":1,""sub_power_up"":0.9,""ink_recovery_up"":0.6,""quick_super_jump"":0.6,""ink_resistance_up"":0.3,""special_saver"":0.3,""stealth_jump"":true}",furuido_custom,13,8,5,4,6,1212,"{""swim_speed_up"":1.6,""ink_saver_sub"":0.6,""run_speed_up"":0.6,""special_power_up"":0.6,""quick_super_jump"":0.3,""last_ditch_effort"":true,""stealth_jump"":true}",splatroller,8,8,0,10,3,977,"{""quick_super_jump"":1.9,""ink_recovery_up"":1.6,""run_speed_up"":1.6,""ink_saver_main"":0.3,""special_power_up"":0.3}",gold,#1 Overall Splatter,gold,#1 Score Booster,gold,Record-Score Setter,
Sizzle Season 2025,2025-06-30T06:00:00+00:00,10.0.1,xmatch,asari,kinmedai,290,alpha,TRUE,,2228.6,4996,,100,d0bf08ff,,5436,,0,3a0ccdff,,sharp,8,3,5,7,4,1339,"{""special_charge_up"":1,""swim_speed_up"":1,""ink_recovery_up"":0.6,""quick_super_jump"":0.6,""sub_power_up"":0.6,""ink_resistance_up"":0.3,""special_saver"":0.3,""sub_resistance_up"":0.3,""stealth_jump"":true}",sshooter,16,13,3,7,4,1261,"{""swim_speed_up"":1.9,""intensify_action"":0.6,""ink_resistance_up"":0.3,""quick_super_jump"":0.3,""special_saver"":0.3,""sub_resistance_up"":0.3,""comeback"":true,""stealth_jump"":true}",maneuver_you,10,6,4,9,3,1116,"{""quick_respawn"":1.3,""ink_resistance_up"":0.6,""quick_super_jump"":0.6,""special_charge_up"":0.6,""intensify_action"":0.3,""sub_resistance_up"":0.3,""comeback"":true,""stealth_jump"":true}",jimuwiper_fuu,8,5,3,10,3,1280,"{""ink_saver_main"":1.3,""swim_speed_up"":0.9,""ink_resistance_up"":0.3,""ink_saver_sub"":0.3,""quick_super_jump"":0.3,""special_charge_up"":0.3,""sub_resistance_up"":0.3,""comeback"":true,""stealth_jump"":true}",order_shooter_replica,16,14,2,5,4,1397,"{""swim_speed_up"":1.6,""intensify_action"":0.9,""ink_resistance_up"":0.3,""quick_super_jump"":0.3,""special_saver"":0.3,""sub_resistance_up"":0.3,""comeback"":true,""stealth_jump"":true}",sharp_geck,7,2,5,9,1,864,"{""ink_saver_main"":1.3,""intensify_action"":1,""swim_speed_up"":1,""ink_saver_sub"":0.3,""quick_respawn"":0.3,""quick_super_jump"":0.3,""run_speed_up"":0.3,""special_charge_up"":0.3}",variableroller_foil,8,3,5,7,5,1589,"{""ink_saver_sub"":3.8,""ink_recovery_up"":1.6,""swim_speed_up"":0.3}",bold,14,13,1,6,6,1586,"{""swim_speed_up"":3.3,""ink_resistance_up"":0.6,""sub_resistance_up"":0.6,""ink_saver_sub"":0.3,""quick_super_jump"":0.3,""run_speed_up"":0.3,""sub_power_up"":0.3}",gold,#1 Super Jump Spot,gold,#1 Popular Target,gold,#1 Turf Inker,
Sizzle Season 2025,2025-06-30T06:00:00+00:00,10.0.1,bankara_open,yagura,zatou,277,bravo,TRUE,S+ 18,,4523,,0,2cb721ff,,4811,,100,c12d74ff,,lact450_milk,8,5,3,7,6,1554,"{""special_charge_up"":1,""sub_power_up"":0.9,""ink_saver_sub"":0.6,""ink_resistance_up"":0.3,""quick_super_jump"":0.3,""special_saver"":0.3,""swim_speed_up"":0.3,""comeback"":true,""stealth_jump"":true}",liter4k,11,8,3,8,2,806,"{""quick_super_jump"":1.9,""intensify_action"":0.9,""ink_saver_main"":0.6,""ink_resistance_up"":0.3,""comeback"":true,""stealth_jump"":true}",sputtery_owl,10,9,1,10,3,990,"{""quick_respawn"":1.5,""swim_speed_up"":1,""intensify_action"":0.6,""ink_resistance_up"":0.3,""ink_saver_sub"":0.3,""comeback"":true,""stealth_jump"":true}",prime_collabo,8,7,1,8,2,1173,"{""swim_speed_up"":1.9,""ink_resistance_up"":0.6,""intensify_action"":0.6,""ink_saver_main"":0.3,""quick_respawn"":0.3,""comeback"":true,""stealth_jump"":true}",quadhopper_black,18,15,3,7,5,1316,"{""quick_respawn"":2.2,""quick_super_jump"":0.6,""ink_resistance_up"":0.3,""ink_saver_sub"":0.3,""sub_resistance_up"":0.3,""comeback"":true,""stealth_jump"":true}",sshooter_collabo,11,7,4,8,4,1206,"{""swim_speed_up"":1.3,""special_charge_up"":1,""intensify_action"":0.9,""ink_recovery_up"":0.3,""ink_resistance_up"":0.3,""ink_saver_sub"":0.3,""quick_super_jump"":0.3,""sub_resistance_up"":0.3,""stealth_jump"":true}",explosher_custom,7,4,3,7,3,1236,"{""ink_saver_main"":2.6,""ink_saver_sub"":0.9,""run_speed_up"":0.6,""special_charge_up"":0.6,""object_shredder"":true}",pablo,13,7,6,7,6,1053,"{""ink_saver_main"":2.2,""sub_power_up"":1.9,""ink_saver_sub"":0.3,""stealth_jump"":true}",gold,#1 Score Booster,gold,Record-Score Setter,gold,#1 Turf Inker,
Sizzle Season 2025,2025-06-30T06:00:00+00:00,10.0.1,bankara_challenge,hoko,baigai,216,bravo,TRUE,,,3802,,0,cd510aff,,4016,,100,6e04b6ff,,furuido,4,2,2,4,1,1100,"{""quick_respawn"":2.2,""swim_speed_up"":1.6,""ink_saver_main"":0.3,""quick_super_jump"":0.3,""run_speed_up"":0.3,""stealth_jump"":true}",sshooter,6,5,1,9,2,869,"{""swim_speed_up"":1.6,""intensify_action"":0.9,""quick_super_jump"":0.3,""special_charge_up"":0.3,""special_saver"":0.3,""sub_resistance_up"":0.3,""comeback"":true,""stealth_jump"":true}",carbon_deco,5,4,1,5,3,684,"{""ink_saver_sub"":1.3,""special_charge_up"":0.9,""swim_speed_up"":0.9,""ink_resistance_up"":0.3,""special_power_up"":0.3,""ninja_squid"":true,""stealth_jump"":true}",promodeler_rg,2,1,1,9,4,1149,"{""swim_speed_up"":2.6,""run_speed_up"":1.2,""special_charge_up"":0.6,""ink_resistance_up"":0.3,""ninja_squid"":true}",prime_frzn,10,9,1,3,3,1115,"{""ink_saver_main"":1.6,""ink_saver_sub"":1.6,""ink_recovery_up"":0.3,""ink_resistance_up"":0.3,""quick_super_jump"":0.3,""special_saver"":0.3,""swim_speed_up"":0.3,""stealth_jump"":true}",furuido,7,6,1,3,2,1064,"{""ink_resistance_up"":1,""sub_power_up"":1,""ink_saver_sub"":0.9,""sub_resistance_up"":0.9,""swim_speed_up"":0.9,""ninja_squid"":true}",sshooter,8,6,2,2,4,1054,"{""swim_speed_up"":1.6,""special_charge_up"":1.3,""intensify_action"":0.6,""ink_resistance_up"":0.3,""quick_super_jump"":0.3,""special_saver"":0.3,""sub_power_up"":0.3,""object_shredder"":true}",splatspinner_pytn,7,5,2,5,2,783,"{""ink_saver_main"":1.9,""special_power_up"":0.9,""ink_recovery_up"":0.3,""intensify_action"":0.3,""special_saver"":0.3,""opening_gambit"":true,""stealth_jump"":true}",gold,#1 Super Jump Spot,gold,#1 Splat Assister,silver,#1 Rainmaker Stopper,
Sizzle Season 2025,2025-06-30T06:00:00+00:00,10.0.1,bankara_open,yagura,kajiki,306,alpha,FALSE,S+ 7,,5186,,60,2cb721ff,,4818,,20,c12d74ff,,sputtery_owl,13,10,3,9,6,1555,"{""quick_respawn"":1.6,""swim_speed_up"":0.9,""ink_resistance_up"":0.3,""ink_saver_sub"":0.3,""intensify_action"":0.3,""quick_super_jump"":0.3,""comeback"":true,""stealth_jump"":true}",sblast91,19,17,2,9,3,1050,"{""swim_speed_up"":1.9,""intensify_action"":0.9,""ink_saver_main"":0.6,""quick_super_jump"":0.3,""comeback"":true,""stealth_jump"":true}",tristringer_tou,9,4,5,6,5,1310,"{""ink_saver_main"":1.3,""swim_speed_up"":1.3,""run_speed_up"":0.6,""special_charge_up"":0.6,""ink_resistance_up"":0.3,""quick_super_jump"":0.3,""sub_resistance_up"":0.3,""object_shredder"":true}",wakaba,7,5,2,10,5,1271,"{""swim_speed_up"":1,""ink_saver_sub"":0.9,""special_charge_up"":0.6,""ink_recovery_up"":0.3,""ink_resistance_up"":0.3,""quick_super_jump"":0.3,""sub_resistance_up"":0.3,""comeback"":true,""stealth_jump"":true}",furuido,9,8,1,8,7,1568,"{""ink_saver_main"":1,""run_speed_up"":1,""quick_super_jump"":0.6,""special_charge_up"":0.6,""swim_speed_up"":0.6,""ink_resistance_up"":0.3,""quick_respawn"":0.3,""special_power_up"":0.3,""stealth_jump"":true}",hotblaster_en,9,8,1,12,1,805,"{""quick_super_jump"":1,""intensify_action"":0.9,""ink_recovery_up"":0.6,""special_power_up"":0.6,""ink_saver_main"":0.3,""swim_speed_up"":0.3,""last_ditch_effort"":true,""ninja_squid"":true}",screwslosher_neo,16,5,11,7,3,1060,"{""swim_speed_up"":1,""run_speed_up"":0.9,""special_charge_up"":0.9,""quick_super_jump"":0.6,""ink_saver_main"":0.3,""last_ditch_effort"":true,""stealth_jump"":true}",dynamo_mei,15,12,3,9,5,1385,"{""quick_respawn"":1.3,""ink_resistance_up"":0.6,""swim_speed_up"":0.6,""ink_recovery_up"":0.3,""ink_saver_main"":0.3,""quick_super_jump"":0.3,""sub_resistance_up"":0.3,""comeback"":true,""stealth_jump"":true}",gold,#1 Turf Inker,silver,#1 Ink Consumer,silver,#1 Checkpoint Breaker,
Sizzle Season 2025,2025-06-30T06:00:00+00:00,10.0.1,xmatch,asari,amabi,132,bravo,TRUE,,2286.1,1850,,0,1ec0adff,,2255,,100,d74b31ff,,sharp,8,7,1,3,2,653,"{""special_charge_up"":1,""swim_speed_up"":1,""ink_recovery_up"":0.6,""quick_super_jump"":0.6,""sub_power_up"":0.6,""ink_resistance_up"":0.3,""special_saver"":0.3,""sub_resistance_up"":0.3,""stealth_jump"":true}",pablo_hue,3,1,2,3,1,289,"{""quick_respawn"":1.9,""swim_speed_up"":1.2,""quick_super_jump"":1,""special_charge_up"":0.6,""stealth_jump"":true}",rapid_elite_wntr,4,2,2,5,1,469,"{""swim_speed_up"":1,""ink_recovery_up"":0.6,""special_saver"":0.6,""ink_resistance_up"":0.3,""quick_super_jump"":0.3,""run_speed_up"":0.3,""special_charge_up"":0.3,""sub_resistance_up"":0.3,""comeback"":true,""stealth_jump"":true}",octoshooter_replica,2,1,1,5,1,439,"{""ink_saver_sub"":1.9,""swim_speed_up"":1.9,""ink_saver_main"":0.9,""drop_roller"":true}",jetsweeper_cobr,8,6,2,2,2,705,"{""sub_power_up"":1,""swim_speed_up"":1,""intensify_action"":0.9,""ink_saver_sub"":0.6,""quick_super_jump"":0.6,""ink_resistance_up"":0.3,""special_saver"":0.3,""stealth_jump"":true}",bold,4,4,0,2,3,626,"{""swim_speed_up"":2.3,""special_power_up"":1.9,""special_saver"":0.9,""quick_respawn"":0.3,""special_charge_up"":0.3}",sshooter,6,5,1,4,3,602,"{""swim_speed_up"":1.9,""intensify_action"":0.6,""ink_resistance_up"":0.3,""quick_super_jump"":0.3,""special_saver"":0.3,""sub_resistance_up"":0.3,""comeback"":true,""stealth_jump"":true}",hotblaster_custom,1,1,0,3,1,322,"{""swim_speed_up"":1.3,""quick_super_jump"":0.9,""ink_resistance_up"":0.6,""ink_saver_sub"":0.6,""ink_saver_main"":0.3,""comeback"":true,""stealth_jump"":true}",gold,#1 Overall Splatter,gold,#1 Popular Target,gold,#1 Turf Inker,
Sizzle Season 2025,2025-06-30T06:00:00+00:00,10.0.1,bankara_open,yagura,zatou,128,bravo,TRUE,S+ 18,,1995,,0,bfcd41ff,,2223,,100,6325cdff,,lact450_milk,3,0,3,6,2,691,"{""special_charge_up"":1,""sub_power_up"":0.9,""ink_saver_sub"":0.6,""ink_resistance_up"":0.3,""quick_super_jump"":0.3,""special_saver"":0.3,""swim_speed_up"":0.3,""comeback"":true,""stealth_jump"":true}",prime_frzn,5,4,1,3,2,583,"{""swim_speed_up"":1.6,""intensify_action"":0.9,""ink_recovery_up"":0.3,""ink_resistance_up"":0.3,""ink_saver_main"":0.3,""quick_super_jump"":0.3,""comeback"":true,""stealth_jump"":true}",rapid_elite_wntr,2,2,0,6,0,440,"{""intensify_action"":1,""ink_saver_main"":0.6,""quick_super_jump"":0.6,""swim_speed_up"":0.6,""ink_resistance_up"":0.3,""special_saver"":0.3,""sub_resistance_up"":0.3,""comeback"":true,""stealth_jump"":true}",sblast91,3,2,1,7,0,281,"{""ink_saver_sub"":1.6,""swim_speed_up"":1,""ink_resistance_up"":0.6,""quick_respawn"":0.6,""intensify_action"":0.3,""quick_super_jump"":0.3,""sub_resistance_up"":0.3,""stealth_jump"":true}",sharp_neo,12,11,1,1,3,748,"{""swim_speed_up"":1.6,""intensify_action"":0.9,""quick_super_jump"":0.6,""special_charge_up"":0.6,""comeback"":true,""stealth_jump"":true}",liter4k_scope,6,3,3,2,2,415,"{""swim_speed_up"":1.9,""ink_saver_main"":1.3,""ink_recovery_up"":0.6,""quick_super_jump"":0.6,""run_speed_up"":0.3,""haunt"":true}",bamboo14mk1,5,1,4,3,2,344,"{""run_speed_up"":1.9,""swim_speed_up"":1.9,""quick_super_jump"":0.6,""special_saver"":0.3,""stealth_jump"":true}",nzap89,7,7,0,2,3,716,"{""ink_recovery_up"":1.9,""ink_saver_main"":1.9,""special_charge_up"":1.9}",gold,#1 Score Booster,gold,Record-Score Setter,gold,#1 Turf Inker,
Sizzle Season 2025,2025-06-30T06:00:00+00:00,10.0.1,bankara_challenge,hoko,baigai,300,alpha,FALSE,,,4553,,94,1a1aafff,,4495,,13,e38d24ff,,furuido,13,9,4,4,2,1776,"{""quick_respawn"":2.2,""swim_speed_up"":1.6,""ink_saver_main"":0.3,""quick_super_jump"":0.3,""run_speed_up"":0.3,""stealth_jump"":true}",splatroller_collabo,11,10,1,9,3,842,"{""sub_power_up"":0.6,""ink_recovery_up"":0.3,""ink_resistance_up"":0.3,""quick_respawn"":0.3,""quick_super_jump"":0.3,""special_saver"":0.3,""sub_resistance_up"":0.3,""swim_speed_up"":0.3,""drop_roller"":true,""ninja_squid"":true,""tenacity"":true}",nova_neo,12,9,3,7,3,1128,"{""swim_speed_up"":3.8,""run_speed_up"":0.3,""special_saver"":0.3,""sub_power_up"":0.3,""ninja_squid"":true}",splatscope_frst,4,4,0,3,4,807,"{""special_charge_up"":1.3,""swim_speed_up"":1.3,""special_power_up"":0.6,""sub_resistance_up"":0.6,""ink_recovery_up"":0.3,""quick_respawn"":0.3,""run_speed_up"":0.3,""respawn_punisher"":true}",52gal,13,11,2,9,2,1224,"{""ink_recovery_up"":1.3,""ink_resistance_up"":1.3,""intensify_action"":1.3,""special_power_up"":0.3,""special_saver"":0.3}",maneuver_collabo,6,5,1,10,2,966,"{""ink_saver_main"":1.9,""special_saver"":1,""sub_power_up"":1,""swim_speed_up"":0.9,""ink_recovery_up"":0.3,""intensify_action"":0.3,""special_power_up"":0.3}",dynamo_mei,6,1,5,7,5,1208,"{""ink_saver_main"":1.6,""ink_recovery_up"":1,""ink_resistance_up"":1,""special_power_up"":0.9,""sub_resistance_up"":0.6,""special_charge_up"":0.3,""swim_speed_up"":0.3}",tristringer,7,6,1,6,5,1097,"{""run_speed_up"":2.3,""special_charge_up"":1.3,""ink_resistance_up"":0.6,""special_saver"":0.6,""swim_speed_up"":0.6,""quick_super_jump"":0.3}",gold,#1 Overall Splatter,gold,#1 Score Booster,gold,Record-Score Setter,
Sizzle Season 2025,2025-06-30T06:00:00+00:00,10.0.1,bankara_open,yagura,zatou,300,alpha,FALSE,S+ 18,,4376,,55,2cb721ff,,4584,,42,c12d74ff,,screwslosher_neo,10,6,4,8,4,1236,"{""ink_saver_main"":1.9,""swim_speed_up"":1,""run_speed_up"":0.9,""ink_resistance_up"":0.3,""quick_super_jump"":0.3,""special_saver"":0.3,""stealth_jump"":true}",splatcharger_collabo,12,10,2,5,4,1089,"{""swim_speed_up"":1.6,""ink_saver_main"":0.6,""run_speed_up"":0.6,""ink_resistance_up"":0.3,""quick_super_jump"":0.3,""special_charge_up"":0.3,""last_ditch_effort"":true,""stealth_jump"":true}",prime_frzn,12,10,2,8,4,1365,"{""swim_speed_up"":1.6,""intensify_action"":0.9,""ink_recovery_up"":0.3,""ink_resistance_up"":0.3,""ink_saver_main"":0.3,""quick_super_jump"":0.3,""comeback"":true,""stealth_jump"":true}",sblast91,7,5,2,11,1,686,"{""ink_saver_sub"":1.6,""swim_speed_up"":1,""ink_resistance_up"":0.6,""quick_respawn"":0.6,""intensify_action"":0.3,""quick_super_jump"":0.3,""sub_resistance_up"":0.3,""stealth_jump"":true}",drivewiper,15,10,5,9,6,1203,"{""swim_speed_up"":1.3,""intensify_action"":0.9,""quick_super_jump"":0.6,""special_saver"":0.6,""ink_resistance_up"":0.3,""comeback"":true,""stealth_jump"":true}",sshooter_collabo,8,6,2,6,6,1130,"{""ink_recovery_up"":0.3,""special_charge_up"":0.3,""object_shredder"":true,""respawn_punisher"":true,""tenacity"":true}",tristringer_tou,10,6,4,6,2,1050,"{""run_speed_up"":1.6,""swim_speed_up"":1.3,""quick_super_jump"":0.9,""ink_resistance_up"":0.6,""special_charge_up"":0.3,""stealth_jump"":true}",quadhopper_black,12,10,2,10,4,1201,"{""swim_speed_up"":1.6,""ink_recovery_up"":1,""ink_saver_main"":0.6,""ink_saver_sub"":0.6,""special_charge_up"":0.6,""quick_super_jump"":0.3,""drop_roller"":true}",gold,Record-Score Setter,gold,#1 Splat Assister,silver,First Splat!,
Sizzle Season 2025,2025-06-30T06:00:00+00:00,10.0.1,xmatch,asari,amabi,320,alpha,FALSE,,2286.1,5362,,63,d0bf08ff,,5140,,50,3a0ccdff,,sharp,15,12,3,7,4,1412,"{""special_charge_up"":1,""swim_speed_up"":1,""ink_recovery_up"":0.6,""quick_super_jump"":0.6,""sub_power_up"":0.6,""ink_resistance_up"":0.3,""special_saver"":0.3,""sub_resistance_up"":0.3,""stealth_jump"":true}",rpen_5h,13,4,9,3,7,1708,"{""special_charge_up"":1.3,""special_power_up"":1.2,""ink_saver_main"":1,""quick_super_jump"":0.6,""ink_recovery_up"":0.3,""sub_resistance_up"":0.3,""last_ditch_effort"":true}",wideroller_collabo,13,7,6,10,4,1237,"{""ink_recovery_up"":2.2,""ink_resistance_up"":0.6,""ink_saver_main"":0.6,""quick_super_jump"":0.3,""comeback"":true,""stealth_jump"":true}",bucketslosher,12,9,3,15,2,1005,"{""quick_respawn"":2.2,""swim_speed_up"":0.6,""ink_resistance_up"":0.3,""quick_super_jump"":0.3,""sub_resistance_up"":0.3,""comeback"":true,""stealth_jump"":true}",carbon_deco,16,15,1,8,5,936,"{""swim_speed_up"":1.5,""special_power_up"":0.6,""quick_super_jump"":0.3,""special_saver"":0.3,""comeback"":true,""ninja_squid"":true,""stealth_jump"":true}",sharp,14,9,5,8,6,1454,"{""special_charge_up"":1.6,""ink_recovery_up"":0.6,""sub_power_up"":0.6,""ink_resistance_up"":0.3,""comeback"":true,""stealth_jump"":true}",lact450_milk,11,6,5,7,5,1562,"{""ink_recovery_up"":1,""swim_speed_up"":1,""ink_saver_sub"":0.6,""special_charge_up"":0.6,""special_power_up"":0.6,""ink_resistance_up"":0.3,""quick_super_jump"":0.3,""special_saver"":0.3,""stealth_jump"":true}",rpen_5h,9,5,4,9,4,1188,"{""special_charge_up"":1.3,""special_power_up"":1,""ink_recovery_up"":0.6,""ink_saver_main"":0.6,""quick_super_jump"":0.6,""ink_resistance_up"":0.3,""sub_resistance_up"":0.3,""last_ditch_effort"":true}",gold,#1 Overall Splatter,gold,#1 Enemy Splatter,gold,#1 Super Jump Spot,
Sizzle Season 2025,2025-06-30T06:00:00+00:00,10.0.1,xmatch,asari,kinmedai,315,alpha,FALSE,,1920.2,5607,,50,6325cdff,,5677,,47,bfcd41ff,,sputtery_owl,7,6,1,5,6,1471,"{""quick_respawn"":1.6,""swim_speed_up"":0.9,""ink_resistance_up"":0.3,""ink_saver_sub"":0.3,""intensify_action"":0.3,""quick_super_jump"":0.3,""comeback"":true,""stealth_jump"":true}",kugelschreiber,10,8,2,5,6,1543,"{""special_power_up"":1.6,""run_speed_up"":1.3,""ink_resistance_up"":0.6,""special_charge_up"":0.6,""swim_speed_up"":0.6,""drop_roller"":true}",prime_frzn,10,7,3,7,6,1482,"{""swim_speed_up"":1.6,""intensify_action"":0.9,""ink_saver_main"":0.3,""ink_saver_sub"":0.3,""quick_super_jump"":0.3,""sub_power_up"":0.3,""comeback"":true,""stealth_jump"":true}",jimuwiper,5,4,1,6,3,1111,"{""swim_speed_up"":1,""ink_saver_main"":0.6,""special_power_up"":0.6,""sub_power_up"":0.6,""ink_resistance_up"":0.3,""quick_super_jump"":0.3,""sub_resistance_up"":0.3,""comeback"":true,""stealth_jump"":true}",tristringer,10,7,3,5,7,1657,"{""swim_speed_up"":1.2,""special_charge_up"":1,""special_saver"":0.9,""quick_respawn"":0.3,""quick_super_jump"":0.3,""last_ditch_effort"":true,""thermal_ink"":true}",nautilus47,10,6,4,7,4,1062,"{""run_speed_up"":2.6,""swim_speed_up"":0.9,""ink_resistance_up"":0.6,""quick_super_jump"":0.3,""special_charge_up"":0.3,""stealth_jump"":true}",moprin_d,8,6,2,7,5,1438,"{""special_charge_up"":1,""swim_speed_up"":1,""ink_saver_sub"":0.9,""ink_saver_main"":0.6,""quick_respawn"":0.3,""run_speed_up"":0.3,""special_saver"":0.3,""sub_resistance_up"":0.3,""last_ditch_effort"":true}",wakaba,5,4,1,6,5,1520,"{""ink_saver_main"":3.2,""ink_recovery_up"":1.9,""run_speed_up"":0.6}",silver,#1 Ink Consumer,silver,#2 Score Booster,silver,#1 Killer Wail 5.1 User,
Sizzle Season 2025,2025-06-30T06:00:00+00:00,10.0.1,bankara_challenge,hoko,baigai,167,alpha,TRUE,,,3034,,100,ba30b0ff,,3037,,0,a0c937ff,,lact450_milk,1,1,0,4,2,706,"{""ink_saver_sub"":1,""special_charge_up"":1,""swim_speed_up"":0.9,""ink_saver_main"":0.6,""ink_resistance_up"":0.3,""quick_super_jump"":0.3,""run_speed_up"":0.3,""special_power_up"":0.3,""stealth_jump"":true}",splatroller,11,10,1,4,2,645,"{""special_charge_up"":3.4,""ink_resistance_up"":0.3,""ninja_squid"":true,""object_shredder"":true}",sshooter_collabo,5,4,1,5,2,766,"{""quick_respawn"":2.2,""swim_speed_up"":0.6,""ink_resistance_up"":0.3,""quick_super_jump"":0.3,""special_saver"":0.3,""comeback"":true,""stealth_jump"":true}",bold,4,4,0,4,4,917,"{""swim_speed_up"":3.2,""special_charge_up"":0.9,""quick_super_jump"":0.3,""special_saver"":0.3,""comeback"":true}",bold,8,6,2,3,5,1053,"{""ink_saver_sub"":2.2,""swim_speed_up"":1.9,""ink_saver_main"":1.6}",order_shooter_replica,7,6,1,5,2,820,"{""swim_speed_up"":1.6,""intensify_action"":0.6,""ink_recovery_up"":0.3,""ink_resistance_up"":0.3,""quick_super_jump"":0.3,""special_charge_up"":0.3,""special_saver"":0.3,""comeback"":true,""stealth_jump"":true}",jimuwiper,4,2,2,5,2,568,"{""swim_speed_up"":1.3,""ink_saver_main"":0.6,""ink_saver_sub"":0.6,""ink_resistance_up"":0.3,""quick_super_jump"":0.3,""special_power_up"":0.3,""sub_resistance_up"":0.3,""comeback"":true,""stealth_jump"":true}",furo,4,3,1,6,2,596,"{""ink_saver_main"":3.5,""sub_power_up"":0.6,""quick_super_jump"":0.3,""special_charge_up"":0.3,""thermal_ink"":true}",gold,#1 Score Booster,silver,#1 Checkpoint Breaker,silver,#1 Rainmaker Carrier,
Sizzle Season 2025,2025-06-30T06:00:00+00:00,10.0.1,xmatch,asari,amabi,320,alpha,FALSE,,2286.1,4982,,52,d74b31ff,,4855,,36,1ec0adff,,sharp,13,8,5,5,6,1619,"{""special_charge_up"":1,""swim_speed_up"":1,""ink_recovery_up"":0.6,""quick_super_jump"":0.6,""sub_power_up"":0.6,""ink_resistance_up"":0.3,""special_saver"":0.3,""sub_resistance_up"":0.3,""stealth_jump"":true}",sshooter_kou,16,13,3,9,3,1029,"{""quick_respawn"":3.8,""quick_super_jump"":0.9,""stealth_jump"":true}",lact450_milk,12,9,3,6,4,1524,"{""ink_recovery_up"":1,""swim_speed_up"":1,""ink_saver_sub"":0.9,""quick_super_jump"":0.6,""special_charge_up"":0.6,""ink_resistance_up"":0.3,""special_saver"":0.3,""stealth_jump"":true}",sblast91,13,11,2,10,1,810,"{""swim_speed_up"":1,""ink_saver_sub"":0.9,""ink_resistance_up"":0.6,""sub_power_up"":0.6,""quick_super_jump"":0.3,""sub_resistance_up"":0.3,""opening_gambit"":true,""stealth_jump"":true}",dentalwiper_mint,16,11,5,12,2,1131,"{""quick_respawn"":1.3,""quick_super_jump"":0.6,""special_charge_up"":0.6,""sub_resistance_up"":0.6,""swim_speed_up"":0.6,""comeback"":true,""stealth_jump"":true}",moprin_kaku,9,6,3,9,5,1750,"{""special_charge_up"":1.6,""swim_speed_up"":1,""ink_resistance_up"":0.6,""ink_saver_main"":0.6,""quick_super_jump"":0.3,""special_saver"":0.3,""sub_resistance_up"":0.3,""stealth_jump"":true}",splatroller,11,10,1,9,2,860,"{""quick_super_jump"":1.2,""swim_speed_up"":1.2,""ink_resistance_up"":0.3,""comeback"":true,""ninja_squid"":true,""stealth_jump"":true}",bold,5,3,2,11,6,1114,"{""swim_speed_up"":2.3,""special_power_up"":1.9,""special_saver"":0.9,""quick_respawn"":0.3,""special_charge_up"":0.3}",gold,#1 Splat Assister,gold,#1 Turf Inker,gold,#1 Score Booster,
Sizzle Season 2025,2025-06-30T06:00:00+00:00,10.0.1,bankara_open,yagura,zatou,97,alpha,TRUE,S+ 18,,1757,,100,a0c937ff,,1460,,0,ba30b0ff,,screwslosher_neo,12,7,5,0,3,527,"{""ink_saver_main"":1.9,""swim_speed_up"":1,""run_speed_up"":0.9,""ink_resistance_up"":0.3,""quick_super_jump"":0.3,""special_saver"":0.3,""stealth_jump"":true}",wakaba,2,1,1,1,3,509,"{""special_charge_up"":2.3,""ink_saver_sub"":1.3,""sub_power_up"":0.9,""swim_speed_up"":0.6,""ink_recovery_up"":0.3,""ink_resistance_up"":0.3}",prime_frzn,8,7,1,1,2,415,"{""swim_speed_up"":1.6,""intensify_action"":0.9,""ink_recovery_up"":0.3,""ink_resistance_up"":0.3,""ink_saver_main"":0.3,""quick_super_jump"":0.3,""comeback"":true,""stealth_jump"":true}",maneuver_you,2,2,0,2,1,306,"{""quick_respawn"":1.5,""swim_speed_up"":1,""intensify_action"":0.6,""ink_resistance_up"":0.3,""ink_saver_sub"":0.3,""comeback"":true,""stealth_jump"":true}",nautilus79,2,1,1,5,0,260,"{""run_speed_up"":1.9,""swim_speed_up"":1.9,""ink_resistance_up"":0.3,""quick_super_jump"":0.3,""special_saver"":0.3,""stealth_jump"":true}",lact450_deco,2,2,0,4,1,420,"{""ink_recovery_up"":1.9,""special_charge_up"":1.9,""quick_respawn"":1,""ink_saver_sub"":0.3}",wakaba,1,0,1,4,1,478,"{""ink_saver_sub"":5.7}",nova_neo,1,1,0,4,0,302,"{""ink_saver_sub"":1.5,""special_charge_up"":1,""swim_speed_up"":0.6,""ink_recovery_up"":0.3,""ink_saver_main"":0.3,""ninja_squid"":true,""stealth_jump"":true}",gold,Record-Score Setter,gold,#1 Overall Splatter,gold,#1 Turf Inker,
Sizzle Season 2025,2025-06-30T06:00:00+00:00,10.0.1,bankara_challenge,hoko,yunohana,300,bravo,FALSE,S,,4592,,36,343bc4ff,,4194,,75,df6624ff,,promodeler_mg,6,3,3,9,5,1306,"{""swim_speed_up"":3.7,""intensify_action"":1,""ninja_squid"":true}",52gal,11,10,1,7,4,1226,"{""swim_speed_up"":1.9,""quick_respawn"":1.6,""sub_power_up"":1,""ink_recovery_up"":0.6,""special_power_up"":0.6}",bold,8,7,1,9,4,1281,"{""special_charge_up"":1.9,""quick_super_jump"":0.9,""swim_speed_up"":0.6,""sub_resistance_up"":0.3,""drop_roller"":true,""ninja_squid"":true}",liter4k,4,4,0,6,3,779,"{""quick_respawn"":1.3,""special_saver"":1.3,""special_charge_up"":1,""quick_super_jump"":0.3,""run_speed_up"":0.3,""sub_resistance_up"":0.3,""swim_speed_up"":0.3}",splatspinner_pytn,13,9,4,5,4,1165,"{""swim_speed_up"":2.5,""run_speed_up"":1.6,""intensify_action"":0.3,""special_saver"":0.3,""stealth_jump"":true}",heroshooter_replica,9,5,4,8,4,1350,"{""ink_resistance_up"":1,""ink_saver_main"":1,""quick_respawn"":1,""ink_saver_sub"":0.6,""intensify_action"":0.6,""run_speed_up"":0.6,""ink_recovery_up"":0.3,""special_saver"":0.3,""swim_speed_up"":0.3}",variableroller,10,9,1,9,2,770,"{""ink_saver_main"":1.9,""quick_respawn"":1.9,""special_saver"":0.9,""ninja_squid"":true}",liter4k,8,7,1,2,4,909,"{""ink_saver_main"":3,""ink_recovery_up"":0.6,""sub_power_up"":0.6,""ink_resistance_up"":0.3,""intensify_action"":0.3,""sub_resistance_up"":0.3,""swim_speed_up"":0.3}",gold,#1 Splat Assister,silver,#1 Ground Traveler,gold,#1 Turf Inker,
Sizzle Season 2025,2025-06-30T06:00:00+00:00,10.0.1,xmatch,asari,amabi,320,alpha,FALSE,,1970.2,4893,,43,d0bf08ff,,5075,,26,3a0ccdff,,sputtery_owl,8,7,1,10,4,1218,"{""quick_respawn"":1.6,""swim_speed_up"":0.9,""ink_resistance_up"":0.3,""ink_saver_sub"":0.3,""intensify_action"":0.3,""quick_super_jump"":0.3,""comeback"":true,""stealth_jump"":true}",dynamo,14,11,3,6,4,1447,"{""ink_saver_main"":1,""quick_super_jump"":0.6,""swim_speed_up"":0.6,""ink_recovery_up"":0.3,""ink_resistance_up"":0.3,""ink_saver_sub"":0.3,""special_saver"":0.3,""sub_resistance_up"":0.3,""comeback"":true,""stealth_jump"":true}",explosher,17,1,16,4,2,647,"{""sub_power_up"":4.8,""ink_recovery_up"":0.9}",variableroller,12,10,2,5,6,1581,"{""special_charge_up"":2.2,""swim_speed_up"":0.9,""quick_super_jump"":0.3,""special_saver"":0.3,""ninja_squid"":true,""stealth_jump"":true}",wideroller_waku,12,10,2,9,4,1430,"{""special_power_up"":5.7}",tristringer_tou,7,2,5,3,4,1185,"{""special_power_up"":1,""ink_saver_main"":0.6,""quick_super_jump"":0.6,""ink_recovery_up"":0.3,""ink_resistance_up"":0.3,""ink_saver_sub"":0.3,""run_speed_up"":0.3,""special_saver"":0.3,""last_ditch_effort"":true,""stealth_jump"":true}",jimuwiper_hue,8,6,2,10,3,1084,"{""quick_respawn"":4.7,""stealth_jump"":true}",prime_frzn,8,7,1,7,6,1376,"{""ink_saver_main"":1,""intensify_action"":0.9,""ink_recovery_up"":0.6,""swim_speed_up"":0.6,""quick_super_jump"":0.3,""special_saver"":0.3,""comeback"":true,""stealth_jump"":true}",gold,#1 Popular Target,gold,#1 Score Booster,silver,#1 Killer Wail 5.1 User,
Sizzle Season 2025,2025-06-30T06:00:00+00:00,10.0.1,bankara_open,yagura,zatou,304,bravo,FALSE,S+ 18,,4767,,10,df6624ff,,5104,,61,343bc4ff,,screwslosher_neo,17,11,6,10,4,1215,"{""ink_saver_main"":1.9,""swim_speed_up"":1,""run_speed_up"":0.9,""ink_resistance_up"":0.3,""quick_super_jump"":0.3,""special_saver"":0.3,""stealth_jump"":true}",prime_frzn,5,4,1,9,5,1450,"{""swim_speed_up"":1.6,""intensify_action"":0.9,""ink_recovery_up"":0.3,""ink_resistance_up"":0.3,""ink_saver_main"":0.3,""quick_super_jump"":0.3,""comeback"":true,""stealth_jump"":true}",squiclean_a,9,9,0,5,4,1045,"{""quick_respawn"":1,""swim_speed_up"":1,""quick_super_jump"":0.9,""ink_resistance_up"":0.6,""sub_power_up"":0.6,""ink_recovery_up"":0.3,""special_saver"":0.3,""stealth_jump"":true}",maneuver_you,6,5,1,12,2,1057,"{""quick_respawn"":1.5,""swim_speed_up"":1,""intensify_action"":0.6,""ink_resistance_up"":0.3,""ink_saver_sub"":0.3,""comeback"":true,""stealth_jump"":true}",rapid_elite_wntr,16,11,5,3,7,1308,"{""ink_saver_sub"":1,""intensify_action"":1,""ink_saver_main"":0.6,""quick_super_jump"":0.6,""special_charge_up"":0.6,""swim_speed_up"":0.6,""ink_resistance_up"":0.3,""stealth_jump"":true}",sshooter,11,7,4,7,7,1499,"{""ink_recovery_up"":1.9,""ink_saver_main"":1.9,""ink_saver_sub"":1.9}",sputtery_hue,13,8,5,12,3,870,"{""swim_speed_up"":1.3,""intensify_action"":0.6,""sub_power_up"":0.6,""ink_recovery_up"":0.3,""ink_resistance_up"":0.3,""special_power_up"":0.3,""sub_resistance_up"":0.3,""comeback"":true,""stealth_jump"":true}",moprin_kaku,13,9,4,7,5,1427,"{""special_charge_up"":2.6,""swim_speed_up"":0.9,""ink_saver_main"":0.6,""quick_super_jump"":0.3,""sub_resistance_up"":0.3,""stealth_jump"":true}",gold,#1 Score Booster,gold,Record-Score Setter,gold,#1 Overall Splatter,
Sizzle Season 2025,2025-06-30T06:00:00+00:00,10.0.1,bankara_challenge,hoko,yunohana,323,bravo,FALSE,,,4817,,18,e38d24ff,,4947,,54,1a1aafff,,lact450_milk,7,4,3,6,5,1713,"{""ink_saver_sub"":1,""special_charge_up"":1,""swim_speed_up"":0.9,""ink_saver_main"":0.6,""ink_resistance_up"":0.3,""quick_super_jump"":0.3,""run_speed_up"":0.3,""special_power_up"":0.3,""stealth_jump"":true}",dynamo_mei,11,7,4,3,7,1073,"{""swim_speed_up"":1.6,""special_charge_up"":1.3,""quick_respawn"":0.6,""quick_super_jump"":0.6,""ink_resistance_up"":0.3,""ink_saver_sub"":0.3,""stealth_jump"":true}",sshooter_kou,11,10,1,11,2,1094,"{""swim_speed_up"":3.5,""run_speed_up"":0.6,""ink_resistance_up"":0.3,""special_power_up"":0.3,""thermal_ink"":true}",hissen_hue,9,6,3,11,2,937,"{""swim_speed_up"":0.9,""quick_super_jump"":0.6,""ink_recovery_up"":0.3,""ink_resistance_up"":0.3,""special_charge_up"":0.3,""comeback"":true,""ninja_squid"":true,""stealth_jump"":true}",rapid_elite_deco,14,8,6,1,6,1254,"{""ink_recovery_up"":1.9,""swim_speed_up"":1.9,""ink_saver_sub"":0.9,""ninja_squid"":true}",order_spinner_replica,12,8,4,7,5,1216,"{""swim_speed_up"":2.9,""ink_saver_main"":0.6,""special_saver"":0.6,""special_charge_up"":0.3,""sub_power_up"":0.3,""haunt"":true}",wakaba,8,8,0,10,4,1442,"{""ink_saver_main"":1.9,""swim_speed_up"":1.9,""sub_power_up"":1,""ink_saver_sub"":0.6,""ink_recovery_up"":0.3}",sshooter,9,7,2,9,3,1035,"{""ink_saver_main"":2.5,""swim_speed_up"":1.9,""quick_respawn"":0.3,""drop_roller"":true}",silver,#1 Ink Consumer,gold,#1 Turf Inker,silver,#1 Booyah Bomb User,
Sizzle Season 2025,2025-06-30T06:00:00+00:00,10.0.1,xmatch,asari,amabi,320,bravo,FALSE,,2286.1,5014,,42,c43a6eff,,5105,,45,1bbfabff,,sharp,15,7,8,6,4,1385,"{""special_charge_up"":1,""swim_speed_up"":1,""ink_recovery_up"":0.6,""quick_super_jump"":0.6,""sub_power_up"":0.6,""ink_resistance_up"":0.3,""special_saver"":0.3,""sub_resistance_up"":0.3,""stealth_jump"":true}",hokusai,15,14,1,8,4,1605,"{""swim_speed_up"":1,""ink_recovery_up"":0.6,""ink_resistance_up"":0.3,""ink_saver_main"":0.3,""quick_super_jump"":0.3,""run_speed_up"":0.3,""special_power_up"":0.3,""sub_power_up"":0.3,""sub_resistance_up"":0.3,""drop_roller"":true,""ninja_squid"":true}",tristringer_tou,11,7,4,7,6,1295,"{""special_power_up"":1.3,""run_speed_up"":0.6,""swim_speed_up"":0.6,""ink_resistance_up"":0.3,""quick_super_jump"":0.3,""special_saver"":0.3,""sub_resistance_up"":0.3,""drop_roller"":true,""thermal_ink"":true}",order_charger_replica,9,8,1,10,1,729,"{""swim_speed_up"":1.3,""ink_saver_main"":1,""special_charge_up"":1,""ink_recovery_up"":0.6,""ink_saver_sub"":0.6,""ink_resistance_up"":0.3,""quick_super_jump"":0.3,""special_saver"":0.3,""sub_resistance_up"":0.3}",pablo_hue,18,11,7,11,5,915,"{""special_charge_up"":1.6,""intensify_action"":0.9,""ink_resistance_up"":0.3,""run_speed_up"":0.3,""special_power_up"":0.3,""sub_resistance_up"":0.3,""last_ditch_effort"":true,""stealth_jump"":true}",rpen_5h,11,5,6,7,5,1455,"{""special_charge_up"":1.3,""special_power_up"":1.2,""ink_saver_main"":1,""quick_super_jump"":0.6,""ink_recovery_up"":0.3,""sub_resistance_up"":0.3,""last_ditch_effort"":true}",l3reelgun_haku,11,9,2,10,8,1439,"{""run_speed_up"":1.9,""special_charge_up"":1.2,""ink_resistance_up"":0.3,""special_saver"":0.3,""comeback"":true,""drop_roller"":true}",jetsweeper_cobr,12,6,6,8,3,1296,"{""special_power_up"":1.9,""swim_speed_up"":1.9,""sub_power_up"":1,""ink_saver_sub"":0.9}",gold,#1 Overall Splatter,gold,#1 Splat Assister,silver,#1 Damage Taker,
Sizzle Season 2025,2025-06-30T06:00:00+00:00,10.0.1,bankara_challenge,hoko,baigai,304,alpha,FALSE,S,,3699,,98,a0c937ff,,3656,,24,ba30b0ff,,promodeler_mg,10,6,4,9,4,1456,"{""swim_speed_up"":3.7,""intensify_action"":1,""ninja_squid"":true}",splatroller_collabo,9,8,1,5,4,705,"{""quick_respawn"":1.3,""special_saver"":0.6,""ink_saver_main"":0.3,""ink_saver_sub"":0.3,""run_speed_up"":0.3,""sub_power_up"":0.3,""ninja_squid"":true,""stealth_jump"":true}",hydra_atsu,9,8,1,9,1,757,"{""sub_power_up"":1.3,""ink_resistance_up"":1,""intensify_action"":0.6,""special_saver"":0.6,""ink_recovery_up"":0.3,""run_speed_up"":0.3,""special_power_up"":0.3,""stealth_jump"":true}",liter4k,7,7,0,7,3,781,"{""quick_respawn"":1.3,""special_saver"":1.3,""special_charge_up"":1,""quick_super_jump"":0.3,""run_speed_up"":0.3,""sub_resistance_up"":0.3,""swim_speed_up"":0.3}",carbon_deco,16,14,2,4,4,822,"{""quick_respawn"":1.3,""ink_saver_main"":1,""special_charge_up"":0.6,""swim_speed_up"":0.6,""ink_recovery_up"":0.3,""intensify_action"":0.3,""quick_super_jump"":0.3,""sub_power_up"":0.3,""drop_roller"":true}",liter4k,8,6,2,7,2,971,"{""swim_speed_up"":1.9,""ink_saver_sub"":1.6,""quick_super_jump"":1,""run_speed_up"":0.6,""intensify_action"":0.3,""sub_resistance_up"":0.3}",sblast91,9,6,3,6,4,935,"{""ink_recovery_up"":1,""quick_super_jump"":1,""ink_resistance_up"":0.9,""ink_saver_main"":0.9,""sub_resistance_up"":0.6,""swim_speed_up"":0.3,""drop_roller"":true}",nova_neo,6,4,2,12,2,928,"{""quick_respawn"":1.6,""swim_speed_up"":1.3,""intensify_action"":0.6,""ink_saver_main"":0.3,""quick_super_jump"":0.3,""special_power_up"":0.3,""special_saver"":0.3,""stealth_jump"":true}",gold,#1 Overall Splatter,gold,#1 Turf Inker,gold,Record-Score Setter,
Sizzle Season 2025,2025-06-30T06:00:00+00:00,10.0.1,bankara_open,yagura,zatou,311,bravo,FALSE,S+ 18,,4466,,51,cd510aff,,4445,,71,6e04b6ff,,screwslosher_neo,19,10,9,12,5,1212,"{""ink_saver_main"":1.9,""swim_speed_up"":1,""run_speed_up"":0.9,""ink_resistance_up"":0.3,""quick_super_jump"":0.3,""special_saver"":0.3,""stealth_jump"":true}",prime_frzn,15,12,3,10,5,1231,"{""swim_speed_up"":1.6,""intensify_action"":0.9,""ink_recovery_up"":0.3,""ink_resistance_up"":0.3,""ink_saver_main"":0.3,""quick_super_jump"":0.3,""comeback"":true,""stealth_jump"":true}",l3reelgun_haku,5,3,2,12,4,1230,"{""special_power_up"":1.9,""ink_saver_sub"":1.5,""ink_recovery_up"":1,""sub_resistance_up"":0.3,""drop_roller"":true}",sputtery,9,5,4,14,2,793,"{""quick_respawn"":1.5,""swim_speed_up"":1,""intensify_action"":0.6,""ink_resistance_up"":0.3,""ink_saver_sub"":0.3,""comeback"":true,""stealth_jump"":true}",jimuwiper,8,4,4,9,3,1305,"{""swim_speed_up"":1.6,""ink_saver_main"":0.9,""sub_power_up"":0.6,""quick_super_jump"":0.3,""sub_resistance_up"":0.3,""comeback"":true,""stealth_jump"":true}",sblast91,24,21,3,8,3,1135,"{""swim_speed_up"":1.2,""quick_respawn"":1,""sub_power_up"":0.9,""ink_recovery_up"":0.3,""quick_super_jump"":0.3,""opening_gambit"":true,""stealth_jump"":true}",liter4k,10,8,2,3,6,1105,"{""swim_speed_up"":1.2,""ink_saver_main"":1,""quick_super_jump"":0.6,""ink_recovery_up"":0.3,""ink_resistance_up"":0.3,""sub_resistance_up"":0.3,""object_shredder"":true,""respawn_punisher"":true}",fincent_hue,15,15,0,10,3,900,"{""special_saver"":0.6,""swim_speed_up"":0.6,""ink_recovery_up"":0.3,""ink_saver_main"":0.3,""quick_respawn"":0.3,""quick_super_jump"":0.3,""special_charge_up"":0.3,""comeback"":true,""ninja_squid"":true,""stealth_jump"":true}",gold,#1 Popular Target,gold,#1 Overall Splatter,gold,#1 Splat Assister,
Sizzle Season 2025,2025-06-30T06:00:00+00:00,10.0.1,xmatch,asari,kinmedai,310,alpha,FALSE,,1970.2,4530,,64,c43a6eff,,4661,,62,1bbfabff,,sputtery_owl,7,5,2,9,3,1193,"{""quick_respawn"":1.6,""swim_speed_up"":0.9,""ink_resistance_up"":0.3,""ink_saver_sub"":0.3,""intensify_action"":0.3,""quick_super_jump"":0.3,""comeback"":true,""stealth_jump"":true}",hokusai_hue,15,11,4,6,2,832,"{""swim_speed_up"":1.6,""sub_power_up"":0.9,""quick_super_jump"":0.6,""ink_recovery_up"":0.3,""sub_resistance_up"":0.3,""ninja_squid"":true,""stealth_jump"":true}",maneuver_collabo,12,9,3,5,4,1418,"{""quick_respawn"":1.3,""intensify_action"":0.6,""quick_super_jump"":0.6,""ink_resistance_up"":0.3,""ink_saver_main"":0.3,""sub_resistance_up"":0.3,""swim_speed_up"":0.3,""comeback"":true,""stealth_jump"":true}",rapid_elite_wntr,11,5,6,6,4,1087,"{""special_charge_up"":2.6,""special_saver"":0.6,""ink_recovery_up"":0.3,""ink_resistance_up"":0.3,""quick_super_jump"":0.3,""sub_resistance_up"":0.3,""swim_speed_up"":0.3,""stealth_jump"":true}",tristringer,12,5,7,4,8,1425,"{""ink_saver_main"":1.6,""swim_speed_up"":1.6,""special_charge_up"":1.3,""special_power_up"":0.6,""ink_recovery_up"":0.3,""run_speed_up"":0.3}",carbon_deco,11,8,3,9,2,918,"{""swim_speed_up"":2.5,""run_speed_up"":0.9,""ink_resistance_up"":0.3,""ninja_squid"":true,""stealth_jump"":true}",sshooter_collabo,10,7,3,6,3,1485,"{""swim_speed_up"":3.3,""ink_saver_main"":0.9,""ink_saver_sub"":0.9,""quick_respawn"":0.3,""run_speed_up"":0.3}",sputtery_hue,6,6,0,11,2,833,"{""run_speed_up"":3.5,""swim_speed_up"":1.2,""ninja_squid"":true}",silver,#1 Ink Consumer,silver,#1 Clam Stopper,gold,#1 Clam Carrier,
Sizzle Season 2025,2025-06-30T06:00:00+00:00,10.0.1,bankara_challenge,hoko,baigai,316,bravo,FALSE,,,5442,,93,343bc4ff,,5307,,98,df6624ff,,lact450_milk,10,6,4,7,6,1575,"{""ink_saver_sub"":1,""special_charge_up"":1,""swim_speed_up"":0.9,""ink_saver_main"":0.6,""ink_resistance_up"":0.3,""quick_super_jump"":0.3,""run_speed_up"":0.3,""special_power_up"":0.3,""stealth_jump"":true}",bold,16,13,3,12,0,1104,"{""swim_speed_up"":2.6,""special_charge_up"":0.6,""special_saver"":0.3,""sub_power_up"":0.3,""respawn_punisher"":true}",prime_collabo,12,9,3,10,2,1382,"{""ink_recovery_up"":1.9,""swim_speed_up"":1.9,""ink_saver_main"":0.9,""ninja_squid"":true}",explosher_custom,8,6,2,9,3,1381,"{""ink_saver_main"":1.6,""swim_speed_up"":1.6,""special_charge_up"":1.3,""ink_recovery_up"":0.3,""ink_resistance_up"":0.3,""special_power_up"":0.3,""special_saver"":0.3}",nzap85,20,14,6,13,5,1297,"{""special_charge_up"":1.3,""quick_respawn"":0.9,""quick_super_jump"":0.6,""ink_recovery_up"":0.3,""ink_saver_main"":0.3,""intensify_action"":0.3,""comeback"":true,""stealth_jump"":true}",dynamo,11,5,6,7,4,1284,"{""ink_saver_main"":3,""special_power_up"":0.9,""ink_recovery_up"":0.3,""quick_respawn"":0.3,""special_charge_up"":0.3,""special_saver"":0.3,""sub_resistance_up"":0.3,""swim_speed_up"":0.3}",nautilus79,8,7,1,5,5,1430,"{""special_power_up"":3.9,""intensify_action"":0.3}",sshooter_collabo,15,12,3,9,3,1296,"{""sub_resistance_up"":1,""ink_saver_main"":0.9,""special_power_up"":0.9,""swim_speed_up"":0.9,""ninja_squid"":true,""stealth_jump"":true}",silver,#1 Ink Consumer,gold,#1 Turf Inker,gold,#1 Splat Assister,
Sizzle Season 2025,2025-06-30T06:00:00+00:00,10.0.1,xmatch,asari,kinmedai,329,bravo,FALSE,,2286.1,5347,,76,6e04b6ff,,5644,,90,cd510aff,,sharp,17,9,8,6,5,1521,"{""special_charge_up"":1,""swim_speed_up"":1,""ink_recovery_up"":0.6,""quick_super_jump"":0.6,""sub_power_up"":0.6,""ink_resistance_up"":0.3,""special_saver"":0.3,""sub_resistance_up"":0.3,""stealth_jump"":true}",pablo,21,12,9,7,7,1513,"{""swim_speed_up"":1.6,""ink_saver_main"":0.6,""quick_super_jump"":0.6,""ink_resistance_up"":0.3,""quick_respawn"":0.3,""special_charge_up"":0.3,""ninja_squid"":true,""stealth_jump"":true}",liter4k_custom,10,9,1,5,2,883,"{""sub_power_up"":1.9,""swim_speed_up"":1.3,""ink_saver_main"":0.9,""ink_recovery_up"":0.6,""respawn_punisher"":true}",rapid_elite_wntr,13,6,7,9,5,1430,"{""special_charge_up"":1,""swim_speed_up"":1,""special_power_up"":0.9,""ink_resistance_up"":0.6,""ink_recovery_up"":0.3,""ink_saver_main"":0.3,""ink_saver_sub"":0.3,""quick_super_jump"":0.3,""stealth_jump"":true}",rapid_elite_wntr,17,10,7,10,5,1424,"{""swim_speed_up"":1.9,""ink_resistance_up"":0.6,""ink_saver_main"":0.6,""intensify_action"":0.3,""quick_super_jump"":0.3,""comeback"":true,""stealth_jump"":true}",rpen_5h,11,6,5,6,7,1645,"{""special_charge_up"":1.3,""special_power_up"":1.2,""ink_saver_main"":1,""quick_super_jump"":0.6,""ink_recovery_up"":0.3,""sub_resistance_up"":0.3,""last_ditch_effort"":true}",l3reelgun_haku,11,8,3,9,5,1439,"{""run_speed_up"":1.3,""special_charge_up"":1.3,""special_power_up"":0.9,""ink_resistance_up"":0.6,""swim_speed_up"":0.6,""drop_roller"":true}",bold,9,3,6,11,5,1136,"{""swim_speed_up"":1.3,""special_charge_up"":0.6,""special_power_up"":0.6,""quick_respawn"":0.3,""quick_super_jump"":0.3,""run_speed_up"":0.3,""special_saver"":0.3,""comeback"":true,""stealth_jump"":true}",gold,#1 Popular Target,gold,#1 Turf Inker,silver,First Splat!,
Sizzle Season 2025,2025-06-30T06:00:00+00:00,10.0.1,bankara_challenge,hoko,yunohana,308,bravo,FALSE,S,,5010,,31,343bc4ff,,4820,,39,df6624ff,,promodeler_mg,7,6,1,9,4,1352,"{""swim_speed_up"":3.7,""intensify_action"":1,""ninja_squid"":true}",jetsweeper_cobr,15,12,3,6,4,1450,"{""intensify_action"":3.6,""ink_saver_main"":0.6,""sub_power_up"":0.6,""sub_resistance_up"":0.6,""ink_resistance_up"":0.3}",52gal,10,8,2,9,4,1525,"{""intensify_action"":2.5,""ink_saver_main"":1,""swim_speed_up"":0.6,""ink_resistance_up"":0.3,""quick_respawn"":0.3,""stealth_jump"":true}",carbon_deco,7,6,1,10,1,683,"{""swim_speed_up"":2,""ink_saver_main"":0.6,""quick_respawn"":0.6,""quick_super_jump"":0.6,""ink_recovery_up"":0.3,""ink_resistance_up"":0.3,""ink_saver_sub"":0.3,""ninja_squid"":true}",sputtery_owl,17,14,3,9,4,1493,"{""ink_saver_main"":1.6,""swim_speed_up"":1.6,""intensify_action"":0.6,""quick_super_jump"":0.6,""ink_resistance_up"":0.3,""stealth_jump"":true}",screwslosher_neo,12,7,5,6,4,1188,"{""quick_super_jump"":1.6,""run_speed_up"":1.6,""sub_resistance_up"":0.9,""ink_saver_main"":0.3,""sub_power_up"":0.3,""stealth_jump"":true}",prime_collabo,13,10,3,9,2,1335,"{""intensify_action"":1.2,""quick_respawn"":1,""swim_speed_up"":1,""special_charge_up"":0.9,""ink_saver_sub"":0.6,""stealth_jump"":true}",sputtery_hue,5,3,2,8,2,804,"{""swim_speed_up"":5.7}",gold,Record-Score Setter,silver,#1 Rainmaker Stopper,silver,#1 Reefslider User,
Sizzle Season 2025,2025-06-30T06:00:00+00:00,10.0.1,bankara_open,yagura,kajiki,248,alpha,TRUE,S+ 18,,4009,,100,c12d74ff,,3580,,0,2cb721ff,,screwslosher_neo,15,10,5,5,5,1042,"{""ink_saver_main"":1.9,""swim_speed_up"":1,""run_speed_up"":0.9,""ink_resistance_up"":0.3,""quick_super_jump"":0.3,""special_saver"":0.3,""stealth_jump"":true}",liter4k_custom,6,6,0,3,3,704,"{""swim_speed_up"":1,""quick_super_jump"":0.9,""special_power_up"":0.9,""ink_saver_main"":0.6,""sub_resistance_up"":0.3,""object_shredder"":true,""respawn_punisher"":true}",sputtery_hue,13,10,3,9,5,1143,"{""quick_respawn"":1.5,""swim_speed_up"":1,""intensify_action"":0.6,""ink_resistance_up"":0.3,""ink_saver_sub"":0.3,""comeback"":true,""stealth_jump"":true}",prime_frzn,11,9,2,8,4,1120,"{""swim_speed_up"":1.6,""intensify_action"":0.9,""ink_recovery_up"":0.3,""ink_resistance_up"":0.3,""ink_saver_main"":0.3,""quick_super_jump"":0.3,""comeback"":true,""stealth_jump"":true}",momiji,15,12,3,9,4,1405,"{""ink_saver_sub"":1.5,""swim_speed_up"":1,""sub_power_up"":0.9,""ink_recovery_up"":0.3,""ninja_squid"":true,""stealth_jump"":true}",tristringer,8,2,6,5,5,930,"{""ink_saver_main"":1.3,""run_speed_up"":1.3,""special_charge_up"":1.3,""ink_recovery_up"":0.3,""ink_resistance_up"":0.3,""ink_saver_sub"":0.3,""intensify_action"":0.3,""quick_respawn"":0.3,""special_saver"":0.3}",carbon,7,7,0,9,0,722,"{""swim_speed_up"":3.2,""run_speed_up"":2.2,""quick_respawn"":0.3}",longblaster_custom,6,4,2,12,0,523,"{""ink_saver_main"":1.6,""sub_power_up"":1,""ink_saver_sub"":0.9,""intensify_action"":0.9,""sub_resistance_up"":0.3,""ninja_squid"":true}",gold,#1 Popular Target,gold,Record-Score Setter,gold,#1 Overall Splatter,
Sizzle Season 2025,2025-06-30T06:00:00+00:00,10.0.1,bankara_open,yagura,zatou,176,bravo,TRUE,,,2683,,0,3a0ccdff,,2739,,100,d0bf08ff,,lact450_milk,4,3,1,5,2,746,"{""ink_saver_sub"":1,""special_charge_up"":1,""swim_speed_up"":0.9,""ink_saver_main"":0.6,""ink_resistance_up"":0.3,""quick_super_jump"":0.3,""run_speed_up"":0.3,""special_power_up"":0.3,""stealth_jump"":true}",furuido,11,10,1,5,4,841,"{""special_charge_up"":1.6,""quick_respawn"":1.3,""ink_saver_main"":0.9,""special_saver"":0.6,""quick_super_jump"":0.3,""stealth_jump"":true}",liter4k,8,4,4,5,2,444,"{""swim_speed_up"":0.9,""ink_saver_main"":0.6,""quick_super_jump"":0.6,""ink_resistance_up"":0.3,""sub_resistance_up"":0.3,""last_ditch_effort"":true,""object_shredder"":true,""respawn_punisher"":true}",bucketslosher,8,5,3,4,2,652,"{""ink_recovery_up"":0.6,""quick_super_jump"":0.6,""special_saver"":0.6,""swim_speed_up"":0.6,""sub_resistance_up"":0.3,""comeback"":true,""ninja_squid"":true,""stealth_jump"":true}",maneuver_you,11,11,0,5,3,861,"{""quick_respawn"":1.3,""quick_super_jump"":0.6,""swim_speed_up"":0.6,""ink_resistance_up"":0.3,""intensify_action"":0.3,""special_saver"":0.3,""sub_resistance_up"":0.3,""comeback"":true,""stealth_jump"":true}",hydra_atsu,7,5,2,5,2,683,"{""run_speed_up"":0.9,""quick_super_jump"":0.6,""ink_resistance_up"":0.3,""special_charge_up"":0.3,""special_saver"":0.3,""sub_resistance_up"":0.3,""opening_gambit"":true,""stealth_jump"":true,""thermal_ink"":true}",sputtery,5,3,2,3,4,551,"{""special_power_up"":1.9,""sub_power_up"":1.9,""special_charge_up"":0.9,""stealth_jump"":true}",spygadget,1,0,1,9,2,644,"{""quick_respawn"":5.1,""ink_saver_main"":0.3,""quick_super_jump"":0.3}",silver,#1 Ground Traveler,silver,#2 Turf Inker,,,
Sizzle Season 2025,2025-06-30T06:00:00+00:00,10.0.1,xmatch,asari,kinmedai,300,alpha,FALSE,,1970.2,4563,,78,2cb721ff,,4315,,40,c12d74ff,,sputtery_owl,8,6,2,9,5,1178,"{""quick_respawn"":1.6,""swim_speed_up"":0.9,""ink_resistance_up"":0.3,""ink_saver_sub"":0.3,""intensify_action"":0.3,""quick_super_jump"":0.3,""comeback"":true,""stealth_jump"":true}",sshooter,14,11,3,7,4,1437,"{""run_speed_up"":1.6,""swim_speed_up"":1.6,""special_charge_up"":1,""ink_saver_main"":0.9,""intensify_action"":0.3,""quick_super_jump"":0.3}",splatcharger_collabo,12,12,0,5,3,934,"{""quick_super_jump"":1.3,""intensify_action"":0.9,""quick_respawn"":0.9,""swim_speed_up"":0.6,""drop_roller"":true,""ninja_squid"":true}",heroshooter_replica,7,5,2,9,2,1014,"{""swim_speed_up"":2.9,""quick_super_jump"":0.6,""ink_recovery_up"":0.3,""ink_resistance_up"":0.3,""quick_respawn"":0.3,""special_saver"":0.3,""ninja_squid"":true}",sshooter,12,10,2,8,3,1178,"{""intensify_action"":0.6,""quick_super_jump"":0.6,""swim_speed_up"":0.6,""quick_respawn"":0.3,""run_speed_up"":0.3,""sub_resistance_up"":0.3,""comeback"":true,""ninja_squid"":true,""stealth_jump"":true}",promodeler_sai,10,8,2,7,4,1622,"{""sub_power_up"":5.7}",liter4k,5,4,1,7,0,927,"{""swim_speed_up"":1.3,""ink_saver_main"":1.2,""ink_recovery_up"":0.6,""run_speed_up"":0.6,""object_shredder"":true,""respawn_punisher"":true}",order_roller_replica,9,8,1,12,0,588,"{""ink_saver_main"":1.6,""run_speed_up"":1.6,""swim_speed_up"":1.6,""intensify_action"":0.6,""ink_saver_sub"":0.3}",silver,#1 Ground Traveler,silver,#1 Ink Consumer,gold,#1 Score Booster,
Sizzle Season 2025,2025-06-30T06:00:00+00:00,10.0.1,xmatch,asari,kinmedai,314,alpha,FALSE,,2261.1,5108,,30,c12d74ff,,4902,,0,2cb721ff,,sharp,17,8,9,5,5,1536,"{""special_charge_up"":1,""swim_speed_up"":1,""ink_recovery_up"":0.6,""quick_super_jump"":0.6,""sub_power_up"":0.6,""ink_resistance_up"":0.3,""special_saver"":0.3,""sub_resistance_up"":0.3,""stealth_jump"":true}",hokusai,16,12,4,10,4,1072,"{""quick_super_jump"":1,""swim_speed_up"":0.9,""ink_saver_sub"":0.6,""ink_saver_main"":0.3,""quick_respawn"":0.3,""special_charge_up"":0.3,""special_power_up"":0.3,""drop_roller"":true,""ninja_squid"":true}",prime_frzn,13,8,5,5,4,1087,"{""special_charge_up"":1.3,""intensify_action"":0.9,""quick_super_jump"":0.6,""swim_speed_up"":0.6,""ink_resistance_up"":0.3,""comeback"":true,""stealth_jump"":true}",sshooter,6,6,0,8,5,1413,"{""swim_speed_up"":1,""ink_resistance_up"":0.6,""quick_super_jump"":0.6,""special_saver"":0.6,""sub_power_up"":0.6,""ink_recovery_up"":0.3,""comeback"":true,""stealth_jump"":true}",jimuwiper,15,12,3,10,2,1223,"{""swim_speed_up"":1.6,""ink_resistance_up"":0.6,""ink_saver_main"":0.6,""sub_power_up"":0.6,""intensify_action"":0.3,""comeback"":true,""stealth_jump"":true}",sharp,6,4,2,7,5,1252,"{""swim_speed_up"":1.3,""ink_saver_sub"":0.6,""quick_super_jump"":0.6,""ink_resistance_up"":0.3,""ink_saver_main"":0.3,""special_charge_up"":0.3,""sub_resistance_up"":0.3,""comeback"":true,""stealth_jump"":true}",sshooter,4,3,1,7,6,1467,"{""swim_speed_up"":1,""intensify_action"":0.9,""quick_super_jump"":0.6,""ink_resistance_up"":0.3,""special_charge_up"":0.3,""special_saver"":0.3,""sub_resistance_up"":0.3,""comeback"":true,""stealth_jump"":true}",bold,10,8,2,10,4,960,"{""swim_speed_up"":3.4,""ink_recovery_up"":0.3,""drop_roller"":true,""ninja_squid"":true}",gold,#1 Overall Splatter,gold,#1 Splat Assister,gold,#1 Turf Inker,
Sizzle Season 2025,2025-06-30T06:00:00+00:00,10.0.1,bankara_open,yagura,kajiki,83,alpha,TRUE,S+ 18,,1539,,100,a0c937ff,,1358,,0,ba30b0ff,,screwslosher_neo,6,4,2,1,2,377,"{""ink_saver_main"":1.9,""swim_speed_up"":1,""run_speed_up"":0.9,""ink_resistance_up"":0.3,""quick_super_jump"":0.3,""special_saver"":0.3,""stealth_jump"":true}",prime_frzn,7,7,0,0,2,550,"{""swim_speed_up"":1.6,""intensify_action"":0.9,""ink_recovery_up"":0.3,""ink_resistance_up"":0.3,""ink_saver_main"":0.3,""quick_super_jump"":0.3,""comeback"":true,""stealth_jump"":true}",sputtery_hue,2,1,1,1,2,467,"{""quick_respawn"":1.5,""swim_speed_up"":1,""intensify_action"":0.6,""ink_resistance_up"":0.3,""ink_saver_sub"":0.3,""comeback"":true,""stealth_jump"":true}",liter4k_custom,0,0,0,1,1,145,"{""swim_speed_up"":1,""quick_super_jump"":0.9,""special_power_up"":0.9,""ink_saver_main"":0.6,""sub_resistance_up"":0.3,""object_shredder"":true,""respawn_punisher"":true}",tristringer,2,1,1,2,1,299,"{""ink_saver_main"":1.9,""ink_recovery_up"":0.6,""quick_super_jump"":0.6,""swim_speed_up"":0.6,""last_ditch_effort"":true,""respawn_punisher"":true}",dynamo,2,1,1,4,1,358,"{""ink_saver_main"":1.6,""swim_speed_up"":1,""special_charge_up"":0.9,""quick_super_jump"":0.6,""ink_resistance_up"":0.3,""quick_respawn"":0.3,""stealth_jump"":true}",wideroller_waku,1,0,1,3,0,311,"{""sub_power_up"":5.1,""ink_saver_sub"":0.6}",sputtery_owl,1,1,0,3,1,390,"{""ink_recovery_up"":1.3,""ink_resistance_up"":0.6,""ink_saver_sub"":0.6,""quick_super_jump"":0.6,""run_speed_up"":0.3,""special_saver"":0.3,""ninja_squid"":true,""stealth_jump"":true}",gold,#1 Super Jump Spot,gold,#1 Splat Assister,silver,#1 Trizooka User,
Sizzle Season 2025,2025-06-30T06:00:00+00:00,10.0.1,bankara_open,yagura,zatou,300,alpha,FALSE,,,4632,,91,d74b31ff,,4578,,45,1ec0adff,,lact450_milk,9,5,4,5,6,1443,"{""ink_saver_sub"":1,""special_charge_up"":1,""swim_speed_up"":0.9,""ink_saver_main"":0.6,""ink_resistance_up"":0.3,""quick_super_jump"":0.3,""run_speed_up"":0.3,""special_power_up"":0.3,""stealth_jump"":true}",sharp_geck,18,14,4,8,4,1022,"{""ink_saver_main"":2,""ink_saver_sub"":0.6,""quick_super_jump"":0.6,""swim_speed_up"":0.6,""ink_recovery_up"":0.3,""run_speed_up"":0.3,""sub_power_up"":0.3,""stealth_jump"":true}",furuido,11,6,5,4,5,1224,"{""special_charge_up"":2.2,""quick_super_jump"":0.6,""swim_speed_up"":0.6,""special_power_up"":0.3,""respawn_punisher"":true,""stealth_jump"":true}",pablo_hue,14,11,3,8,3,943,"{""quick_respawn"":1.3,""special_charge_up"":1.3,""ink_saver_main"":1,""ink_recovery_up"":0.3,""ink_resistance_up"":0.3,""intensify_action"":0.3,""quick_super_jump"":0.3,""special_power_up"":0.3,""sub_resistance_up"":0.3,""swim_speed_up"":0.3}",hotblaster_custom,14,11,3,13,1,747,"{""intensify_action"":2.6,""swim_speed_up"":2.2,""ink_saver_main"":0.3,""quick_super_jump"":0.3,""sub_resistance_up"":0.3}",tristringer,9,5,4,7,6,1373,"{""run_speed_up"":1,""special_charge_up"":1,""ink_recovery_up"":0.6,""ink_resistance_up"":0.6,""swim_speed_up"":0.6,""ink_saver_main"":0.3,""quick_super_jump"":0.3,""special_saver"":0.3,""stealth_jump"":true}",lact450_milk,6,2,4,8,7,1627,"{""ink_recovery_up"":1.3,""swim_speed_up"":1,""quick_respawn"":0.3,""run_speed_up"":0.3,""special_charge_up"":0.3,""sub_power_up"":0.3,""stealth_jump"":true}",longblaster_custom,7,7,0,8,3,831,"{""swim_speed_up"":1.9,""ink_saver_main"":1.3,""special_charge_up"":1.3,""special_saver"":0.6,""intensify_action"":0.3,""sub_resistance_up"":0.3}",silver,#1 Ink Consumer,gold,#1 Turf Inker,silver,#1 Booyah Bomb User,
Sizzle Season 2025,2025-06-30T06:00:00+00:00,10.0.1,bankara_open,yagura,kajiki,297,alpha,TRUE,S+ 18,,5621,,100,6325cdff,,5175,,0,bfcd41ff,,screwslosher_neo,24,13,11,7,5,1208,"{""ink_saver_main"":1.9,""swim_speed_up"":1,""run_speed_up"":0.9,""ink_resistance_up"":0.3,""quick_super_jump"":0.3,""special_saver"":0.3,""stealth_jump"":true}",explosher,14,7,7,4,6,1700,"{""ink_saver_main"":1.6,""quick_super_jump"":1.6,""swim_speed_up"":1.3,""ink_resistance_up"":0.3,""special_power_up"":0.3,""special_saver"":0.3,""sub_resistance_up"":0.3}",sputtery_hue,13,9,4,10,3,1193,"{""quick_respawn"":1.5,""swim_speed_up"":1,""intensify_action"":0.6,""ink_resistance_up"":0.3,""ink_saver_sub"":0.3,""comeback"":true,""stealth_jump"":true}",prime_frzn,9,8,1,6,7,1520,"{""swim_speed_up"":1.6,""intensify_action"":0.9,""ink_recovery_up"":0.3,""ink_resistance_up"":0.3,""ink_saver_main"":0.3,""quick_super_jump"":0.3,""comeback"":true,""stealth_jump"":true}",fincent_brnz,14,13,1,11,3,1380,"{""ink_saver_main"":1.9,""ink_recovery_up"":1,""ink_saver_sub"":0.6,""ink_resistance_up"":0.3,""quick_super_jump"":0.3,""sub_resistance_up"":0.3,""swim_speed_up"":0.3,""stealth_jump"":true}",maneuver_collabo,11,8,3,10,3,1102,"{""quick_respawn"":1,""ink_resistance_up"":0.6,""quick_super_jump"":0.6,""special_charge_up"":0.6,""run_speed_up"":0.3,""sub_resistance_up"":0.3,""swim_speed_up"":0.3,""comeback"":true,""stealth_jump"":true}",jetsweeper_cobr,3,0,3,8,5,1512,"{""ink_resistance_up"":1.6,""swim_speed_up"":1.6,""run_speed_up"":1,""ink_saver_main"":0.6,""special_charge_up"":0.3,""special_power_up"":0.3,""sub_power_up"":0.3}",dynamo_mei,12,6,6,8,5,1181,"{""ink_saver_main"":1.9,""sub_power_up"":1.8,""ink_saver_sub"":1,""quick_super_jump"":1}",gold,#1 Popular Target,gold,Record-Score Setter,gold,#1 Overall Splatter,
Sizzle Season 2025,2025-06-30T06:00:00+00:00,10.0.1,xmatch,asari,amabi,300,bravo,FALSE,,2261.1,4197,,20,cfb121ff,,4156,,41,9025c6ff,,sharp,9,4,5,6,5,1379,"{""special_charge_up"":1,""swim_speed_up"":1,""ink_recovery_up"":0.6,""quick_super_jump"":0.6,""sub_power_up"":0.6,""ink_resistance_up"":0.3,""special_saver"":0.3,""sub_resistance_up"":0.3,""stealth_jump"":true}",nova_neo,15,12,3,6,3,863,"{""quick_respawn"":1.5,""quick_super_jump"":0.6,""ink_recovery_up"":0.3,""ink_resistance_up"":0.3,""comeback"":true,""ninja_squid"":true,""stealth_jump"":true}",liter4k_custom,4,3,1,2,5,1036,"{""ink_recovery_up"":0.9,""ink_saver_main"":0.6,""sub_resistance_up"":0.6,""ink_saver_sub"":0.3,""run_speed_up"":0.3,""last_ditch_effort"":true,""object_shredder"":true,""respawn_punisher"":true}",order_roller_replica,7,5,2,10,1,919,"{""swim_speed_up"":1.5,""quick_super_jump"":0.6,""ink_resistance_up"":0.3,""sub_resistance_up"":0.3,""comeback"":true,""ninja_squid"":true,""stealth_jump"":true}",splatroller,10,9,1,9,2,949,"{""quick_super_jump"":0.9,""ink_saver_sub"":0.6,""special_charge_up"":0.6,""sub_resistance_up"":0.3,""swim_speed_up"":0.3,""comeback"":true,""ninja_squid"":true,""stealth_jump"":true}",wakaba,9,7,2,7,4,1402,"{""swim_speed_up"":2,""ink_recovery_up"":0.9,""quick_super_jump"":0.6,""ink_resistance_up"":0.3,""intensify_action"":0.3,""run_speed_up"":0.3,""special_charge_up"":0.3,""stealth_jump"":true}",liter4k,4,3,1,2,1,631,"{""ink_resistance_up"":0.6,""quick_super_jump"":0.6,""sub_resistance_up"":0.6,""swim_speed_up"":0.6,""special_power_up"":0.3,""last_ditch_effort"":true,""object_shredder"":true,""respawn_punisher"":true}",maneuver,6,5,1,6,4,1174,"{""quick_respawn"":1.6,""swim_speed_up"":0.6,""ink_resistance_up"":0.3,""intensify_action"":0.3,""quick_super_jump"":0.3,""special_saver"":0.3,""sub_resistance_up"":0.3,""comeback"":true,""stealth_jump"":true}",gold,#1 Popular Target,gold,#1 Turf Inker,gold,#1 Score Booster,
Sizzle Season 2025,2025-06-30T06:00:00+00:00,10.0.1,bankara_challenge,hoko,baigai,300,alpha,FALSE,S,,4997,,63,a0c937ff,,4414,,23,ba30b0ff,,promodeler_mg,5,4,1,9,2,1195,"{""swim_speed_up"":3.7,""intensify_action"":1,""ninja_squid"":true}",furuido,15,14,1,4,2,1344,"{""ink_saver_main"":1.6,""quick_super_jump"":0.6,""sub_resistance_up"":0.6,""ink_resistance_up"":0.3,""special_saver"":0.3,""swim_speed_up"":0.3,""respawn_punisher"":true,""stealth_jump"":true}",furo,14,11,3,5,5,1703,"{""ink_resistance_up"":1.9,""ink_saver_main"":1.9,""special_power_up"":1.9}",order_charger_replica,4,3,1,7,2,755,"{""ink_saver_main"":1.9,""special_charge_up"":1.9,""swim_speed_up"":1,""intensify_action"":0.9}",clashblaster,13,11,2,5,3,1125,"{""run_speed_up"":2.2,""intensify_action"":1.3,""swim_speed_up"":0.6,""ink_resistance_up"":0.3,""ninja_squid"":true}",splatcharger,8,8,0,5,4,1126,"{""run_speed_up"":3.8,""special_power_up"":1.9}",sharp,7,4,3,11,3,1141,"{""ink_saver_sub"":2.2,""ink_saver_main"":1.6,""swim_speed_up"":0.6,""sub_power_up"":0.3,""object_shredder"":true}",sshooter,5,2,3,11,3,1022,"{""special_charge_up"":2.5,""swim_speed_up"":1,""special_power_up"":0.6,""intensify_action"":0.3,""special_saver"":0.3,""drop_roller"":true}",gold,#1 Super Jump Spot,gold,Record-Score Setter,silver,#1 Checkpoint Breaker,
Sizzle Season 2025,2025-06-30T06:00:00+00:00,10.0.1,xmatch,asari,kinmedai,320,alpha,FALSE,,2045.2,5264,,48,9025c6ff,,5139,,23,cfb121ff,,sputtery_owl,11,6,5,8,4,1270,"{""quick_respawn"":1.6,""swim_speed_up"":0.9,""ink_resistance_up"":0.3,""ink_saver_sub"":0.3,""intensify_action"":0.3,""quick_super_jump"":0.3,""comeback"":true,""stealth_jump"":true}",tristringer_tou,14,12,2,3,6,1661,"{""special_charge_up"":1.9,""special_power_up"":1.3,""run_speed_up"":0.9,""ink_recovery_up"":0.3,""special_saver"":0.3,""drop_roller"":true}",maneuver_collabo,11,10,1,8,4,1383,"{""quick_respawn"":1.9,""ink_resistance_up"":0.3,""ink_saver_main"":0.3,""quick_super_jump"":0.3,""special_saver"":0.3,""sub_resistance_up"":0.3,""swim_speed_up"":0.3,""comeback"":true,""stealth_jump"":true}",longblaster,11,7,4,5,2,950,"{""quick_respawn"":1.3,""intensify_action"":0.9,""quick_super_jump"":0.6,""ink_resistance_up"":0.3,""special_saver"":0.3,""sub_resistance_up"":0.3,""comeback"":true,""stealth_jump"":true}",maneuver_you,13,9,4,8,3,1177,"{""quick_respawn"":1.6,""intensify_action"":0.6,""quick_super_jump"":0.6,""swim_speed_up"":0.6,""ink_recovery_up"":0.3,""comeback"":true,""stealth_jump"":true}",examiner,8,3,5,11,5,1436,"{""run_speed_up"":2.9,""ink_resistance_up"":0.6,""ink_recovery_up"":0.3,""intensify_action"":0.3,""special_power_up"":0.3,""swim_speed_up"":0.3,""comeback"":true}",tristringer_tou,5,4,1,7,6,1257,"{""special_charge_up"":1,""swim_speed_up"":1,""ink_saver_main"":0.9,""run_speed_up"":0.9,""special_saver"":0.6,""quick_super_jump"":0.3,""stealth_jump"":true}",spygadget_sorella,10,8,2,9,3,1269,"{""ink_saver_sub"":1.6,""run_speed_up"":1.3,""swim_speed_up"":1,""ink_saver_main"":0.9,""ink_recovery_up"":0.6,""ink_resistance_up"":0.3}",gold,#1 Splat Assister,gold,#1 Super Jump Spot,silver,#1 Ground Traveler,
Sizzle Season 2025,2025-06-30T06:00:00+00:00,10.0.1,bankara_challenge,hoko,baigai,300,alpha,FALSE,S,,4886,,65,343bc4ff,,4616,,30,df6624ff,,promodeler_mg,10,9,1,11,2,1324,"{""swim_speed_up"":3.7,""intensify_action"":1,""ninja_squid"":true}",furo,10,7,3,6,5,1925,"{""ink_resistance_up"":1.9,""ink_saver_main"":1.9,""special_power_up"":1.9}",furuido,9,9,0,6,4,1088,"{""ink_saver_main"":1.6,""quick_super_jump"":0.6,""sub_resistance_up"":0.6,""ink_resistance_up"":0.3,""special_saver"":0.3,""swim_speed_up"":0.3,""respawn_punisher"":true,""stealth_jump"":true}",order_charger_replica,3,2,1,10,1,549,"{""ink_saver_main"":1.9,""special_charge_up"":1.9,""swim_speed_up"":1,""intensify_action"":0.9}",sshooter_kou,14,14,0,5,6,1243,"{""quick_super_jump"":1.9,""run_speed_up"":1.3,""swim_speed_up"":1,""ink_saver_sub"":0.9,""ink_recovery_up"":0.3,""ink_saver_main"":0.3}",liter4k_custom,10,9,1,4,2,868,"{""quick_super_jump"":4.5,""intensify_action"":1.2}",splatspinner_pytn,8,6,2,10,4,1327,"{""special_charge_up"":5.4,""ink_saver_main"":0.3}",wideroller,7,4,3,8,5,1178,"{""swim_speed_up"":1.9,""ink_saver_main"":0.9,""intensify_action"":0.6,""special_saver"":0.3,""ninja_squid"":true,""object_shredder"":true}",gold,#1 Overall Splatter,gold,#1 Enemy Splatter,silver,#1 Rainmaker Carrier,
Sizzle Season 2025,2025-06-30T06:00:00+00:00,10.0.1,xmatch,asari,amabi,320,bravo,FALSE,,2261.1,5136,,20,ba30b0ff,,5623,,59,a0c937ff,,sharp,7,3,4,7,5,1528,"{""special_charge_up"":1,""swim_speed_up"":1,""ink_recovery_up"":0.6,""quick_super_jump"":0.6,""sub_power_up"":0.6,""ink_resistance_up"":0.3,""special_saver"":0.3,""sub_resistance_up"":0.3,""stealth_jump"":true}",parashelter_sorella,11,8,3,8,5,1152,"{""swim_speed_up"":2.2,""run_speed_up"":2,""ink_saver_main"":0.6,""special_saver"":0.6,""quick_super_jump"":0.3}",sputtery,3,0,3,7,6,1262,"{""sub_power_up"":2.9,""special_saver"":1.2,""ink_resistance_up"":0.3,""sub_resistance_up"":0.3,""comeback"":true}",96gal_deco,7,6,1,9,4,1194,"{""intensify_action"":1,""ink_resistance_up"":0.9,""sub_resistance_up"":0.6,""swim_speed_up"":0.6,""quick_super_jump"":0.3,""special_power_up"":0.3,""comeback"":true,""stealth_jump"":true}",wideroller_waku,14,8,6,6,5,1618,"{""ink_saver_main"":1.6,""special_charge_up"":1.2,""special_saver"":0.6,""quick_super_jump"":0.3,""last_ditch_effort"":true,""stealth_jump"":true}",prime_collabo,13,9,4,3,4,1416,"{""intensify_action"":1.6,""swim_speed_up"":0.6,""ink_recovery_up"":0.3,""ink_resistance_up"":0.3,""quick_respawn"":0.3,""quick_super_jump"":0.3,""sub_power_up"":0.3,""comeback"":true,""stealth_jump"":true}",l3reelgun_haku,13,9,4,5,3,1053,"{""swim_speed_up"":1,""ink_recovery_up"":0.6,""intensify_action"":0.6,""quick_super_jump"":0.6,""run_speed_up"":0.6,""ink_resistance_up"":0.3,""comeback"":true,""stealth_jump"":true}",momiji,10,5,5,3,6,1536,"{""ink_saver_sub"":2.5,""swim_speed_up"":1,""quick_super_jump"":0.6,""ink_resistance_up"":0.3,""special_charge_up"":0.3,""ninja_squid"":true}",gold,#1 Turf Inker,gold,#1 Score Booster,gold,#1 Clam Carrier,
Sizzle Season 2025,2025-06-30T06:00:00+00:00,10.0.1,bankara_open,yagura,kajiki,300,bravo,FALSE,S+ 18,,4789,,33,c12d74ff,,4739,,59,2cb721ff,,screwslosher_neo,13,10,3,11,3,1104,"{""ink_saver_main"":1.9,""swim_speed_up"":1,""run_speed_up"":0.9,""ink_resistance_up"":0.3,""quick_super_jump"":0.3,""special_saver"":0.3,""stealth_jump"":true}",prime_frzn,13,10,3,8,5,1429,"{""swim_speed_up"":1.6,""intensify_action"":0.9,""ink_recovery_up"":0.3,""ink_resistance_up"":0.3,""ink_saver_main"":0.3,""quick_super_jump"":0.3,""comeback"":true,""stealth_jump"":true}",sputtery_hue,6,2,4,10,5,1124,"{""quick_respawn"":1.5,""swim_speed_up"":1,""intensify_action"":0.6,""ink_resistance_up"":0.3,""ink_saver_sub"":0.3,""comeback"":true,""stealth_jump"":true}",hydra_atsu,10,7,3,8,2,1132,"{""swim_speed_up"":1.3,""run_speed_up"":1,""ink_saver_main"":0.9,""ink_recovery_up"":0.6,""ink_resistance_up"":0.3,""quick_super_jump"":0.3,""sub_power_up"":0.3,""object_shredder"":true}",hotblaster,20,16,4,4,5,1217,"{""ink_saver_main"":1.3,""intensify_action"":0.9,""ink_recovery_up"":0.6,""special_power_up"":0.6,""special_saver"":0.3,""comeback"":true,""drop_roller"":true}",moprin,9,6,3,8,5,1610,"{""special_power_up"":1.3,""ink_saver_main"":0.9,""swim_speed_up"":0.6,""ink_resistance_up"":0.3,""quick_super_jump"":0.3,""sub_resistance_up"":0.3,""last_ditch_effort"":true,""stealth_jump"":true}",order_roller_replica,6,5,1,7,5,1182,"{""swim_speed_up"":1.6,""ink_saver_main"":1.3,""ink_resistance_up"":0.9,""special_charge_up"":0.6,""quick_super_jump"":0.3,""ninja_squid"":true}",splatroller,12,10,2,10,2,730,"{""swim_speed_up"":1.6,""quick_super_jump"":0.9,""sub_resistance_up"":0.9,""ink_resistance_up"":0.3,""ninja_squid"":true,""stealth_jump"":true}",gold,#1 Score Booster,gold,Record-Score Setter,gold,#1 Overall Splatter,
Sizzle Season 2025,2025-06-30T06:00:00+00:00,10.0.1,bankara_challenge,hoko,baigai,207,bravo,TRUE,S,,3254,,0,df6624ff,,3210,,100,343bc4ff,,promodeler_mg,5,3,2,8,2,889,"{""swim_speed_up"":3.7,""intensify_action"":1,""ninja_squid"":true}",hotblaster_custom,13,11,2,7,2,702,"{""ink_saver_main"":2.3,""sub_resistance_up"":0.6,""ink_recovery_up"":0.3,""ink_resistance_up"":0.3,""ink_saver_sub"":0.3,""quick_respawn"":0.3,""special_power_up"":0.3,""swim_speed_up"":0.3,""ninja_squid"":true}",furo,7,4,3,6,3,1184,"{""ink_resistance_up"":1.9,""ink_saver_main"":1.9,""special_power_up"":1.9}",carbon_deco,5,3,2,7,2,479,"{""special_charge_up"":1.6,""special_power_up"":1.6,""quick_super_jump"":1.3,""ink_saver_sub"":0.6,""run_speed_up"":0.3,""special_saver"":0.3}",52gal,14,10,4,5,3,916,"{""swim_speed_up"":1.3,""ink_resistance_up"":0.3,""intensify_action"":0.3,""quick_super_jump"":0.3,""special_saver"":0.3,""sub_resistance_up"":0.3,""opening_gambit"":true,""stealth_jump"":true}",nova_neo,10,5,5,3,3,707,"{""swim_speed_up"":1.6,""ink_resistance_up"":0.3,""ink_saver_main"":0.3,""ink_saver_sub"":0.3,""sub_power_up"":0.3,""sub_resistance_up"":0.3,""comeback"":true,""stealth_jump"":true}",hissen_hue,9,7,2,6,0,914,"{""swim_speed_up"":1.3,""quick_super_jump"":1,""ink_saver_sub"":0.9,""ink_saver_main"":0.6,""special_charge_up"":0.6,""ink_recovery_up"":0.3,""ninja_squid"":true}",52gal,10,6,4,7,1,673,"{""swim_speed_up"":1,""intensify_action"":0.9,""quick_super_jump"":0.6,""ink_recovery_up"":0.3,""ink_resistance_up"":0.3,""quick_respawn"":0.3,""sub_resistance_up"":0.3,""comeback"":true,""stealth_jump"":true}",silver,#1 Ground Traveler,silver,#2 Popular Target,silver,#2 Turf Inker,
Sizzle Season 2025,2025-06-30T06:00:00+00:00,10.0.1,xmatch,asari,kinmedai,328,alpha,FALSE,,2261.1,4896,,46,df6624ff,,5033,,29,343bc4ff,,sshooter_kou,8,7,1,6,5,1381,"{""swim_speed_up"":1,""ink_resistance_up"":0.6,""intensify_action"":0.6,""special_charge_up"":0.6,""quick_super_jump"":0.3,""special_saver"":0.3,""sub_resistance_up"":0.3,""comeback"":true,""stealth_jump"":true}",bottlegeyser,25,21,4,12,2,1055,"{""quick_respawn"":1.3,""quick_super_jump"":0.6,""special_charge_up"":0.6,""special_saver"":0.6,""ink_resistance_up"":0.3,""sub_resistance_up"":0.3,""opening_gambit"":true,""stealth_jump"":true}",rpen_5h,7,5,2,7,5,1524,"{""special_charge_up"":1.9,""special_power_up"":1.3,""ink_saver_main"":1,""ink_recovery_up"":0.6,""ink_resistance_up"":0.3,""quick_super_jump"":0.3}",pablo_hue,7,3,4,15,2,936,"{""quick_respawn"":3.2,""ink_saver_main"":0.9,""quick_super_jump"":0.6,""stealth_jump"":true}",rpen_5h,19,11,8,6,7,1602,"{""ink_saver_main"":1,""special_charge_up"":1,""special_power_up"":0.9,""ink_recovery_up"":0.6,""quick_super_jump"":0.6,""ink_resistance_up"":0.3,""sub_resistance_up"":0.3,""stealth_jump"":true}",fincent_brnz,16,15,1,10,8,1422,"{""swim_speed_up"":1.2,""quick_super_jump"":0.6,""ink_resistance_up"":0.3,""special_saver"":0.3,""sub_resistance_up"":0.3,""comeback"":true,""ninja_squid"":true,""stealth_jump"":true}",jetsweeper_cobr,12,8,4,12,4,1106,"{""intensify_action"":1,""sub_power_up"":1,""ink_resistance_up"":0.6,""ink_saver_sub"":0.6,""swim_speed_up"":0.6,""ink_recovery_up"":0.3,""quick_super_jump"":0.3,""sub_resistance_up"":0.3,""stealth_jump"":true}",nova_neo,8,6,2,8,1,903,"{""swim_speed_up"":1.6,""ink_saver_sub"":1.3,""ink_recovery_up"":0.6,""sub_power_up"":0.6,""ink_saver_main"":0.3,""intensify_action"":0.3,""ninja_squid"":true}",gold,#1 Super Jump Spot,gold,#1 Popular Target,silver,#1 Ink Consumer,
Sizzle Season 2025,2025-06-30T06:00:00+00:00,10.0.1,bankara_open,yagura,kajiki,120,bravo,TRUE,S+ 18,,1871,,0,ba30b0ff,,2058,,100,a0c937ff,,screwslosher_neo,2,1,1,5,1,522,"{""ink_saver_main"":1.9,""swim_speed_up"":1,""run_speed_up"":0.9,""ink_resistance_up"":0.3,""quick_super_jump"":0.3,""special_saver"":0.3,""stealth_jump"":true}",prime_frzn,3,3,0,4,1,578,"{""swim_speed_up"":1.6,""intensify_action"":0.9,""ink_recovery_up"":0.3,""ink_resistance_up"":0.3,""ink_saver_main"":0.3,""quick_super_jump"":0.3,""comeback"":true,""stealth_jump"":true}",sblast92,2,2,0,5,0,365,"{""ink_saver_main"":1.9,""special_power_up"":1.9,""special_charge_up"":1,""ink_saver_sub"":0.6,""ink_resistance_up"":0.3}",sputtery_hue,2,1,1,6,0,406,"{""quick_respawn"":1.5,""swim_speed_up"":1,""intensify_action"":0.6,""ink_resistance_up"":0.3,""ink_saver_sub"":0.3,""comeback"":true,""stealth_jump"":true}",rapid_elite_deco,10,7,3,0,3,570,"{""special_charge_up"":1.6,""intensify_action"":1.3,""ink_recovery_up"":1,""ink_saver_sub"":0.6,""ink_resistance_up"":0.3,""ink_saver_main"":0.3,""special_saver"":0.3,""swim_speed_up"":0.3}",sputtery_owl,4,3,1,1,3,600,"{""swim_speed_up"":1,""ink_saver_sub"":0.9,""quick_super_jump"":0.6,""special_charge_up"":0.6,""ink_resistance_up"":0.3,""special_saver"":0.3,""comeback"":true,""stealth_jump"":true}",sputtery_hue,8,7,1,4,1,506,"{""quick_respawn"":2.2,""special_power_up"":0.6,""swim_speed_up"":0.6,""intensify_action"":0.3,""comeback"":true,""stealth_jump"":true}",hotblaster_en,5,3,2,2,2,382,"{""quick_respawn"":2.2,""quick_super_jump"":0.6,""special_charge_up"":0.3,""sub_resistance_up"":0.3,""swim_speed_up"":0.3,""comeback"":true,""stealth_jump"":true}",gold,#1 Super Jump Spot,gold,#1 Splat Assister,silver,#1 Trizooka User,
Sizzle Season 2025,2025-06-30T06:00:00+00:00,10.0.1,bankara_open,yagura,zatou,300,bravo,FALSE,S+ 18,,4195,,45,6e04b6ff,,4344,,63,cd510aff,,screwslosher_neo,12,6,6,10,4,979,"{""ink_saver_main"":1.9,""swim_speed_up"":1,""run_speed_up"":0.9,""ink_resistance_up"":0.3,""quick_super_jump"":0.3,""special_saver"":0.3,""stealth_jump"":true}",prime_frzn,17,13,4,8,4,1296,"{""swim_speed_up"":1.6,""intensify_action"":0.9,""ink_recovery_up"":0.3,""ink_resistance_up"":0.3,""ink_saver_main"":0.3,""quick_super_jump"":0.3,""comeback"":true,""stealth_jump"":true}",liter4k_scope,6,5,1,7,3,656,"{""special_charge_up"":2.3,""ink_saver_main"":1,""sub_resistance_up"":0.9,""special_saver"":0.6,""ink_recovery_up"":0.3,""special_power_up"":0.3,""swim_speed_up"":0.3}",sputtery_hue,14,11,3,8,4,1264,"{""quick_respawn"":1.5,""swim_speed_up"":1,""intensify_action"":0.6,""ink_resistance_up"":0.3,""ink_saver_sub"":0.3,""comeback"":true,""stealth_jump"":true}",liter4k,10,7,3,8,4,1050,"{""swim_speed_up"":1.2,""ink_saver_main"":1,""ink_recovery_up"":0.6,""quick_super_jump"":0.6,""sub_resistance_up"":0.3,""object_shredder"":true,""respawn_punisher"":true}",sputtery_hue,14,12,2,12,3,1032,"{""quick_respawn"":2.2,""special_power_up"":0.6,""swim_speed_up"":0.6,""intensify_action"":0.3,""comeback"":true,""stealth_jump"":true}",sputtery_owl,11,7,4,6,7,1230,"{""swim_speed_up"":1.3,""quick_respawn"":0.6,""special_power_up"":0.6,""ink_resistance_up"":0.3,""special_charge_up"":0.3,""sub_power_up"":0.3,""sub_resistance_up"":0.3,""comeback"":true,""stealth_jump"":true}",sputtery_owl,8,7,1,9,5,1032,"{""swim_speed_up"":1,""ink_saver_sub"":0.9,""quick_super_jump"":0.6,""special_charge_up"":0.6,""ink_resistance_up"":0.3,""special_saver"":0.3,""comeback"":true,""stealth_jump"":true}",gold,#1 Score Booster,silver,#1 Checkpoint Breaker,gold,#1 Splat Assister,
Sizzle Season 2025,2025-06-30T06:00:00+00:00,10.0.1,bankara_challenge,hoko,yunohana,315,bravo,FALSE,S,,4799,,68,df6624ff,,4957,,69,343bc4ff,,promodeler_mg,4,3,1,10,5,1566,"{""swim_speed_up"":3.7,""intensify_action"":1,""ninja_squid"":true}",hotblaster_custom,19,15,4,7,5,1265,"{""ink_saver_main"":2.3,""sub_resistance_up"":0.6,""ink_recovery_up"":0.3,""ink_resistance_up"":0.3,""ink_saver_sub"":0.3,""quick_respawn"":0.3,""special_power_up"":0.3,""swim_speed_up"":0.3,""ninja_squid"":true}",sshooter_kou,11,9,2,7,5,1124,"{""intensify_action"":1,""ink_resistance_up"":0.6,""quick_super_jump"":0.6,""special_saver"":0.6,""swim_speed_up"":0.6,""sub_resistance_up"":0.3,""comeback"":true,""stealth_jump"":true}",clashblaster_neo,10,5,5,13,2,844,"{""ink_saver_main"":2.8,""special_power_up"":0.6,""quick_respawn"":0.3,""drop_roller"":true,""ninja_squid"":true}",sshooter_kou,16,14,2,10,2,1341,"{""special_charge_up"":0.6,""swim_speed_up"":0.6,""ink_resistance_up"":0.3,""ink_saver_main"":0.3,""ink_saver_sub"":0.3,""intensify_action"":0.3,""sub_power_up"":0.3,""drop_roller"":true,""tenacity"":true,""thermal_ink"":true}",hokusai,11,8,3,11,0,1147,"{""swim_speed_up"":1.6,""ink_saver_main"":1,""ink_saver_sub"":0.6,""ink_recovery_up"":0.3,""intensify_action"":0.3,""special_charge_up"":0.3,""sub_power_up"":0.3,""sub_resistance_up"":0.3,""ninja_squid"":true}",sharp,12,10,2,6,3,1060,"{""swim_speed_up"":1.3,""special_charge_up"":0.6,""ink_recovery_up"":0.3,""ink_resistance_up"":0.3,""intensify_action"":0.3,""quick_super_jump"":0.3,""run_speed_up"":0.3,""sub_resistance_up"":0.3,""last_ditch_effort"":true,""stealth_jump"":true}",variableroller,7,5,2,7,4,1409,"{""special_saver"":1.6,""ink_saver_main"":1.3,""ink_saver_sub"":1.3,""quick_respawn"":0.6,""ink_recovery_up"":0.3,""quick_super_jump"":0.3,""special_charge_up"":0.3}",gold,#1 Super Jump Spot,gold,#1 Turf Inker,silver,#1 Checkpoint Breaker,
Sizzle Season 2025,2025-06-30T06:00:00+00:00,10.0.1,xmatch,asari,amabi,320,alpha,FALSE,,2261.1,4789,,79,6e04b6ff,,4816,,20,cd510aff,,sharp,12,5,7,7,4,1235,"{""special_charge_up"":1,""swim_speed_up"":1,""ink_recovery_up"":0.6,""quick_super_jump"":0.6,""sub_power_up"":0.6,""ink_resistance_up"":0.3,""special_saver"":0.3,""sub_resistance_up"":0.3,""stealth_jump"":true}",dentalwiper_mint,18,16,2,10,3,1366,"{""quick_respawn"":2.8,""quick_super_jump"":0.6,""swim_speed_up"":0.3,""comeback"":true,""stealth_jump"":true}",jimuwiper,12,9,3,4,1,1273,"{""swim_speed_up"":1.9,""quick_respawn"":1.3,""ink_recovery_up"":0.9,""sub_power_up"":0.6,""drop_roller"":true}",splatroller,5,4,1,8,3,915,"{""quick_super_jump"":0.9,""swim_speed_up"":0.9,""ink_saver_main"":0.6,""ink_resistance_up"":0.3,""comeback"":true,""ninja_squid"":true,""stealth_jump"":true}",carbon_deco,11,10,1,8,3,874,"{""swim_speed_up"":1.9,""quick_super_jump"":0.9,""ink_saver_sub"":0.6,""sub_resistance_up"":0.3,""ninja_squid"":true,""stealth_jump"":true}",prime_frzn,9,7,2,7,4,1279,"{""intensify_action"":1,""swim_speed_up"":0.9,""sub_power_up"":0.6,""ink_resistance_up"":0.3,""quick_super_jump"":0.3,""special_power_up"":0.3,""sub_resistance_up"":0.3,""comeback"":true,""stealth_jump"":true}",drivewiper_rust,7,5,2,11,3,1443,"{""quick_respawn"":1.9,""swim_speed_up"":1.2,""quick_super_jump"":0.3,""sub_resistance_up"":0.3,""ninja_squid"":true,""stealth_jump"":true}",jimuwiper,8,6,2,8,4,1220,"{""quick_respawn"":1.6,""ink_saver_sub"":0.6,""quick_super_jump"":0.6,""swim_speed_up"":0.6,""ink_resistance_up"":0.3,""comeback"":true,""stealth_jump"":true}",gold,#1 Splat Assister,silver,#2 Overall Splatter,silver,#2 Clam Carrier,
Sizzle Season 2025,2025-06-30T06:00:00+00:00,10.0.1,bankara_challenge,hoko,baigai,300,bravo,FALSE,S,,4468,,30,cd510aff,,4526,,94,6e04b6ff,,promodeler_mg,8,6,2,11,3,1350,"{""swim_speed_up"":3.7,""intensify_action"":1,""ninja_squid"":true}",wakaba,12,7,5,8,5,1521,"{""ink_recovery_up"":2.3,""special_charge_up"":2.2,""ink_saver_main"":0.9,""ink_resistance_up"":0.3}",liter4k,8,7,1,6,3,882,"{""swim_speed_up"":3.2,""ink_saver_main"":2.2,""special_charge_up"":0.3}",hotblaster_custom,8,6,2,9,1,715,"{""ink_saver_main"":2.3,""sub_resistance_up"":0.6,""ink_recovery_up"":0.3,""ink_resistance_up"":0.3,""ink_saver_sub"":0.3,""quick_respawn"":0.3,""special_power_up"":0.3,""swim_speed_up"":0.3,""ninja_squid"":true}",bold,13,9,4,8,2,1323,"{""swim_speed_up"":1.9,""quick_super_jump"":0.9,""ink_saver_main"":0.6,""run_speed_up"":0.3,""last_ditch_effort"":true,""stealth_jump"":true}",sharp_geck,14,8,6,6,2,1054,"{""ink_saver_sub"":3.5,""special_saver"":1.3,""quick_super_jump"":0.6,""sub_resistance_up"":0.3}",liter4k,11,8,3,4,4,1213,"{""swim_speed_up"":1.9,""ink_saver_main"":1,""ink_resistance_up"":0.6,""quick_super_jump"":0.6,""sub_resistance_up"":0.6,""object_shredder"":true}",sshooter_kou,11,9,2,9,2,936,"{""swim_speed_up"":1.5,""ink_recovery_up"":1.3,""ink_saver_main"":0.3,""intensify_action"":0.3,""sub_power_up"":0.3,""ninja_squid"":true,""stealth_jump"":true}",gold,#1 Super Jump Spot,gold,#1 Popular Target,gold,Record-Score Setter,
Sizzle Season 2025,2025-06-30T08:00:00+00:00,10.0.1,bankara_challenge,asari,zatou,216,alpha,TRUE,S,,3246,,100,1a1aafff,,2691,,0,e38d24ff,,sharp_geck,5,3,2,4,2,634,"{""swim_speed_up"":3.7,""intensify_action"":1,""ninja_squid"":true}",nzap85,14,11,3,6,2,692,"{""special_charge_up"":1.3,""special_power_up"":0.6,""sub_resistance_up"":0.6,""swim_speed_up"":0.6,""quick_super_jump"":0.3,""special_saver"":0.3,""comeback"":true,""stealth_jump"":true}",variableroller,5,3,2,4,3,976,"{""ink_saver_main"":1.9,""quick_respawn"":1,""special_saver"":1,""special_power_up"":0.9,""sub_resistance_up"":0.6,""run_speed_up"":0.3}",promodeler_rg,1,1,0,6,3,944,"{""special_charge_up"":3.2,""special_power_up"":1,""swim_speed_up"":0.6,""ink_recovery_up"":0.3,""quick_respawn"":0.3,""special_saver"":0.3}",52gal,9,7,2,5,2,839,"{""sub_power_up"":1.6,""quick_respawn"":1,""ink_saver_main"":0.6,""intensify_action"":0.6,""ink_saver_sub"":0.3,""opening_gambit"":true}",sshooter,9,7,2,5,2,765,"{""ink_saver_main"":2,""swim_speed_up"":1.3,""ink_recovery_up"":0.6,""run_speed_up"":0.6,""special_charge_up"":0.6,""special_power_up"":0.3}",hokusai_hue,5,4,1,4,2,557,"{""special_charge_up"":1.6,""special_power_up"":1,""ink_recovery_up"":0.3,""ink_resistance_up"":0.3,""ink_saver_main"":0.3,""ink_saver_sub"":0.3,""quick_respawn"":0.3,""special_saver"":0.3,""sub_resistance_up"":0.3,""comeback"":true}",carbon_deco,3,2,1,4,2,530,"{""special_charge_up"":2.5,""swim_speed_up"":1.6,""quick_super_jump"":0.3,""special_saver"":0.3,""ninja_squid"":true}",silver,#1 Ground Traveler,silver,#1 Ink Consumer,gold,#1 Score Booster,
Sizzle Season 2025,2025-06-30T08:00:00+00:00,10.0.1,bankara_open,area,hirame,104,bravo,TRUE,S+ 18,,1863,,0,1ec0adff,,2011,,100,d74b31ff,,lact450_milk,2,1,1,3,3,617,"{""special_charge_up"":1,""sub_power_up"":0.9,""ink_saver_sub"":0.6,""ink_resistance_up"":0.3,""quick_super_jump"":0.3,""special_saver"":0.3,""swim_speed_up"":0.3,""comeback"":true,""stealth_jump"":true}",promodeler_mg,3,2,1,4,3,605,"{""special_power_up"":3.8,""special_charge_up"":1.3,""special_saver"":0.6}",splatcharger_frst,1,0,1,4,1,269,"{""special_charge_up"":1.6,""ink_saver_main"":0.6,""quick_super_jump"":0.6,""ink_recovery_up"":0.3,""special_saver"":0.3,""swim_speed_up"":0.3,""object_shredder"":true,""tenacity"":true}",furuido,0,0,0,4,2,372,"{""ink_saver_main"":1,""quick_super_jump"":0.6,""sub_power_up"":0.6,""sub_resistance_up"":0.6,""ink_saver_sub"":0.3,""special_charge_up"":0.3,""swim_speed_up"":0.3,""object_shredder"":true,""thermal_ink"":true}",rpen_5h,8,2,6,0,2,554,"{""special_charge_up"":1.9,""special_power_up"":1,""ink_resistance_up"":0.6,""ink_saver_main"":0.6,""quick_super_jump"":0.3,""special_saver"":0.3,""stealth_jump"":true}",nova_neo,8,8,0,1,1,408,"{""quick_respawn"":2.2,""swim_speed_up"":0.6,""ink_recovery_up"":0.3,""quick_super_jump"":0.3,""special_saver"":0.3,""comeback"":true,""stealth_jump"":true}",furuido,4,3,1,0,2,670,"{""ink_saver_main"":2.5,""swim_speed_up"":1,""ink_recovery_up"":0.9,""quick_super_jump"":0.3,""object_shredder"":true}",jimuwiper,3,2,1,2,1,379,"{""quick_respawn"":1.6,""special_power_up"":0.6,""ink_resistance_up"":0.3,""quick_super_jump"":0.3,""special_saver"":0.3,""sub_power_up"":0.3,""sub_resistance_up"":0.3,""comeback"":true,""stealth_jump"":true}",gold,#1 Splat Assister,gold,#1 Turf Inker,gold,#1 Splat Zone Inker,
Sizzle Season 2025,2025-06-30T08:00:00+00:00,10.0.1,bankara_open,area,ryugu,352,alpha,FALSE,,,5898,,75,a0c937ff,,5638,,68,ba30b0ff,,lact450_milk,10,5,5,6,6,1650,"{""ink_saver_sub"":1,""special_charge_up"":1,""swim_speed_up"":0.9,""ink_saver_main"":0.6,""ink_resistance_up"":0.3,""quick_super_jump"":0.3,""run_speed_up"":0.3,""special_power_up"":0.3,""stealth_jump"":true}",nzap85,20,10,10,7,5,1509,"{""ink_saver_main"":1.6,""intensify_action"":1.3,""swim_speed_up"":1,""ink_resistance_up"":0.6,""ink_recovery_up"":0.3,""ink_saver_sub"":0.3,""special_charge_up"":0.3,""sub_resistance_up"":0.3}",nzap89,8,6,2,9,6,1726,"{""swim_speed_up"":3.2,""run_speed_up"":1.3,""ink_resistance_up"":0.9,""ink_saver_main"":0.3}",rapid_deco,11,6,5,8,3,1013,"{""intensify_action"":4.5,""sub_power_up"":0.9,""ink_resistance_up"":0.3}",sshooter_collabo,10,8,2,12,8,1789,"{""special_charge_up"":1.9,""quick_respawn"":1,""ink_resistance_up"":0.3,""ink_saver_main"":0.3,""intensify_action"":0.3,""quick_super_jump"":0.3,""run_speed_up"":0.3,""sub_power_up"":0.3,""stealth_jump"":true}",prime_collabo,11,9,2,6,7,1572,"{""swim_speed_up"":1,""intensify_action"":0.6,""ink_recovery_up"":0.3,""ink_resistance_up"":0.3,""run_speed_up"":0.3,""special_saver"":0.3,""sub_resistance_up"":0.3,""last_ditch_effort"":true,""stealth_jump"":true}",sblast91,10,10,0,6,5,1243,"{""sub_power_up"":1.3,""ink_saver_main"":1,""ink_saver_sub"":1,""intensify_action"":0.3}",squiclean_a,8,3,5,4,4,1034,"{""sub_resistance_up"":1.6,""ink_saver_main"":1,""swim_speed_up"":1,""quick_super_jump"":0.9,""ink_resistance_up"":0.3}",gold,#1 Super Jump Spot,gold,#1 Popular Target,gold,#1 Splat Zone Inker,
Sizzle Season 2025,2025-06-30T08:00:00+00:00,10.0.1,bankara_open,area,hirame,302,alpha,FALSE,S+ 18,,4445,,55,2cb721ff,,4433,,38,c12d74ff,,lact450_milk,18,10,8,7,6,1585,"{""special_charge_up"":1,""sub_power_up"":0.9,""ink_saver_sub"":0.6,""ink_resistance_up"":0.3,""quick_super_jump"":0.3,""special_saver"":0.3,""swim_speed_up"":0.3,""comeback"":true,""stealth_jump"":true}",liter4k_custom,7,7,0,4,3,938,"{""swim_speed_up"":1.6,""quick_super_jump"":1.3,""special_power_up"":1,""sub_power_up"":0.6,""special_charge_up"":0.3,""sub_resistance_up"":0.3}",quadhopper_black,11,9,2,8,2,967,"{""swim_speed_up"":1,""intensify_action"":0.9,""quick_super_jump"":0.9,""ink_saver_sub"":0.3,""special_charge_up"":0.3,""sub_resistance_up"":0.3,""comeback"":true,""stealth_jump"":true}",dentalwiper_mint,10,9,1,7,3,955,"{""swim_speed_up"":1.6,""ink_recovery_up"":0.6,""quick_respawn"":0.6,""quick_super_jump"":0.6,""ink_resistance_up"":0.3,""haunt"":true,""stealth_jump"":true}",wideroller_waku,12,11,1,8,5,1248,"{""special_charge_up"":3.8,""special_power_up"":1.9}",hokusai,14,10,4,9,6,1242,"{""quick_respawn"":0.9,""quick_super_jump"":0.6,""swim_speed_up"":0.6,""ink_resistance_up"":0.3,""ink_saver_sub"":0.3,""comeback"":true,""ninja_squid"":true,""stealth_jump"":true}",dynamo,7,5,2,11,3,959,"{""quick_respawn"":1.8,""ink_saver_main"":1,""special_charge_up"":0.6,""quick_super_jump"":0.3,""comeback"":true,""stealth_jump"":true}",hydra,1,0,1,7,5,984,"{""swim_speed_up"":2.2,""special_charge_up"":1.9,""ink_saver_main"":0.3,""sub_power_up"":0.3,""object_shredder"":true}",gold,#1 Overall Splatter,gold,#1 Splat Zone Guard,gold,#1 Splat Zone Inker,
Sizzle Season 2025,2025-06-30T08:00:00+00:00,10.0.1,bankara_challenge,asari,zatou,312,alpha,FALSE,S,,3815,,88,cd510aff,,3810,,43,6e04b6ff,,sharp_geck,12,6,6,8,2,925,"{""swim_speed_up"":3.7,""intensify_action"":1,""ninja_squid"":true}",nzap85,15,12,3,13,2,1040,"{""special_charge_up"":1.3,""special_power_up"":0.6,""sub_resistance_up"":0.6,""swim_speed_up"":0.6,""quick_super_jump"":0.3,""special_saver"":0.3,""comeback"":true,""stealth_jump"":true}",splatspinner_pytn,10,7,3,6,6,1249,"{""special_charge_up"":2.2,""sub_power_up"":2,""ink_resistance_up"":0.3,""intensify_action"":0.3,""quick_super_jump"":0.3,""run_speed_up"":0.3,""sub_resistance_up"":0.3}",hokusai,10,8,2,8,0,601,"{""swim_speed_up"":1.9,""sub_power_up"":1.3,""intensify_action"":0.6,""quick_respawn"":0.3,""quick_super_jump"":0.3,""special_charge_up"":0.3,""ninja_squid"":true}",hokusai_hue,23,21,2,5,3,820,"{""swim_speed_up"":1,""quick_super_jump"":0.6,""sub_power_up"":0.6,""ink_recovery_up"":0.3,""ink_resistance_up"":0.3,""quick_respawn"":0.3,""run_speed_up"":0.3,""special_charge_up"":0.3,""tenacity"":true,""thermal_ink"":true}",bold_neo,9,9,0,11,7,1197,"{""special_saver"":1.9,""swim_speed_up"":1.9,""special_charge_up"":0.9,""ninja_squid"":true}",nzap85,4,1,3,10,1,724,"{""special_power_up"":1.3,""quick_respawn"":1,""intensify_action"":0.9,""quick_super_jump"":0.3,""run_speed_up"":0.3,""sub_power_up"":0.3,""ninja_squid"":true}",fincent_hue,5,4,1,7,4,1069,"{""swim_speed_up"":1.9,""special_saver"":1.6,""special_charge_up"":0.9,""quick_super_jump"":0.3,""stealth_jump"":true}",gold,#1 Splat Assister,gold,#1 Score Booster,gold,#1 Clam Carrier,
Sizzle Season 2025,2025-06-30T08:00:00+00:00,10.0.1,bankara_open,area,ryugu,143,alpha,TRUE,,,2676,,100,1bbfabff,,2498,,0,c43a6eff,,lact450_milk,7,5,2,1,4,820,"{""ink_saver_sub"":1.6,""special_charge_up"":1.6,""special_power_up"":1.3,""ink_saver_main"":0.9,""sub_power_up"":0.3}",dynamo_mei,9,6,3,1,3,625,"{""ink_saver_main"":3.6,""quick_respawn"":0.6,""ink_saver_sub"":0.3,""intensify_action"":0.3,""special_power_up"":0.3}",momiji,3,3,0,1,3,717,"{""ink_saver_sub"":2,""special_charge_up"":1,""ink_recovery_up"":0.9,""swim_speed_up"":0.9,""sub_power_up"":0.6,""special_saver"":0.3}",sshooter_kou,3,2,1,4,2,514,"{""special_power_up"":4.2,""run_speed_up"":0.3,""special_saver"":0.3}",wakaba,1,1,0,3,3,848,"{""sub_power_up"":1.3,""swim_speed_up"":1,""ink_saver_sub"":0.9,""special_charge_up"":0.6,""ink_recovery_up"":0.3,""ink_resistance_up"":0.3,""sub_resistance_up"":0.3,""last_ditch_effort"":true}",splatcharger_frst,5,5,0,4,1,514,"{""ink_recovery_up"":0.6,""ink_resistance_up"":0.6,""intensify_action"":0.3,""quick_respawn"":0.3,""quick_super_jump"":0.3,""run_speed_up"":0.3,""sub_resistance_up"":0.3,""comeback"":true,""haunt"":true,""stealth_jump"":true}",liter4k,2,0,2,3,2,413,"{""ink_recovery_up"":3.9}",promodeler_mg,1,1,0,6,2,723,"{""special_power_up"":4.1,""ink_saver_sub"":1.3,""quick_respawn"":0.3}",gold,#1 Super Jump Spot,gold,#1 Turf Inker,gold,#1 Splat Zone Guard,
Sizzle Season 2025,2025-06-30T08:00:00+00:00,10.0.1,bankara_open,area,ryugu,178,bravo,TRUE,S+ 18,,3390,,0,cfb121ff,,3053,,100,9025c6ff,,lact450_milk,5,4,1,5,3,894,"{""special_charge_up"":1,""sub_power_up"":0.9,""ink_saver_sub"":0.6,""ink_resistance_up"":0.3,""quick_super_jump"":0.3,""special_saver"":0.3,""swim_speed_up"":0.3,""comeback"":true,""stealth_jump"":true}",promodeler_rg,4,4,0,6,5,1249,"{""special_power_up"":1.3,""special_charge_up"":1,""swim_speed_up"":1,""ink_recovery_up"":0.6,""ink_saver_sub"":0.6,""quick_super_jump"":0.6,""ink_resistance_up"":0.3,""sub_resistance_up"":0.3}",fincent_hue,3,2,1,6,1,679,"{""swim_speed_up"":5.7}",hydra_atsu,3,3,0,6,2,568,"{""run_speed_up"":1.6,""swim_speed_up"":1,""ink_resistance_up"":0.9,""ink_saver_sub"":0.6,""intensify_action"":0.6,""object_shredder"":true}",bucketslosher,10,10,0,2,4,1147,"{""quick_respawn"":1,""quick_super_jump"":0.6,""swim_speed_up"":0.6,""ink_resistance_up"":0.3,""ink_saver_sub"":0.3,""special_saver"":0.3,""sub_power_up"":0.3,""sub_resistance_up"":0.3,""comeback"":true,""stealth_jump"":true}",longblaster,6,2,4,4,1,621,"{""intensify_action"":1.6,""ink_resistance_up"":0.3,""quick_super_jump"":0.3,""special_charge_up"":0.3,""sub_resistance_up"":0.3,""swim_speed_up"":0.3,""comeback"":true,""stealth_jump"":true}",splatroller,9,7,2,3,2,617,"{""quick_respawn"":2,""quick_super_jump"":1.2,""ink_saver_sub"":0.6,""swim_speed_up"":0.6,""ink_recovery_up"":0.3,""stealth_jump"":true}",order_roller_replica,6,4,2,4,2,668,"{""swim_speed_up"":1.6,""quick_super_jump"":0.9,""ink_resistance_up"":0.6,""ink_saver_sub"":0.6,""ninja_squid"":true,""stealth_jump"":true}",gold,#1 Overall Splatter,gold,#1 Enemy Splatter,gold,#1 Splat Zone Guard,
Sizzle Season 2025,2025-06-30T08:00:00+00:00,10.0.1,bankara_open,area,hirame,266,alpha,TRUE,,,3750,,100,1ec0adff,,3356,,0,d74b31ff,,furuido,7,5,2,7,1,719,"{""swim_speed_up"":1.6,""sub_power_up"":1,""ink_saver_sub"":0.6,""quick_respawn"":0.6,""ink_saver_main"":0.3,""intensify_action"":0.3,""quick_super_jump"":0.3,""stealth_jump"":true}",52gal,8,8,0,9,1,871,"{""ink_saver_sub"":1.6,""swim_speed_up"":1.3,""special_charge_up"":1,""ink_recovery_up"":0.6,""ink_saver_main"":0.6,""sub_resistance_up"":0.6}",fincent_hue,7,5,2,3,3,925,"{""ink_saver_main"":2.5,""ink_recovery_up"":2.2,""ninja_squid"":true}",moprin,6,5,1,6,4,1235,"{""special_power_up"":3.3,""ink_resistance_up"":0.3,""ink_saver_main"":0.3,""ink_saver_sub"":0.3,""quick_respawn"":0.3,""run_speed_up"":0.3,""special_saver"":0.3,""sub_power_up"":0.3,""sub_resistance_up"":0.3}",hydra_atsu,10,9,1,3,4,1043,"{""run_speed_up"":2.2,""swim_speed_up"":1.6,""ink_resistance_up"":0.6,""special_saver"":0.3,""thermal_ink"":true}",liter4k,8,7,1,3,5,1041,"{""swim_speed_up"":1.6,""ink_saver_main"":1.3,""intensify_action"":1,""run_speed_up"":0.6,""special_saver"":0.6,""ink_saver_sub"":0.3,""special_charge_up"":0.3}",splatroller_collabo,8,7,1,9,2,572,"{""ink_saver_main"":1.9,""sub_power_up"":1.9,""swim_speed_up"":1.6,""ink_resistance_up"":0.3}",fincent_brnz,2,2,0,8,2,700,"{""ink_saver_main"":1.3,""intensify_action"":0.6,""sub_resistance_up"":0.6,""ink_resistance_up"":0.3,""ink_saver_sub"":0.3,""special_charge_up"":0.3,""special_power_up"":0.3,""comeback"":true,""stealth_jump"":true}",gold,#1 Splat Assister,silver,#2 Overall Splatter,gold,#1 Splat Zone Guard,
Sizzle Season 2025,2025-06-30T08:00:00+00:00,10.0.1,bankara_open,area,ryugu,293,alpha,TRUE,S+ 18,,5403,,100,343bc4ff,,5077,,0,df6624ff,,lact450_milk,8,6,2,4,9,2043,"{""special_charge_up"":1,""sub_power_up"":0.9,""ink_saver_sub"":0.6,""ink_resistance_up"":0.3,""quick_super_jump"":0.3,""special_saver"":0.3,""swim_speed_up"":0.3,""comeback"":true,""stealth_jump"":true}",dynamo,15,12,3,7,4,1250,"{""quick_respawn"":1.3,""swim_speed_up"":0.9,""quick_super_jump"":0.6,""sub_resistance_up"":0.6,""ink_saver_main"":0.3,""comeback"":true,""stealth_jump"":true}",hokusai_sui,11,8,3,5,4,1024,"{""quick_respawn"":2.9,""quick_super_jump"":0.6,""special_power_up"":0.6,""special_saver"":0.3,""swim_speed_up"":0.3,""stealth_jump"":true}",tristringer_tou,3,2,1,3,5,1086,"{""special_power_up"":2.5,""special_charge_up"":1,""special_saver"":0.6,""ink_recovery_up"":0.3,""quick_super_jump"":0.3,""drop_roller"":true}",sshooter,9,9,0,7,4,1319,"{""special_charge_up"":2,""swim_speed_up"":1.2,""ink_resistance_up"":0.3,""intensify_action"":0.3,""quick_super_jump"":0.3,""special_saver"":0.3,""sub_resistance_up"":0.3,""stealth_jump"":true}",wakaba,4,4,0,3,6,1900,"{""ink_saver_sub"":2.6,""ink_recovery_up"":0.6,""special_charge_up"":0.6,""sub_power_up"":0.6,""quick_super_jump"":0.3,""last_ditch_effort"":true}",splatcharger_frst,3,2,1,5,4,907,"{""swim_speed_up"":2.3,""quick_respawn"":0.6,""special_saver"":0.6,""ink_resistance_up"":0.3,""ink_saver_sub"":0.3,""quick_super_jump"":0.3,""sub_resistance_up"":0.3,""object_shredder"":true}",hokusai_hue,4,4,0,13,2,951,"{""ink_saver_main"":1.6,""quick_respawn"":1.3,""special_charge_up"":1,""ink_saver_sub"":0.9,""ink_resistance_up"":0.3,""quick_super_jump"":0.3,""swim_speed_up"":0.3}",gold,#1 Popular Target,gold,#1 Turf Inker,gold,#1 Splat Zone Inker,
Sizzle Season 2025,2025-06-30T08:00:00+00:00,10.0.1,bankara_challenge,asari,zatou,231,alpha,TRUE,S,,3476,,100,bfcd41ff,,3399,,0,6325cdff,,sharp_geck,6,4,2,5,1,801,"{""swim_speed_up"":3.7,""intensify_action"":1,""ninja_squid"":true}",52gal,12,9,3,3,3,1046,"{""intensify_action"":1.3,""quick_super_jump"":0.9,""ink_saver_main"":0.3,""ink_saver_sub"":0.3,""special_charge_up"":0.3,""comeback"":true,""stealth_jump"":true}",jimuwiper_fuu,5,5,0,4,2,828,"{""quick_respawn"":1.6,""ink_saver_sub"":1.3,""swim_speed_up"":0.9,""ink_recovery_up"":0.3,""ink_saver_main"":0.3,""quick_super_jump"":0.3,""ninja_squid"":true}",bold,6,6,0,7,1,801,"{""special_charge_up"":2.8,""quick_respawn"":1.9,""last_ditch_effort"":true}",maneuver_collabo,6,5,1,5,2,956,"{""swim_speed_up"":3.8,""special_charge_up"":1.6,""run_speed_up"":0.3}",bold,5,5,0,7,3,934,"{""swim_speed_up"":3.2,""intensify_action"":0.3,""special_saver"":0.3,""sub_power_up"":0.3,""ninja_squid"":true}",splatroller,5,5,0,5,1,617,"{""ink_saver_main"":2.3,""swim_speed_up"":1.3,""run_speed_up"":0.6,""special_charge_up"":0.6,""intensify_action"":0.3,""special_saver"":0.3,""sub_power_up"":0.3}",variableroller,4,4,0,7,3,892,"{""swim_speed_up"":1.6,""sub_power_up"":1,""quick_respawn"":0.6,""ink_recovery_up"":0.3,""ink_saver_main"":0.3,""ink_saver_sub"":0.3,""run_speed_up"":0.3,""special_power_up"":0.3,""drop_roller"":true}",silver,#1 Ground Traveler,gold,#1 Score Booster,gold,#1 Clam Carrier,
Sizzle Season 2025,2025-06-30T08:00:00+00:00,10.0.1,bankara_open,area,hirame,97,alpha,TRUE,,,1781,,100,2cb721ff,,1654,,0,c12d74ff,,furuido,5,4,1,0,1,564,"{""swim_speed_up"":1.6,""sub_power_up"":1,""ink_saver_sub"":0.6,""quick_respawn"":0.6,""ink_saver_main"":0.3,""intensify_action"":0.3,""quick_super_jump"":0.3,""stealth_jump"":true}",order_roller_replica,9,6,3,1,1,373,"{""ink_recovery_up"":1,""intensify_action"":1,""swim_speed_up"":1,""ink_resistance_up"":0.9,""sub_resistance_up"":0.9,""run_speed_up"":0.3,""special_saver"":0.3}",furo,4,2,2,2,1,522,"{""ink_saver_sub"":2.6,""sub_power_up"":1.2,""ink_saver_main"":0.6,""swim_speed_up"":0.3,""ninja_squid"":true}",dualsweeper,3,2,1,1,1,322,"{""quick_respawn"":1.9,""intensify_action"":0.6,""quick_super_jump"":0.6,""swim_speed_up"":0.6,""comeback"":true,""stealth_jump"":true}",96gal_sou,3,2,1,3,1,409,"{""ink_saver_sub"":1.6,""swim_speed_up"":1.2,""ink_recovery_up"":1,""intensify_action"":1,""sub_power_up"":0.6,""special_power_up"":0.3}",promodeler_sai,0,0,0,4,1,562,"{""ink_saver_sub"":3.8,""ink_recovery_up"":1.9}",furuido_custom,2,2,0,2,2,462,"{""ink_recovery_up"":2.9,""ink_saver_main"":1.6,""special_charge_up"":0.6,""sub_resistance_up"":0.3,""swim_speed_up"":0.3}",kelvin525,1,0,1,5,1,221,"{""ink_saver_main"":3.8,""quick_respawn"":1.9}",gold,#1 Super Jump Spot,gold,#1 Turf Inker,gold,#1 Splat Zone Inker,
Sizzle Season 2025,2025-06-30T08:00:00+00:00,10.0.1,bankara_open,area,ryugu,300,alpha,FALSE,,,4754,,60,c43a6eff,,4526,,44,1bbfabff,,96gal_sou,9,7,2,4,4,1212,"{""special_power_up"":1.2,""run_speed_up"":1,""ink_recovery_up"":0.3,""ink_resistance_up"":0.3,""quick_super_jump"":0.3,""sub_power_up"":0.3,""swim_speed_up"":0.3,""stealth_jump"":true,""thermal_ink"":true}",brella24mk2,10,4,6,6,3,1271,"{""ink_recovery_up"":1.9,""ink_saver_sub"":1.6,""ink_saver_main"":0.9,""run_speed_up"":0.3,""comeback"":true}",hotblaster_custom,11,8,3,12,1,554,"{""ink_recovery_up"":1.9,""ink_saver_main"":1.9,""quick_respawn"":1.9}",momiji,8,6,2,6,7,1717,"{""swim_speed_up"":1.2,""ink_saver_sub"":1,""special_charge_up"":1,""ink_recovery_up"":0.6,""ink_resistance_up"":0.3,""intensify_action"":0.3,""sub_resistance_up"":0.3,""stealth_jump"":true}",hokusai,13,13,0,7,5,1228,"{""swim_speed_up"":1.9,""quick_respawn"":0.9,""quick_super_jump"":0.9,""comeback"":true,""stealth_jump"":true}",96gal_sou,7,3,4,5,4,1113,"{""ink_saver_sub"":1.6,""swim_speed_up"":1.2,""ink_recovery_up"":1,""intensify_action"":1,""sub_power_up"":0.6,""special_power_up"":0.3}",splatroller,7,5,2,7,4,1114,"{""ink_saver_sub"":1.9,""ink_saver_main"":1.6,""special_charge_up"":1.6,""quick_super_jump"":0.3,""sub_resistance_up"":0.3}",jimuwiper,8,7,1,6,4,1071,"{""quick_respawn"":2.9,""quick_super_jump"":0.6,""special_saver"":0.6,""ink_resistance_up"":0.3,""sub_resistance_up"":0.3,""stealth_jump"":true}",silver,#1 Splat Zone Hero,silver,First Splat!,silver,#1 Tacticooler User,
Sizzle Season 2025,2025-06-30T08:00:00+00:00,10.0.1,bankara_challenge,asari,kajiki,302,bravo,FALSE,S,,3885,,50,1ec0adff,,3845,,77,d74b31ff,,sharp_geck,10,7,3,8,1,1185,"{""swim_speed_up"":3.7,""intensify_action"":1,""ninja_squid"":true}",hotblaster_custom,14,10,4,8,3,930,"{""swim_speed_up"":3.5,""ink_resistance_up"":0.3,""ink_saver_sub"":0.3,""sub_power_up"":0.3,""sub_resistance_up"":0.3,""ninja_squid"":true}",pablo_hue,10,8,2,9,2,680,"{""ink_recovery_up"":1.3,""ink_saver_main"":1,""intensify_action"":1,""special_charge_up"":0.6,""special_saver"":0.6,""sub_resistance_up"":0.6,""ink_resistance_up"":0.3,""sub_power_up"":0.3}",52gal,8,7,1,9,3,1090,"{""swim_speed_up"":1.3,""ink_resistance_up"":1,""run_speed_up"":1,""ink_saver_main"":0.3,""ink_saver_sub"":0.3}",fincent,18,17,1,8,3,1003,"{""ink_saver_main"":2.6,""quick_super_jump"":1.3,""special_charge_up"":0.6,""special_saver"":0.3,""sub_power_up"":0.3,""sub_resistance_up"":0.3,""swim_speed_up"":0.3}",furo,9,5,4,7,5,1541,"{""run_speed_up"":1.9,""ink_saver_main"":0.9,""special_charge_up"":0.3,""sub_power_up"":0.3,""ninja_squid"":true,""tenacity"":true}",hotblaster_en,8,6,2,10,2,685,"{""swim_speed_up"":5.7}",carbon_deco,8,6,2,8,2,616,"{""intensify_action"":1.3,""sub_resistance_up"":1,""ink_saver_sub"":0.3,""run_speed_up"":0.3,""special_charge_up"":0.3,""special_power_up"":0.3,""swim_speed_up"":0.3,""thermal_ink"":true}",gold,#1 Turf Inker,gold,#1 Score Booster,gold,#1 Clam Carrier,
Sizzle Season 2025,2025-06-30T08:00:00+00:00,10.0.1,bankara_challenge,asari,kajiki,320,bravo,FALSE,S,,3755,,43,1bbfabff,,3859,,72,c43a6eff,,sharp_geck,9,6,3,9,3,1305,"{""swim_speed_up"":3.7,""intensify_action"":1,""ninja_squid"":true}",fincent_brnz,10,10,0,15,1,920,"{""quick_super_jump"":1,""sub_resistance_up"":0.6,""ink_resistance_up"":0.3,""intensify_action"":0.3,""run_speed_up"":0.3,""special_charge_up"":0.3,""special_power_up"":0.3,""sub_power_up"":0.3,""swim_speed_up"":0.3,""respawn_punisher"":true,""stealth_jump"":true}",pablo_hue,5,3,2,12,1,711,"{""ink_recovery_up"":1.3,""ink_saver_main"":1,""intensify_action"":1,""special_charge_up"":0.6,""special_saver"":0.6,""sub_resistance_up"":0.6,""ink_resistance_up"":0.3,""sub_power_up"":0.3}",parashelter_sorella,5,5,0,8,0,819,"{""ink_recovery_up"":2,""ink_saver_main"":1.2,""quick_respawn"":1,""sub_resistance_up"":0.6,""quick_super_jump"":0.3,""special_power_up"":0.3,""swim_speed_up"":0.3}",order_shooter_replica,19,17,2,5,5,1432,"{""swim_speed_up"":0.9,""ink_recovery_up"":0.6,""ink_resistance_up"":0.6,""quick_super_jump"":0.3,""special_charge_up"":0.3,""ninja_squid"":true,""stealth_jump"":true,""tenacity"":true}",hokusai_sui,15,9,6,4,0,812,"{""quick_super_jump"":2,""special_saver"":0.6,""ink_resistance_up"":0.3,""ink_saver_sub"":0.3,""quick_respawn"":0.3,""sub_power_up"":0.3,""sub_resistance_up"":0.3,""haunt"":true}",52gal,11,8,3,7,2,768,"{""swim_speed_up"":1.3,""ink_resistance_up"":1,""run_speed_up"":1,""ink_saver_main"":0.3,""ink_saver_sub"":0.3}",sputtery_hue,10,9,1,8,2,847,"{""ink_saver_main"":1.6,""special_saver"":1.6,""quick_respawn"":0.9,""ink_recovery_up"":0.6,""ninja_squid"":true}",gold,#1 Splat Assister,gold,#1 Turf Inker,gold,#1 Score Booster,
Sizzle Season 2025,2025-06-30T08:00:00+00:00,10.0.1,bankara_open,area,ryugu,323,alpha,FALSE,,,5309,,63,cd510aff,,4898,,62,6e04b6ff,,96gal_sou,13,6,7,7,4,1227,"{""special_power_up"":1.2,""run_speed_up"":1,""ink_recovery_up"":0.3,""ink_resistance_up"":0.3,""quick_super_jump"":0.3,""sub_power_up"":0.3,""swim_speed_up"":0.3,""stealth_jump"":true,""thermal_ink"":true}",dynamo_mei,12,11,1,8,7,1721,"{""ink_saver_main"":3.1,""ink_saver_sub"":1.6,""ink_recovery_up"":1}",sshooter,5,4,1,7,6,1206,"{""swim_speed_up"":1.3,""intensify_action"":1.2,""quick_super_jump"":0.6,""run_speed_up"":0.3,""special_charge_up"":0.3,""comeback"":true,""stealth_jump"":true}",52gal,9,9,0,11,4,1155,"{""ink_saver_sub"":1.6,""swim_speed_up"":1.3,""special_charge_up"":1,""ink_recovery_up"":0.6,""ink_saver_main"":0.6,""sub_resistance_up"":0.6}",furo,8,5,3,5,7,1955,"{""ink_recovery_up"":0.9,""swim_speed_up"":0.9,""ink_saver_main"":0.6,""quick_super_jump"":0.3,""object_shredder"":true,""tenacity"":true,""thermal_ink"":true}",hokusai,13,12,1,9,2,756,"{""ink_saver_main"":1,""swim_speed_up"":1,""quick_super_jump"":0.6,""sub_power_up"":0.6,""ink_saver_sub"":0.3,""quick_respawn"":0.3,""run_speed_up"":0.3,""special_power_up"":0.3,""special_saver"":0.3,""drop_roller"":true}",lact450_deco,12,8,4,9,4,1194,"{""special_charge_up"":1.3,""ink_saver_main"":0.9,""quick_respawn"":0.9,""ink_recovery_up"":0.3,""sub_power_up"":0.3,""comeback"":true,""haunt"":true}",liter4k,10,8,2,7,3,993,"{""ink_saver_main"":3.5,""ink_recovery_up"":1.9}",gold,#1 Overall Splatter,gold,#1 Splat Assister,gold,#1 Splat Zone Guard,
Sizzle Season 2025,2025-06-30T08:00:00+00:00,10.0.1,bankara_open,area,hirame,309,bravo,FALSE,S+ 18,,4746,,41,9025c6ff,,4559,,99,cfb121ff,,lact450_milk,10,7,3,10,7,1505,"{""special_charge_up"":1,""sub_power_up"":0.9,""ink_saver_sub"":0.6,""ink_resistance_up"":0.3,""quick_super_jump"":0.3,""special_saver"":0.3,""swim_speed_up"":0.3,""comeback"":true,""stealth_jump"":true}",order_slosher_replica,13,11,2,14,2,1169,"{""quick_respawn"":1.9,""quick_super_jump"":0.6,""special_charge_up"":0.6,""swim_speed_up"":0.6,""comeback"":true,""stealth_jump"":true}",jimuwiper_hue,10,7,3,10,3,746,"{""swim_speed_up"":1.6,""quick_super_jump"":0.6,""special_saver"":0.6,""ink_recovery_up"":0.3,""ink_resistance_up"":0.3,""ink_saver_main"":0.3,""comeback"":true,""stealth_jump"":true}",explosher,9,4,5,9,5,1326,"{""ink_saver_main"":2.9,""swim_speed_up"":1.2,""quick_super_jump"":0.6,""stealth_jump"":true}",prime_collabo,16,13,3,8,4,1380,"{""swim_speed_up"":1,""intensify_action"":0.9,""ink_resistance_up"":0.6,""ink_saver_main"":0.3,""quick_super_jump"":0.3,""special_power_up"":0.3,""sub_resistance_up"":0.3,""last_ditch_effort"":true,""stealth_jump"":true}",hotblaster_custom,16,11,5,10,2,873,"{""quick_respawn"":1.6,""intensify_action"":0.6,""quick_super_jump"":0.6,""ink_resistance_up"":0.3,""special_saver"":0.3,""sub_resistance_up"":0.3,""comeback"":true,""stealth_jump"":true}",prime,14,10,4,4,5,1191,"{""swim_speed_up"":1.6,""special_charge_up"":1,""intensify_action"":0.9,""ink_resistance_up"":0.6,""quick_super_jump"":0.6,""stealth_jump"":true}",hissen_ash,13,9,4,7,3,1115,"{""ink_saver_sub"":1.3,""swim_speed_up"":1.2,""ink_recovery_up"":0.3,""ink_resistance_up"":0.3,""quick_super_jump"":0.3,""special_charge_up"":0.3,""ninja_squid"":true,""stealth_jump"":true}",gold,#1 Turf Inker,gold,#1 Splat Zone Guard,gold,#1 Splat Zone Inker,
Sizzle Season 2025,2025-06-30T08:00:00+00:00,10.0.1,bankara_open,area,hirame,261,bravo,TRUE,,,3288,,0,e38d24ff,,3536,,100,1a1aafff,,96gal_sou,9,3,6,4,4,882,"{""special_power_up"":1,""ink_resistance_up"":0.6,""special_charge_up"":0.6,""ink_recovery_up"":0.3,""ink_saver_main"":0.3,""quick_super_jump"":0.3,""swim_speed_up"":0.3,""stealth_jump"":true,""tenacity"":true}",parashelter,7,6,1,7,3,944,"{""run_speed_up"":1,""ink_resistance_up"":0.6,""quick_super_jump"":0.6,""ink_recovery_up"":0.3,""ink_saver_main"":0.3,""quick_respawn"":0.3,""sub_resistance_up"":0.3,""last_ditch_effort"":true,""stealth_jump"":true}",kelvin525,6,5,1,9,1,534,"{""swim_speed_up"":4.1,""ink_resistance_up"":0.3,""intensify_action"":0.3,""drop_roller"":true}",wakaba,6,5,1,6,3,928,"{""ink_recovery_up"":3.3,""ink_saver_main"":0.6,""sub_resistance_up"":0.6,""quick_super_jump"":0.3,""run_speed_up"":0.3,""special_power_up"":0.3,""swim_speed_up"":0.3}",dynamo,8,5,3,5,2,872,"{""ink_resistance_up"":0.6,""ink_saver_sub"":0.6,""ink_recovery_up"":0.3,""ink_saver_main"":0.3,""quick_respawn"":0.3,""special_charge_up"":0.3,""swim_speed_up"":0.3,""drop_roller"":true,""haunt"":true,""last_ditch_effort"":true}",carbon_deco,10,8,2,3,3,759,"{""ink_saver_main"":2.3,""ink_saver_sub"":0.9,""swim_speed_up"":0.9,""ink_recovery_up"":0.6,""ninja_squid"":true}",maneuver_collabo,9,6,3,7,1,887,"{""swim_speed_up"":1.3,""ink_resistance_up"":1,""special_power_up"":0.6,""sub_power_up"":0.6,""ink_saver_main"":0.3,""ink_saver_sub"":0.3,""intensify_action"":0.3,""sub_resistance_up"":0.3,""ninja_squid"":true}",sputtery_hue,7,7,0,4,3,1018,"{""quick_respawn"":2.2,""quick_super_jump"":0.9,""ink_saver_sub"":0.6,""last_ditch_effort"":true,""stealth_jump"":true}",gold,#1 Overall Splatter,gold,#1 Splat Zone Inker,gold,#1 Splat Zone Guard,
Sizzle Season 2025,2025-06-30T08:00:00+00:00,10.0.1,bankara_open,area,hirame,252,bravo,TRUE,S+ 18,,3376,,0,2cb721ff,,3884,,100,c12d74ff,,lact450_milk,3,1,2,9,4,1209,"{""special_charge_up"":1,""sub_power_up"":0.9,""ink_saver_sub"":0.6,""ink_resistance_up"":0.3,""quick_super_jump"":0.3,""special_saver"":0.3,""swim_speed_up"":0.3,""comeback"":true,""stealth_jump"":true}",sshooter_kou,10,7,3,7,3,701,"{""swim_speed_up"":1,""intensify_action"":0.9,""run_speed_up"":0.6,""sub_power_up"":0.6,""ink_saver_sub"":0.3,""sub_resistance_up"":0.3,""comeback"":true,""stealth_jump"":true}",sshooter,9,6,3,8,2,627,"{""intensify_action"":1.9,""swim_speed_up"":0.9,""special_charge_up"":0.3,""special_saver"":0.3,""sub_resistance_up"":0.3,""comeback"":true,""stealth_jump"":true}",prime_collabo,6,6,0,8,3,839,"{""swim_speed_up"":1,""intensify_action"":0.9,""quick_super_jump"":0.6,""ink_recovery_up"":0.3,""ink_resistance_up"":0.3,""ink_saver_sub"":0.3,""special_charge_up"":0.3,""last_ditch_effort"":true,""stealth_jump"":true}",screwslosher,14,12,2,2,4,1102,"{""ink_saver_main"":2.8,""ink_saver_sub"":1.9,""ninja_squid"":true}",wideroller_waku,12,10,2,9,4,1206,"{""special_power_up"":5.7}",bucketslosher,11,5,6,6,2,930,"{""quick_super_jump"":0.6,""special_saver"":0.6,""swim_speed_up"":0.6,""ink_resistance_up"":0.3,""ink_saver_sub"":0.3,""sub_resistance_up"":0.3,""comeback"":true,""haunt"":true,""stealth_jump"":true}",liter4k,5,5,0,3,2,646,"{""swim_speed_up"":1.6,""ink_saver_main"":0.6,""intensify_action"":0.6,""ink_resistance_up"":0.3,""quick_super_jump"":0.3,""special_saver"":0.3,""last_ditch_effort"":true,""object_shredder"":true}",silver,#1 Ink Consumer,gold,#1 Turf Inker,silver,#1 Booyah Bomb User,
Sizzle Season 2025,2025-06-30T08:00:00+00:00,10.0.1,bankara_open,area,hirame,308,bravo,FALSE,,,4779,,33,ba30b0ff,,5076,,81,a0c937ff,,96gal_sou,7,4,3,4,6,999,"{""special_power_up"":1,""ink_resistance_up"":0.6,""special_charge_up"":0.6,""ink_recovery_up"":0.3,""ink_saver_main"":0.3,""quick_super_jump"":0.3,""swim_speed_up"":0.3,""stealth_jump"":true,""tenacity"":true}",dualsweeper_tei,13,7,6,6,4,1197,"{""swim_speed_up"":1.3,""sub_resistance_up"":0.6,""ink_recovery_up"":0.3,""ink_saver_sub"":0.3,""intensify_action"":0.3,""quick_super_jump"":0.3,""special_charge_up"":0.3,""sub_power_up"":0.3,""respawn_punisher"":true,""stealth_jump"":true}",furo,12,7,5,6,7,1855,"{""ink_saver_sub"":1.6,""sub_power_up"":1.3,""ink_saver_main"":0.9,""special_power_up"":0.9,""ninja_squid"":true}",squiclean_a,9,6,3,8,3,728,"{""ink_recovery_up"":3.2,""swim_speed_up"":1.3,""ink_saver_main"":0.3,""intensify_action"":0.3,""quick_super_jump"":0.3,""special_saver"":0.3}",prime_collabo,14,12,2,2,6,1461,"{""swim_speed_up"":1.9,""ink_recovery_up"":1.6,""run_speed_up"":0.9,""special_charge_up"":0.3,""ninja_squid"":true}",hissen_hue,8,8,0,9,2,926,"{""swim_speed_up"":2.5,""special_saver"":0.3,""sub_resistance_up"":0.3,""comeback"":true,""ninja_squid"":true}",tristringer_collabo,5,1,4,5,5,1412,"{""special_power_up"":1.3,""swim_speed_up"":1,""ink_saver_main"":0.6,""run_speed_up"":0.6,""ink_recovery_up"":0.3,""ink_resistance_up"":0.3,""special_charge_up"":0.3,""special_saver"":0.3,""thermal_ink"":true}",promodeler_sai,4,3,1,8,4,1277,"{""ink_saver_sub"":2.6,""run_speed_up"":1,""swim_speed_up"":0.9,""quick_respawn"":0.6,""quick_super_jump"":0.3,""sub_resistance_up"":0.3}",gold,#1 Super Jump Spot,silver,#1 Tacticooler User,,,
Sizzle Season 2025,2025-06-30T08:00:00+00:00,10.0.1,bankara_open,area,ryugu,321,bravo,FALSE,,,4991,,57,6e04b6ff,,4938,,58,cd510aff,,96gal_sou,6,3,3,9,4,1072,"{""special_power_up"":1,""ink_resistance_up"":0.6,""special_charge_up"":0.6,""ink_recovery_up"":0.3,""ink_saver_main"":0.3,""quick_super_jump"":0.3,""swim_speed_up"":0.3,""stealth_jump"":true,""tenacity"":true}",wakaba,13,11,2,9,5,1393,"{""ink_resistance_up"":1.3,""ink_saver_main"":1,""ink_saver_sub"":1,""special_power_up"":0.9,""ink_recovery_up"":0.3,""sub_power_up"":0.3,""swim_speed_up"":0.3}",moprin,6,4,2,10,5,1429,"{""ink_saver_main"":2.8,""ink_recovery_up"":1.6,""special_charge_up"":1,""ink_saver_sub"":0.3}",moprin_kaku,11,6,5,11,5,1097,"{""swim_speed_up"":1.9,""ink_resistance_up"":0.6,""ink_saver_main"":0.3,""quick_super_jump"":0.3,""special_power_up"":0.3,""special_saver"":0.3,""comeback"":true,""stealth_jump"":true}",carbon_angl,16,13,3,7,5,1480,"{""swim_speed_up"":1.3,""ink_recovery_up"":1,""ink_saver_sub"":0.9,""ink_resistance_up"":0.6,""quick_super_jump"":0.6,""sub_resistance_up"":0.3,""stealth_jump"":true}",sshooter,9,9,0,3,7,1675,"{""swim_speed_up"":2.5,""ink_saver_sub"":1.3,""intensify_action"":1,""quick_super_jump"":0.6,""quick_respawn"":0.3}",carbon_deco,14,10,4,7,3,724,"{""swim_speed_up"":2.8,""ink_resistance_up"":0.3,""quick_respawn"":0.3,""run_speed_up"":0.3,""ninja_squid"":true,""stealth_jump"":true}",52gal,10,7,3,7,3,1059,"{""ink_recovery_up"":2.3,""ink_resistance_up"":1,""special_charge_up"":0.6,""swim_speed_up"":0.6,""intensify_action"":0.3}",silver,#1 Damage Taker,silver,#2 Super Jump Spot,silver,#1 Tacticooler User,
Sizzle Season 2025,2025-06-30T08:00:00+00:00,10.0.1,bankara_open,area,hirame,300,bravo,FALSE,,,4126,,51,df6624ff,,4316,,72,343bc4ff,,96gal_sou,7,5,2,7,3,900,"{""special_power_up"":1,""ink_resistance_up"":0.6,""special_charge_up"":0.6,""ink_recovery_up"":0.3,""ink_saver_main"":0.3,""quick_super_jump"":0.3,""swim_speed_up"":0.3,""stealth_jump"":true,""tenacity"":true}",sshooter_kou,10,10,0,7,4,836,"{""quick_respawn"":1,""intensify_action"":0.6,""special_power_up"":0.6,""ink_saver_main"":0.3,""quick_super_jump"":0.3,""special_charge_up"":0.3,""sub_resistance_up"":0.3,""swim_speed_up"":0.3,""comeback"":true,""stealth_jump"":true}",52gal,3,3,0,7,6,1256,"{""quick_respawn"":3.2,""ink_resistance_up"":1.3,""sub_resistance_up"":0.6,""ink_saver_main"":0.3,""quick_super_jump"":0.3}",lact450_deco,5,4,1,10,3,1134,"{""quick_respawn"":2.5,""swim_speed_up"":1,""ink_saver_sub"":0.6,""ink_resistance_up"":0.3,""quick_super_jump"":0.3,""stealth_jump"":true}",hydra,16,13,3,2,5,1190,"{""swim_speed_up"":1.9,""quick_super_jump"":0.6,""ink_resistance_up"":0.3,""intensify_action"":0.3,""special_saver"":0.3,""sub_resistance_up"":0.3,""comeback"":true,""stealth_jump"":true}",parashelter,11,7,4,7,3,1134,"{""ink_saver_sub"":1.9,""ink_saver_main"":1.6,""sub_resistance_up"":0.6,""ink_resistance_up"":0.3,""quick_super_jump"":0.3,""stealth_jump"":true}",52gal,9,6,3,5,4,886,"{""swim_speed_up"":2.9,""ink_resistance_up"":0.9,""intensify_action"":0.9,""stealth_jump"":true}",moprin,5,5,0,8,3,1106,"{""ink_saver_main"":1.3,""quick_respawn"":1,""swim_speed_up"":0.9,""ink_saver_sub"":0.6,""quick_super_jump"":0.3,""special_charge_up"":0.3,""sub_resistance_up"":0.3,""ninja_squid"":true}",gold,#1 Splat Assister,silver,First Splat!,silver,#1 Tacticooler User,
Sizzle Season 2025,2025-06-30T08:00:00+00:00,10.0.1,bankara_open,area,hirame,162,bravo,TRUE,,,2810,,0,6e04b6ff,,2479,,100,cd510aff,,96gal_sou,5,1,4,4,2,483,"{""special_power_up"":1.2,""run_speed_up"":1,""ink_recovery_up"":0.3,""ink_resistance_up"":0.3,""quick_super_jump"":0.3,""sub_power_up"":0.3,""swim_speed_up"":0.3,""stealth_jump"":true,""thermal_ink"":true}",nzap89,6,5,1,3,4,910,"{""special_charge_up"":2,""swim_speed_up"":1,""ink_recovery_up"":0.9,""special_saver"":0.9,""run_speed_up"":0.3}",furo,4,2,2,3,4,954,"{""ink_saver_main"":1,""special_charge_up"":1,""swim_speed_up"":1,""ink_recovery_up"":0.9,""quick_respawn"":0.6,""ink_resistance_up"":0.3,""intensify_action"":0.3,""special_saver"":0.3,""sub_power_up"":0.3}",furuido_custom,3,2,1,5,2,463,"{""swim_speed_up"":1.9,""ink_recovery_up"":1.6,""ink_saver_main"":1,""ink_resistance_up"":0.6,""special_charge_up"":0.6}",sshooter,11,10,1,0,3,806,"{""swim_speed_up"":1.3,""intensify_action"":0.6,""quick_super_jump"":0.3,""run_speed_up"":0.3,""special_charge_up"":0.3,""sub_resistance_up"":0.3,""comeback"":true,""stealth_jump"":true}",lact450_milk,2,2,0,3,4,817,"{""special_charge_up"":4.8,""ink_recovery_up"":0.6,""sub_resistance_up"":0.3}",wideroller_waku,2,1,1,5,1,505,"{""special_charge_up"":2.6,""swim_speed_up"":0.3,""comeback"":true}",splatroller,2,2,0,2,0,351,"{""quick_respawn"":3.2,""ink_resistance_up"":1.3,""sub_resistance_up"":0.6,""ink_saver_main"":0.3,""quick_super_jump"":0.3}",silver,#1 Splat Zone Hero,gold,#1 Splat Assister,gold,#1 Splat Zone Inker,
Sizzle Season 2025,2025-06-30T08:00:00+00:00,10.0.1,bankara_open,area,ryugu,113,bravo,TRUE,,,2165,,0,e38d24ff,,2257,,100,1a1aafff,,96gal_sou,3,3,0,2,2,554,"{""run_speed_up"":1.3,""special_power_up"":1,""ink_saver_main"":0.9,""special_charge_up"":0.6,""ink_resistance_up"":0.3,""quick_super_jump"":0.3,""swim_speed_up"":0.3,""stealth_jump"":true}",variableroller,1,1,0,3,2,698,"{""special_saver"":1,""swim_speed_up"":1,""intensify_action"":0.9,""ink_resistance_up"":0.6,""run_speed_up"":0.6,""ink_saver_main"":0.3,""special_charge_up"":0.3,""comeback"":true}",prime_frzn,1,1,0,2,2,547,"{""ink_saver_main"":1.9,""special_charge_up"":1.8,""swim_speed_up"":1,""ninja_squid"":true}",sputtery_hue,1,0,1,5,1,366,"{""special_power_up"":4.8,""ink_saver_sub"":0.3,""run_speed_up"":0.3}",lact450_milk,6,4,2,0,3,865,"{""special_power_up"":2,""special_charge_up"":1.3,""ink_saver_main"":0.9,""ink_recovery_up"":0.6,""ink_resistance_up"":0.3,""quick_super_jump"":0.3,""sub_resistance_up"":0.3}",wakaba,6,3,3,1,2,638,"{""ink_saver_sub"":3.8,""sub_power_up"":0.9,""ninja_squid"":true}",hokusai_hue,5,2,3,2,1,382,"{""ink_resistance_up"":0.9,""ink_saver_main"":0.3,""quick_super_jump"":0.3,""special_charge_up"":0.3,""special_power_up"":0.3,""sub_power_up"":0.3,""swim_speed_up"":0.3,""ninja_squid"":true,""opening_gambit"":true,""stealth_jump"":true}",tristringer_tou,3,3,0,2,0,372,"{""swim_speed_up"":1.6,""ink_resistance_up"":1,""sub_power_up"":1,""ink_recovery_up"":0.9,""ink_saver_sub"":0.9,""ink_saver_main"":0.3}",silver,#1 Ground Traveler,gold,#1 Overall Splatter,gold,#1 Enemy Splatter,
Sizzle Season 2025,2025-06-30T08:00:00+00:00,10.0.1,bankara_open,area,ryugu,300,bravo,FALSE,,,5883,,39,bfcd41ff,,6330,,81,6325cdff,,lact450_milk,6,4,2,5,6,1603,"{""ink_saver_sub"":1.6,""special_charge_up"":1.6,""special_power_up"":1.3,""ink_saver_main"":0.9,""sub_power_up"":0.3}",prime_frzn,10,8,2,5,6,1581,"{""ink_saver_sub"":1.9,""ink_saver_main"":1.6,""special_charge_up"":1.6,""quick_respawn"":0.3,""swim_speed_up"":0.3}",order_stringer_replica,7,5,2,5,7,1512,"{""swim_speed_up"":1.6,""special_charge_up"":0.6,""ink_recovery_up"":0.3,""ink_resistance_up"":0.3,""quick_super_jump"":0.3,""run_speed_up"":0.3,""sub_resistance_up"":0.3,""stealth_jump"":true,""thermal_ink"":true}",52gal,6,4,2,9,6,1187,"{""quick_respawn"":1.6,""ink_saver_main"":1.3,""special_charge_up"":1,""ink_saver_sub"":0.6,""ink_resistance_up"":0.3,""special_power_up"":0.3,""sub_resistance_up"":0.3,""swim_speed_up"":0.3}",maneuver_collabo,16,15,1,8,5,1626,"{""quick_super_jump"":1.3,""ink_resistance_up"":1,""special_power_up"":0.9,""ink_saver_main"":0.3,""special_saver"":0.3,""sub_power_up"":0.3,""sub_resistance_up"":0.3,""opening_gambit"":true}",promodeler_rg,5,4,1,4,8,1853,"{""special_charge_up"":3.6,""ink_saver_main"":0.6,""ink_saver_sub"":0.6,""special_power_up"":0.6}",variableroller,5,3,2,3,6,1787,"{""ink_resistance_up"":2,""ink_saver_main"":1.9,""run_speed_up"":0.9,""special_charge_up"":0.6,""ink_recovery_up"":0.3}",fincent_brnz,2,2,0,6,5,1064,"{""special_charge_up"":1,""ink_saver_main"":0.9,""quick_super_jump"":0.6,""swim_speed_up"":0.6,""ink_resistance_up"":0.3,""special_saver"":0.3,""comeback"":true,""stealth_jump"":true}",gold,#1 Super Jump Spot,gold,#1 Turf Inker,gold,#1 Splat Assister,
Sizzle Season 2025,2025-06-30T08:00:00+00:00,10.0.1,bankara_open,area,hirame,95,bravo,TRUE,,,1380,,0,df6624ff,,1711,,100,343bc4ff,,heroshooter_replica,0,0,0,4,1,325,"{""swim_speed_up"":1.3,""intensify_action"":0.6,""quick_super_jump"":0.6,""special_saver"":0.6,""ink_resistance_up"":0.3,""sub_resistance_up"":0.3,""comeback"":true,""stealth_jump"":true}",hydra_atsu,1,1,0,3,1,400,"{""ink_saver_main"":2.2,""run_speed_up"":1,""special_power_up"":1,""special_charge_up"":0.6,""quick_respawn"":0.3,""quick_super_jump"":0.3}",nova_neo,0,0,0,3,1,279,"{""quick_respawn"":2.5,""quick_super_jump"":0.6,""ink_resistance_up"":0.3,""sub_resistance_up"":0.3,""comeback"":true,""stealth_jump"":true}",tristringer_tou,0,0,0,2,2,376,"{""special_power_up"":1.9,""ink_resistance_up"":0.3,""quick_super_jump"":0.3,""swim_speed_up"":0.3,""stealth_jump"":true,""tenacity"":true}",sblast92,6,4,2,0,1,364,"{""quick_respawn"":1.6,""quick_super_jump"":0.6,""swim_speed_up"":0.6,""ink_resistance_up"":0.3,""intensify_action"":0.3,""sub_resistance_up"":0.3,""comeback"":true,""stealth_jump"":true}",tristringer_tou,5,4,1,0,2,513,"{""special_charge_up"":3.5,""special_power_up"":1.9,""special_saver"":0.3}",campingshelter_sorella,5,3,2,1,1,323,"{""special_charge_up"":1.3,""ink_saver_main"":0.6,""quick_super_jump"":0.6,""ink_recovery_up"":0.3,""ink_resistance_up"":0.3,""special_saver"":0.3,""sub_resistance_up"":0.3,""comeback"":true,""stealth_jump"":true}",spygadget,1,1,0,0,2,511,"{""special_power_up"":1.6,""run_speed_up"":1,""ink_saver_main"":0.6,""quick_super_jump"":0.6,""sub_power_up"":0.6,""ink_resistance_up"":0.3,""stealth_jump"":true}",silver,#1 Ground Traveler,silver,#1 Splat Zone Hero,gold,#1 Splat Zone Inker,
Sizzle Season 2025,2025-06-30T08:00:00+00:00,10.0.1,bankara_open,area,ryugu,300,bravo,FALSE,,,4896,,74,1bbfabff,,5263,,95,c43a6eff,,tristringer_tou,8,6,2,6,5,1455,"{""run_speed_up"":1.3,""special_power_up"":1,""ink_saver_main"":0.9,""special_charge_up"":0.6,""ink_resistance_up"":0.3,""quick_super_jump"":0.3,""swim_speed_up"":0.3,""stealth_jump"":true}",sshooter,15,13,2,11,2,1138,"{""ink_saver_main"":1.9,""ink_saver_sub"":1.9,""special_charge_up"":1.9}",dualsweeper,5,4,1,7,5,1317,"{""ink_saver_sub"":1.6,""ink_recovery_up"":1.3,""ink_saver_main"":1,""ink_resistance_up"":0.3,""special_power_up"":0.3,""special_saver"":0.3,""sub_power_up"":0.3}",sharp,8,6,2,10,2,986,"{""ink_recovery_up"":1.9,""ink_saver_main"":1.9,""swim_speed_up"":0.9,""thermal_ink"":true}",drivewiper_rust,15,13,2,10,2,783,"{""swim_speed_up"":1.3,""ink_resistance_up"":0.3,""quick_super_jump"":0.3,""run_speed_up"":0.3,""special_power_up"":0.3,""comeback"":true,""stealth_jump"":true}",wakaba,6,3,3,4,8,1923,"{""ink_recovery_up"":1.3,""special_charge_up"":1.3,""swim_speed_up"":0.9,""ink_resistance_up"":0.3,""ink_saver_sub"":0.3,""special_power_up"":0.3,""ninja_squid"":true}",52gal,12,11,1,9,4,1327,"{""run_speed_up"":1.9,""ink_saver_main"":1.6,""ink_recovery_up"":0.3,""ink_resistance_up"":0.3,""special_power_up"":0.3,""special_saver"":0.3,""stealth_jump"":true}",sshooter,8,7,1,6,4,1230,"{""special_charge_up"":2,""ink_resistance_up"":0.9,""ink_saver_main"":0.6,""swim_speed_up"":0.6,""intensify_action"":0.3,""quick_super_jump"":0.3,""stealth_jump"":true}",gold,#1 Super Jump Spot,gold,#1 Turf Inker,gold,#1 Splat Zone Guard,
Sizzle Season 2025,2025-06-30T08:00:00+00:00,10.0.1,bankara_open,area,ryugu,106,bravo,TRUE,,,1933,,0,d0bf08ff,,1933,,100,3a0ccdff,,heroshooter_replica,1,1,0,4,2,478,"{""swim_speed_up"":1.3,""intensify_action"":0.6,""quick_super_jump"":0.6,""special_saver"":0.6,""ink_resistance_up"":0.3,""sub_resistance_up"":0.3,""comeback"":true,""stealth_jump"":true}",tristringer_tou,4,3,1,1,3,689,"{""special_power_up"":1.9,""ink_resistance_up"":0.3,""quick_super_jump"":0.3,""swim_speed_up"":0.3,""stealth_jump"":true,""tenacity"":true}",52gal,1,1,0,4,1,365,"{""swim_speed_up"":1.9,""intensify_action"":0.9,""ink_resistance_up"":0.3,""quick_super_jump"":0.3,""sub_resistance_up"":0.3,""opening_gambit"":true,""stealth_jump"":true}",nova_neo,1,1,0,3,2,401,"{""quick_respawn"":2.5,""quick_super_jump"":0.6,""ink_resistance_up"":0.3,""sub_resistance_up"":0.3,""comeback"":true,""stealth_jump"":true}",order_maneuver_replica,6,3,3,1,1,447,"{""quick_respawn"":1.6,""quick_super_jump"":0.6,""special_saver"":0.6,""ink_resistance_up"":0.3,""intensify_action"":0.3,""swim_speed_up"":0.3,""comeback"":true,""stealth_jump"":true}",hydra,5,3,2,0,2,612,"{""run_speed_up"":2.8,""swim_speed_up"":1,""intensify_action"":0.6,""quick_super_jump"":0.3,""thermal_ink"":true}",sshooter_collabo,4,3,1,2,0,380,"{""swim_speed_up"":2.3,""intensify_action"":0.9,""run_speed_up"":0.9,""quick_super_jump"":0.3,""sub_resistance_up"":0.3,""stealth_jump"":true}",jimuwiper,4,3,1,3,1,494,"{""swim_speed_up"":1,""ink_saver_main"":0.6,""special_power_up"":0.6,""sub_power_up"":0.6,""ink_recovery_up"":0.3,""ink_resistance_up"":0.3,""quick_super_jump"":0.3,""comeback"":true,""stealth_jump"":true}",gold,#1 Super Jump Spot,silver,#2 Overall Splatter,silver,First Splat!,
Sizzle Season 2025,2025-06-30T08:00:00+00:00,10.0.1,bankara_open,area,ryugu,251,alpha,TRUE,,,4228,,100,a0c937ff,,3758,,0,ba30b0ff,,heroshooter_replica,8,7,1,6,4,1195,"{""swim_speed_up"":1.3,""intensify_action"":0.6,""quick_super_jump"":0.6,""special_saver"":0.6,""ink_resistance_up"":0.3,""sub_resistance_up"":0.3,""comeback"":true,""stealth_jump"":true}",nova_neo,14,11,3,7,2,724,"{""quick_respawn"":2.5,""quick_super_jump"":0.6,""ink_resistance_up"":0.3,""sub_resistance_up"":0.3,""comeback"":true,""stealth_jump"":true}",sharp_geck,12,8,4,3,5,1110,"{""run_speed_up"":1.6,""special_charge_up"":0.9,""swim_speed_up"":0.9,""quick_super_jump"":0.3,""comeback"":true,""stealth_jump"":true}",tristringer_tou,6,3,3,2,5,1199,"{""special_power_up"":1.9,""ink_resistance_up"":0.3,""quick_super_jump"":0.3,""swim_speed_up"":0.3,""stealth_jump"":true,""tenacity"":true}",hokusai_sui,8,7,1,7,4,1068,"{""ink_saver_main"":1.9,""swim_speed_up"":1,""ink_resistance_up"":0.6,""quick_super_jump"":0.6,""special_charge_up"":0.3,""special_saver"":0.3,""stealth_jump"":true}",campingshelter_crem,2,0,2,8,1,655,"{""run_speed_up"":1.6,""swim_speed_up"":1.3,""ink_saver_main"":0.6,""quick_respawn"":0.6,""ink_recovery_up"":0.3,""ink_resistance_up"":0.3,""ninja_squid"":true}",splatroller,8,8,0,9,3,1032,"{""swim_speed_up"":2.2,""ink_saver_sub"":1.9,""ink_resistance_up"":0.6,""ninja_squid"":true}",hydra_atsu,4,3,1,5,3,1003,"{""run_speed_up"":1.3,""special_charge_up"":1,""ink_resistance_up"":0.6,""intensify_action"":0.6,""swim_speed_up"":0.6,""ink_saver_sub"":0.3,""quick_super_jump"":0.3,""stealth_jump"":true}",silver,#2 Turf Inker,silver,#2 Splat Zone Inker,silver,#1 Trizooka User,
Sizzle Season 2025,2025-06-30T08:00:00+00:00,10.0.1,bankara_open,area,hirame,199,bravo,TRUE,,,2960,,0,ba30b0ff,,2969,,100,a0c937ff,,heroshooter_replica,6,6,0,7,1,698,"{""swim_speed_up"":1.3,""intensify_action"":0.6,""quick_super_jump"":0.6,""special_saver"":0.6,""ink_resistance_up"":0.3,""sub_resistance_up"":0.3,""comeback"":true,""stealth_jump"":true}",tristringer_tou,5,3,2,5,4,810,"{""special_power_up"":1.9,""special_charge_up"":0.6,""ink_recovery_up"":0.3,""ink_resistance_up"":0.3,""drop_roller"":true,""tenacity"":true}",explosher_custom,5,4,1,7,3,935,"{""quick_respawn"":1.6,""quick_super_jump"":1.2,""special_charge_up"":0.6,""run_speed_up"":0.3,""opening_gambit"":true,""stealth_jump"":true}",nova_neo,4,4,0,7,2,517,"{""quick_respawn"":2.5,""quick_super_jump"":0.6,""ink_resistance_up"":0.3,""sub_resistance_up"":0.3,""comeback"":true,""stealth_jump"":true}",campingshelter_sorella,13,8,5,3,3,954,"{""quick_respawn"":2.2,""quick_super_jump"":0.6,""swim_speed_up"":0.6,""ink_resistance_up"":0.3,""comeback"":true,""stealth_jump"":true}",liter4k_scope,9,4,5,2,2,882,"{""ink_recovery_up"":1,""swim_speed_up"":0.9,""ink_resistance_up"":0.6,""ink_saver_main"":0.6,""quick_super_jump"":0.3,""sub_resistance_up"":0.3,""last_ditch_effort"":true,""respawn_punisher"":true}",longblaster_custom,12,10,2,3,1,477,"{""quick_respawn"":1.6,""intensify_action"":0.9,""ink_resistance_up"":0.3,""quick_super_jump"":0.3,""special_power_up"":0.3,""special_saver"":0.3,""comeback"":true,""stealth_jump"":true}",maneuver,6,4,2,9,1,656,"{""quick_respawn"":1.6,""quick_super_jump"":0.6,""swim_speed_up"":0.6,""ink_resistance_up"":0.3,""intensify_action"":0.3,""special_saver"":0.3,""comeback"":true,""stealth_jump"":true}",gold,#1 Overall Splatter,gold,#1 Enemy Splatter,silver,#1 Splat Zone Hero,
Sizzle Season 2025,2025-06-30T08:00:00+00:00,10.0.1,bankara_open,area,ryugu,286,alpha,TRUE,,,4872,,100,a0c937ff,,4574,,0,ba30b0ff,,heroshooter_replica,15,7,8,10,2,1060,"{""swim_speed_up"":1.3,""intensify_action"":0.6,""quick_super_jump"":0.6,""special_saver"":0.6,""ink_resistance_up"":0.3,""sub_resistance_up"":0.3,""comeback"":true,""stealth_jump"":true}",nova_neo,15,13,2,8,1,860,"{""quick_respawn"":2.5,""quick_super_jump"":0.6,""ink_resistance_up"":0.3,""sub_resistance_up"":0.3,""comeback"":true,""stealth_jump"":true}",l3reelgun_haku,14,10,4,3,7,1632,"{""special_charge_up"":2.5,""special_power_up"":1.9,""ink_resistance_up"":0.3,""drop_roller"":true}",octoshooter_replica,14,11,3,5,5,1320,"{""ink_saver_main"":1.3,""intensify_action"":1.3,""swim_speed_up"":1,""special_charge_up"":0.9,""special_saver"":0.6,""ink_saver_sub"":0.3,""quick_super_jump"":0.3}",hissen_hue,12,9,3,10,5,1163,"{""special_charge_up"":2.6,""special_power_up"":1.5,""quick_super_jump"":0.3,""special_saver"":0.3,""stealth_jump"":true}",tristringer_tou,10,8,2,5,5,1565,"{""special_power_up"":1.3,""special_charge_up"":0.9,""ink_saver_main"":0.3,""ink_saver_sub"":0.3,""special_saver"":0.3,""swim_speed_up"":0.3,""drop_roller"":true,""thermal_ink"":true}",dynamo,8,5,3,14,3,1092,"{""quick_respawn"":1.3,""ink_saver_main"":0.6,""quick_super_jump"":0.6,""swim_speed_up"":0.6,""ink_resistance_up"":0.3,""special_saver"":0.3,""comeback"":true,""stealth_jump"":true}",jimuwiper,7,4,3,12,2,754,"{""ink_saver_main"":1,""swim_speed_up"":1,""quick_respawn"":0.9,""quick_super_jump"":0.9,""special_saver"":0.6,""special_charge_up"":0.3,""stealth_jump"":true}",gold,#1 Overall Splatter,gold,#1 Splat Assister,silver,#1 Trizooka User,
Sizzle Season 2025,2025-06-30T10:00:00+00:00,10.0.1,xmatch,area,decaline,255,alpha,TRUE,,2164.0,4690,,100,343bc4ff,,4483,,0,df6624ff,,order_shooter_replica,8,5,3,4,4,1394,"{""swim_speed_up"":1.3,""intensify_action"":0.6,""quick_super_jump"":0.6,""special_saver"":0.6,""ink_resistance_up"":0.3,""sub_resistance_up"":0.3,""comeback"":true,""stealth_jump"":true}",carbon_angl,13,13,0,8,3,1063,"{""swim_speed_up"":1.3,""ink_recovery_up"":0.6,""ink_saver_sub"":0.6,""sub_power_up"":0.6,""sub_resistance_up"":0.6,""ninja_squid"":true,""stealth_jump"":true}",momiji,11,6,5,8,5,1181,"{""ink_saver_sub"":1,""special_charge_up"":1,""ink_resistance_up"":0.6,""special_power_up"":0.6,""sub_power_up"":0.6,""quick_super_jump"":0.3,""special_saver"":0.3,""sub_resistance_up"":0.3,""stealth_jump"":true}",prime_frzn,9,6,3,5,3,1052,"{""ink_saver_main"":1.6,""intensify_action"":1.2,""swim_speed_up"":1,""special_charge_up"":0.6,""run_speed_up"":0.3,""stealth_jump"":true}",l3reelgun_haku,12,7,5,5,4,1390,"{""special_charge_up"":1.9,""swim_speed_up"":1,""quick_super_jump"":0.6,""special_saver"":0.6,""ink_resistance_up"":0.3,""intensify_action"":0.3,""stealth_jump"":true}",96gal_sou,10,7,3,9,4,1352,"{""special_charge_up"":1,""special_power_up"":1,""ink_saver_main"":0.9,""ink_saver_sub"":0.9,""quick_super_jump"":0.9,""stealth_jump"":true}",pablo_hue,8,5,3,8,3,774,"{""quick_respawn"":3.5,""quick_super_jump"":0.6,""ink_resistance_up"":0.3,""sub_resistance_up"":0.3,""stealth_jump"":true}",sputtery_owl,7,6,1,8,4,967,"{""swim_speed_up"":1,""sub_power_up"":0.9,""ink_saver_sub"":0.6,""quick_super_jump"":0.6,""ink_resistance_up"":0.3,""special_saver"":0.3,""comeback"":true,""stealth_jump"":true}",silver,#1 Ground Traveler,gold,#1 Super Jump Spot,gold,#1 Turf Inker,
Sizzle Season 2025,2025-06-30T10:00:00+00:00,10.0.1,xmatch,area,masaba,212,bravo,TRUE,,2164.0,4358,,0,1a1aafff,,4545,,100,e38d24ff,,order_shooter_replica,4,3,1,6,5,1176,"{""swim_speed_up"":1.3,""intensify_action"":0.6,""quick_super_jump"":0.6,""special_saver"":0.6,""ink_resistance_up"":0.3,""sub_resistance_up"":0.3,""comeback"":true,""stealth_jump"":true}",prime_collabo,12,8,4,7,5,1345,"{""intensify_action"":1.5,""swim_speed_up"":1,""ink_saver_sub"":0.6,""quick_super_jump"":0.3,""sub_resistance_up"":0.3,""comeback"":true,""stealth_jump"":true}",wideroller_waku,7,6,1,7,4,1184,"{""swim_speed_up"":1.3,""ink_saver_main"":1,""special_power_up"":0.9,""ink_saver_sub"":0.6,""quick_respawn"":0.6,""ink_recovery_up"":0.3,""stealth_jump"":true}",sblast91,7,5,2,8,2,653,"{""quick_respawn"":1.3,""swim_speed_up"":1.3,""ink_saver_sub"":0.6,""sub_power_up"":0.6,""ink_resistance_up"":0.3,""quick_super_jump"":0.3,""sub_resistance_up"":0.3,""stealth_jump"":true}",sshooter,16,15,1,5,3,1059,"{""swim_speed_up"":1,""intensify_action"":0.9,""ink_resistance_up"":0.6,""quick_super_jump"":0.6,""ink_saver_main"":0.3,""sub_resistance_up"":0.3,""comeback"":true,""stealth_jump"":true}",promodeler_sai,5,2,3,4,6,1649,"{""swim_speed_up"":1.6,""ink_saver_main"":1,""special_saver"":1,""ink_recovery_up"":0.9,""run_speed_up"":0.6,""quick_super_jump"":0.3,""sub_power_up"":0.3}",rapid_deco,10,7,3,7,2,828,"{""special_power_up"":1.9,""ink_saver_sub"":1.3,""swim_speed_up"":0.6,""intensify_action"":0.3,""quick_super_jump"":0.3,""sub_resistance_up"":0.3,""stealth_jump"":true}",splatspinner_pytn,5,4,1,6,4,1009,"{""run_speed_up"":1.6,""special_charge_up"":1,""ink_resistance_up"":0.6,""sub_power_up"":0.6,""intensify_action"":0.3,""quick_super_jump"":0.3,""sub_resistance_up"":0.3,""object_shredder"":true}",silver,#1 Ground Traveler,gold,#1 Super Jump Spot,gold,#1 Splat Zone Guard,
Sizzle Season 2025,2025-06-30T10:00:00+00:00,10.0.1,xmatch,area,decaline,215,bravo,TRUE,,2164.0,3684,,0,d74b31ff,,3846,,100,1ec0adff,,order_shooter_replica,6,6,0,8,2,975,"{""swim_speed_up"":1.3,""intensify_action"":0.6,""quick_super_jump"":0.6,""special_saver"":0.6,""ink_resistance_up"":0.3,""sub_resistance_up"":0.3,""comeback"":true,""stealth_jump"":true}",jetsweeper_cobr,6,4,2,5,4,1147,"{""ink_saver_sub"":1.9,""ink_saver_main"":1.3,""swim_speed_up"":1.3,""ink_recovery_up"":0.6,""ink_resistance_up"":0.3,""quick_super_jump"":0.3}",splatroller,7,7,0,8,2,740,"{""swim_speed_up"":1.6,""quick_super_jump"":1.5,""ink_resistance_up"":0.3,""sub_resistance_up"":0.3,""ninja_squid"":true,""stealth_jump"":true}",hissen_ash,3,1,2,4,3,822,"{""quick_super_jump"":0.6,""sub_power_up"":0.6,""swim_speed_up"":0.6,""ink_resistance_up"":0.3,""special_saver"":0.3,""sub_resistance_up"":0.3,""comeback"":true,""ninja_squid"":true,""stealth_jump"":true}",hydra_custom,10,8,2,3,3,804,"{""run_speed_up"":2.2,""swim_speed_up"":1,""ink_saver_main"":0.6,""quick_super_jump"":0.6,""sub_resistance_up"":0.3,""object_shredder"":true}",sputtery_owl,10,9,1,8,2,692,"{""quick_respawn"":1.6,""ink_saver_sub"":0.6,""special_charge_up"":0.6,""ink_saver_main"":0.3,""quick_super_jump"":0.3,""sub_power_up"":0.3,""comeback"":true,""stealth_jump"":true}",promodeler_rg,4,3,1,5,7,1396,"{""special_charge_up"":3,""ink_saver_main"":0.6,""ink_recovery_up"":0.3,""ink_resistance_up"":0.3,""ink_saver_sub"":0.3,""intensify_action"":0.3,""quick_respawn"":0.3,""special_saver"":0.3,""sub_resistance_up"":0.3}",52gal,6,5,1,2,4,954,"{""intensify_action"":1.6,""swim_speed_up"":1,""ink_recovery_up"":0.6,""run_speed_up"":0.6,""ink_saver_main"":0.3,""ink_saver_sub"":0.3,""sub_power_up"":0.3,""ninja_squid"":true}",silver,First Splat!,gold,#1 Splat Zone Guard,silver,#1 Trizooka User,
Sizzle Season 2025,2025-06-30T10:00:00+00:00,10.0.1,bankara_open,hoko,manta,300,bravo,FALSE,S+ 18,,4522,,36,a0c937ff,,4276,,98,ba30b0ff,,lact450_milk,11,5,6,9,7,1476,"{""special_charge_up"":1,""sub_power_up"":0.9,""ink_saver_sub"":0.6,""ink_resistance_up"":0.3,""quick_super_jump"":0.3,""special_saver"":0.3,""swim_speed_up"":0.3,""comeback"":true,""stealth_jump"":true}",examiner,11,5,6,7,4,1028,"{""run_speed_up"":1.9,""special_charge_up"":1,""ink_resistance_up"":0.9,""special_power_up"":0.6,""quick_super_jump"":0.3,""stealth_jump"":true}",pablo,10,10,0,6,7,1100,"{""ink_saver_main"":1.3,""special_charge_up"":1,""ink_saver_sub"":0.6,""swim_speed_up"":0.6,""ink_resistance_up"":0.3,""quick_super_jump"":0.3,""special_saver"":0.3,""sub_resistance_up"":0.3,""drop_roller"":true}",jetsweeper_cobr,10,7,3,12,1,918,"{""swim_speed_up"":1.6,""run_speed_up"":1.3,""ink_saver_main"":0.6,""ink_recovery_up"":0.3,""ink_resistance_up"":0.3,""intensify_action"":0.3,""quick_super_jump"":0.3,""haunt"":true}",jimuwiper,18,16,2,6,4,1468,"{""swim_speed_up"":1,""ink_saver_main"":0.6,""special_power_up"":0.6,""sub_power_up"":0.6,""ink_resistance_up"":0.3,""quick_super_jump"":0.3,""sub_resistance_up"":0.3,""comeback"":true,""stealth_jump"":true}",dualsweeper,12,5,7,9,3,1047,"{""swim_speed_up"":1.6,""ink_saver_main"":0.6,""intensify_action"":0.6,""ink_resistance_up"":0.3,""quick_super_jump"":0.3,""special_saver"":0.3,""comeback"":true,""stealth_jump"":true}",dualsweeper,8,6,2,6,2,1020,"{""quick_respawn"":2.5,""intensify_action"":0.6,""quick_super_jump"":0.6,""comeback"":true,""stealth_jump"":true}",bold,8,7,1,7,2,741,"{""swim_speed_up"":2.8,""quick_super_jump"":0.9,""ninja_squid"":true,""stealth_jump"":true}",gold,#1 Overall Splatter,gold,#1 Splat Assister,gold,#1 Turf Inker,
Sizzle Season 2025,2025-06-30T10:00:00+00:00,10.0.1,xmatch,area,masaba,74,bravo,TRUE,,2164.0,1555,,0,a0c937ff,,1606,,100,ba30b0ff,,order_shooter_replica,0,0,0,4,1,300,"{""swim_speed_up"":1.3,""intensify_action"":0.6,""quick_super_jump"":0.6,""special_saver"":0.6,""ink_resistance_up"":0.3,""sub_resistance_up"":0.3,""comeback"":true,""stealth_jump"":true}",moprin_d,2,1,1,3,1,415,"{""ink_saver_main"":1.3,""sub_power_up"":0.9,""ink_recovery_up"":0.6,""swim_speed_up"":0.6,""ink_resistance_up"":0.3,""comeback"":true,""stealth_jump"":true}",screwslosher_neo,1,1,0,3,1,331,"{""ink_saver_main"":1.3,""quick_super_jump"":0.6,""special_charge_up"":0.6,""swim_speed_up"":0.6,""ink_resistance_up"":0.3,""sub_resistance_up"":0.3,""opening_gambit"":true,""stealth_jump"":true}",tristringer_collabo,0,0,0,2,1,509,"{""run_speed_up"":1,""quick_super_jump"":0.9,""ink_saver_main"":0.6,""swim_speed_up"":0.6,""ink_resistance_up"":0.3,""sub_resistance_up"":0.3,""last_ditch_effort"":true,""object_shredder"":true}",campingshelter_crem,7,5,2,0,1,425,"{""quick_respawn"":1,""quick_super_jump"":0.9,""ink_saver_main"":0.6,""swim_speed_up"":0.6,""ink_resistance_up"":0.3,""special_saver"":0.3,""comeback"":true,""stealth_jump"":true}",52gal,5,3,2,2,1,407,"{""swim_speed_up"":1.9,""intensify_action"":0.9,""ink_resistance_up"":0.3,""quick_super_jump"":0.3,""sub_resistance_up"":0.3,""opening_gambit"":true,""stealth_jump"":true}",order_slosher_replica,2,2,0,0,1,386,"{""swim_speed_up"":1.6,""quick_super_jump"":0.6,""ink_resistance_up"":0.3,""ink_saver_main"":0.3,""ink_saver_sub"":0.3,""special_saver"":0.3,""sub_resistance_up"":0.3,""comeback"":true,""stealth_jump"":true}",hydra_atsu,3,2,1,0,1,388,"{""run_speed_up"":3.8,""intensify_action"":0.3,""quick_super_jump"":0.3,""swim_speed_up"":0.3,""object_shredder"":true}",silver,#1 Ink Consumer,silver,#2 Popular Target,,,
Sizzle Season 2025,2025-06-30T10:00:00+00:00,10.0.1,xmatch,area,masaba,223,bravo,TRUE,,2114.0,4299,,0,bfcd41ff,,4499,,100,6325cdff,,order_shooter_replica,8,5,3,8,3,1063,"{""swim_speed_up"":1.3,""intensify_action"":0.6,""quick_super_jump"":0.6,""special_saver"":0.6,""ink_resistance_up"":0.3,""sub_resistance_up"":0.3,""comeback"":true,""stealth_jump"":true}",campingshelter_sorella,6,4,2,5,5,988,"{""quick_respawn"":1.6,""quick_super_jump"":0.6,""swim_speed_up"":0.6,""ink_saver_main"":0.3,""special_saver"":0.3,""sub_resistance_up"":0.3,""comeback"":true,""stealth_jump"":true}",wakaba,4,2,2,9,1,1195,"{""ink_saver_sub"":1,""sub_power_up"":0.9,""ink_recovery_up"":0.6,""ink_resistance_up"":0.3,""quick_super_jump"":0.3,""special_saver"":0.3,""sub_resistance_up"":0.3,""last_ditch_effort"":true,""stealth_jump"":true}",maneuver,6,5,1,8,4,1053,"{""quick_respawn"":2.2,""ink_resistance_up"":0.3,""intensify_action"":0.3,""quick_super_jump"":0.3,""special_saver"":0.3,""sub_resistance_up"":0.3,""comeback"":true,""stealth_jump"":true}",carbon_deco,15,12,3,4,3,846,"{""swim_speed_up"":1.5,""ink_saver_sub"":1.2,""drop_roller"":true,""haunt"":true,""opening_gambit"":true}",sshooter,12,10,2,4,2,1304,"{""swim_speed_up"":2,""intensify_action"":0.9,""quick_super_jump"":0.6,""ink_recovery_up"":0.3,""ink_resistance_up"":0.3,""special_saver"":0.3,""sub_resistance_up"":0.3,""stealth_jump"":true}",screwslosher,10,5,5,5,3,1067,"{""swim_speed_up"":2,""ink_recovery_up"":0.6,""ink_resistance_up"":0.3,""ink_saver_sub"":0.3,""quick_super_jump"":0.3,""special_charge_up"":0.3,""special_saver"":0.3,""sub_power_up"":0.3,""sub_resistance_up"":0.3,""stealth_jump"":true}",nzap85,7,3,4,3,5,1282,"{""special_charge_up"":1,""intensify_action"":0.6,""special_power_up"":0.6,""swim_speed_up"":0.6,""ink_resistance_up"":0.3,""quick_super_jump"":0.3,""sub_resistance_up"":0.3,""last_ditch_effort"":true,""stealth_jump"":true}",gold,#1 Overall Splatter,gold,#1 Enemy Splatter,gold,#1 Splat Zone Guard,
Sizzle Season 2025,2025-06-30T10:00:00+00:00,10.0.1,bankara_open,hoko,namero,300,bravo,FALSE,S+ 18,,4730,,27,6e04b6ff,,4626,,64,cd510aff,,l3reelgun_d,13,11,2,9,7,1472,"{""run_speed_up"":1,""intensify_action"":0.6,""sub_power_up"":0.6,""swim_speed_up"":0.6,""ink_resistance_up"":0.3,""quick_super_jump"":0.3,""special_saver"":0.3,""comeback"":true,""stealth_jump"":true}",dualsweeper_tei,10,4,6,9,3,923,"{""quick_super_jump"":1.9,""special_charge_up"":1.5,""run_speed_up"":0.3,""comeback"":true,""stealth_jump"":true}",52gal,8,4,4,6,4,1056,"{""swim_speed_up"":1,""ink_resistance_up"":0.6,""intensify_action"":0.6,""quick_super_jump"":0.6,""special_charge_up"":0.6,""sub_resistance_up"":0.3,""comeback"":true,""stealth_jump"":true}",examiner,6,5,1,7,4,1279,"{""run_speed_up"":1.9,""special_charge_up"":1,""ink_resistance_up"":0.9,""special_power_up"":0.6,""quick_super_jump"":0.3,""stealth_jump"":true}",bucketslosher,12,11,1,5,4,1371,"{""quick_respawn"":1.6,""swim_speed_up"":0.9,""ink_resistance_up"":0.3,""quick_super_jump"":0.3,""special_saver"":0.3,""sub_resistance_up"":0.3,""comeback"":true,""stealth_jump"":true}",jimuwiper_fuu,8,4,4,5,4,1134,"{""ink_saver_sub"":1,""ink_recovery_up"":0.9,""quick_respawn"":0.9,""ink_resistance_up"":0.3,""quick_super_jump"":0.3,""sub_resistance_up"":0.3,""comeback"":true,""stealth_jump"":true}",fincent_hue,13,11,2,10,2,826,"{""swim_speed_up"":1.9,""special_power_up"":0.6,""ink_resistance_up"":0.3,""quick_super_jump"":0.3,""special_saver"":0.3,""sub_resistance_up"":0.3,""drop_roller"":true,""ninja_squid"":true}",hydra,9,5,4,4,7,1295,"{""special_charge_up"":1.3,""ink_saver_main"":1.2,""intensify_action"":1,""run_speed_up"":0.6,""special_saver"":0.6,""tenacity"":true}",gold,#1 Overall Splatter,gold,#1 Enemy Splatter,gold,#1 Turf Inker,
Sizzle Season 2025,2025-06-30T10:00:00+00:00,10.0.1,xmatch,area,decaline,235,bravo,TRUE,,2114.0,4716,,0,a0c937ff,,4583,,100,ba30b0ff,,order_shooter_replica,9,8,1,6,2,1047,"{""swim_speed_up"":1.3,""intensify_action"":0.6,""quick_super_jump"":0.6,""special_saver"":0.6,""ink_resistance_up"":0.3,""sub_resistance_up"":0.3,""comeback"":true,""stealth_jump"":true}",carbon_deco,13,9,4,7,2,690,"{""swim_speed_up"":2.5,""special_charge_up"":0.6,""ink_resistance_up"":0.3,""quick_super_jump"":0.3,""ninja_squid"":true,""stealth_jump"":true}",promodeler_rg,5,3,2,5,10,2119,"{""special_charge_up"":2.6,""special_power_up"":1.6,""sub_resistance_up"":0.6,""ink_resistance_up"":0.3,""quick_super_jump"":0.3,""special_saver"":0.3}",screwslosher_neo,8,5,3,6,3,860,"{""swim_speed_up"":1.3,""run_speed_up"":1,""ink_recovery_up"":0.6,""ink_resistance_up"":0.6,""special_charge_up"":0.6,""quick_super_jump"":0.3,""special_saver"":0.3,""stealth_jump"":true}",carbon_deco,10,5,5,8,3,739,"{""swim_speed_up"":2.5,""quick_super_jump"":0.6,""ink_resistance_up"":0.3,""sub_resistance_up"":0.3,""ninja_squid"":true,""stealth_jump"":true}",hissen_ash,9,9,0,7,4,1197,"{""swim_speed_up"":1.9,""ink_saver_sub"":0.6,""special_power_up"":0.6,""intensify_action"":0.3,""sub_resistance_up"":0.3,""comeback"":true,""stealth_jump"":true}",prime_collabo,5,4,1,6,4,1326,"{""intensify_action"":1.3,""swim_speed_up"":0.9,""ink_saver_main"":0.6,""ink_resistance_up"":0.3,""quick_super_jump"":0.3,""run_speed_up"":0.3,""comeback"":true,""stealth_jump"":true}",sshooter_collabo,7,6,1,4,5,1321,"{""ink_saver_main"":1,""quick_respawn"":0.9,""run_speed_up"":0.9,""swim_speed_up"":0.9,""comeback"":true,""stealth_jump"":true}",silver,#1 Splat Zone Hero,silver,#2 Overall Splatter,silver,#1 Trizooka User,
Sizzle Season 2025,2025-06-30T10:00:00+00:00,10.0.1,xmatch,area,decaline,262,bravo,TRUE,,2114.0,4998,,0,a0c937ff,,5117,,100,ba30b0ff,,order_shooter_replica,5,1,4,6,3,1278,"{""swim_speed_up"":1.3,""intensify_action"":0.6,""quick_super_jump"":0.6,""special_saver"":0.6,""ink_resistance_up"":0.3,""sub_resistance_up"":0.3,""comeback"":true,""stealth_jump"":true}",quadhopper_black,8,8,0,12,4,1217,"{""quick_respawn"":2.5,""quick_super_jump"":0.6,""ink_resistance_up"":0.3,""sub_resistance_up"":0.3,""comeback"":true,""stealth_jump"":true}",barrelspinner_deco,5,4,1,4,4,1080,"{""run_speed_up"":2.8,""quick_super_jump"":1.3,""swim_speed_up"":1,""ink_resistance_up"":0.6}",dynamo_tesla,5,5,0,8,5,1423,"{""ink_saver_main"":2.2,""ink_recovery_up"":0.6,""swim_speed_up"":0.6,""ink_resistance_up"":0.3,""last_ditch_effort"":true,""stealth_jump"":true}",52gal,15,12,3,4,5,1227,"{""swim_speed_up"":2.6,""intensify_action"":0.9,""quick_super_jump"":0.6,""ink_resistance_up"":0.3,""sub_resistance_up"":0.3,""stealth_jump"":true}",splatspinner_pytn,9,4,5,7,4,1222,"{""run_speed_up"":1.9,""ink_resistance_up"":1.3,""special_charge_up"":0.9,""quick_super_jump"":0.3,""special_saver"":0.3,""last_ditch_effort"":true}",jetsweeper_cobr,13,10,3,4,5,1386,"{""swim_speed_up"":2.5,""ink_saver_main"":1.9,""special_charge_up"":0.3,""stealth_jump"":true}",campingshelter_crem,9,4,5,3,4,1282,"{""ink_saver_main"":1.6,""ink_recovery_up"":0.6,""quick_super_jump"":0.6,""swim_speed_up"":0.6,""ink_resistance_up"":0.3,""last_ditch_effort"":true,""stealth_jump"":true}",silver,#1 Ink Consumer,gold,#1 Splat Assister,gold,#1 Splat Zone Guard,
Sizzle Season 2025,2025-06-30T10:00:00+00:00,10.0.1,bankara_open,hoko,manta,300,bravo,FALSE,S+ 1,,3239,,37,ba30b0ff,,3670,,55,a0c937ff,,carbon_deco,8,3,5,10,0,582,"{""run_speed_up"":1.3,""swim_speed_up"":1.2,""quick_super_jump"":0.9,""ink_saver_sub"":0.3,""ninja_squid"":true,""stealth_jump"":true}",bamboo14mk1,14,10,4,5,7,1193,"{""special_charge_up"":1.9,""special_power_up"":1.9,""ink_resistance_up"":0.3,""special_saver"":0.3,""sub_resistance_up"":0.3,""comeback"":true}",longblaster_custom,13,10,3,9,3,790,"{""ink_resistance_up"":1.6,""intensify_action"":1,""ink_saver_main"":0.6,""swim_speed_up"":0.6,""quick_respawn"":0.3,""quick_super_jump"":0.3,""special_saver"":0.3,""ninja_squid"":true}",liter4k,13,9,4,7,2,674,"{""quick_super_jump"":1.3,""ink_saver_main"":0.6,""quick_respawn"":0.6,""swim_speed_up"":0.6,""ink_recovery_up"":0.3,""intensify_action"":0.3,""drop_roller"":true,""ninja_squid"":true}",hotblaster_custom,10,7,3,8,0,581,"{""ink_saver_main"":1,""intensify_action"":1,""swim_speed_up"":1,""ink_recovery_up"":0.6,""ink_resistance_up"":0.6,""quick_respawn"":0.6,""quick_super_jump"":0.6,""special_charge_up"":0.3}",squiclean_a,11,10,1,8,2,769,"{""swim_speed_up"":1.9,""run_speed_up"":1.6,""ink_resistance_up"":0.3,""ink_saver_sub"":0.3,""quick_super_jump"":0.3,""sub_power_up"":0.3,""stealth_jump"":true}",hydra,10,8,2,5,4,1175,"{""ink_recovery_up"":1.9,""run_speed_up"":1.9,""swim_speed_up"":1.9}",bold,9,6,3,12,2,1145,"{""swim_speed_up"":4.7,""ninja_squid"":true}",gold,#1 Splat Assister,gold,Record-Score Setter,gold,#1 Score Booster,
Sizzle Season 2025,2025-06-30T10:00:00+00:00,10.0.1,bankara_open,hoko,manta,300,alpha,FALSE,S+ 18,,4698,,90,3a0ccdff,,4611,,79,d0bf08ff,,l3reelgun_d,14,10,4,8,4,1588,"{""run_speed_up"":1,""intensify_action"":0.6,""sub_power_up"":0.6,""swim_speed_up"":0.6,""ink_resistance_up"":0.3,""quick_super_jump"":0.3,""special_saver"":0.3,""comeback"":true,""stealth_jump"":true}",bold,16,10,6,9,2,1080,"{""swim_speed_up"":3.3,""ink_recovery_up"":0.6,""ink_resistance_up"":0.3,""ink_saver_main"":0.3,""quick_super_jump"":0.3,""special_charge_up"":0.3,""special_power_up"":0.3,""sub_resistance_up"":0.3}",liter4k,15,9,6,5,3,1151,"{""swim_speed_up"":1.6,""ink_recovery_up"":1.3,""ink_saver_sub"":0.6,""intensify_action"":0.6,""quick_super_jump"":0.3,""sub_power_up"":0.3,""object_shredder"":true}",examiner,13,8,5,9,1,879,"{""run_speed_up"":1.9,""special_charge_up"":1,""ink_resistance_up"":0.9,""special_power_up"":0.6,""quick_super_jump"":0.3,""stealth_jump"":true}",nzap89,6,3,3,9,5,1657,"{""ink_saver_sub"":1.9,""swim_speed_up"":1.3,""special_charge_up"":1,""ink_recovery_up"":0.9,""ink_resistance_up"":0.6}",order_blaster_replica,18,17,1,8,4,961,"{""swim_speed_up"":1,""quick_respawn"":0.9,""ink_resistance_up"":0.3,""intensify_action"":0.3,""quick_super_jump"":0.3,""special_power_up"":0.3,""special_saver"":0.3,""sub_resistance_up"":0.3,""comeback"":true,""stealth_jump"":true}",longblaster,12,4,8,11,2,853,"{""intensify_action"":1.6,""sub_resistance_up"":0.9,""ink_resistance_up"":0.6,""ink_recovery_up"":0.3,""quick_super_jump"":0.3,""ninja_squid"":true,""stealth_jump"":true}",52gal,12,7,5,9,4,1140,"{""swim_speed_up"":1,""sub_resistance_up"":0.9,""ink_saver_sub"":0.6,""ink_recovery_up"":0.3,""ink_saver_main"":0.3,""run_speed_up"":0.3,""special_power_up"":0.3,""opening_gambit"":true,""stealth_jump"":true}",silver,#1 Checkpoint Breaker,gold,#1 Enemy Splatter,gold,#1 Turf Inker,
Sizzle Season 2025,2025-06-30T10:00:00+00:00,10.0.1,xmatch,area,decaline,310,alpha,FALSE,,2039.0,5858,,96,a0c937ff,,5320,,94,ba30b0ff,,order_shooter_replica,8,6,2,6,5,1653,"{""swim_speed_up"":1.3,""intensify_action"":0.6,""quick_super_jump"":0.6,""special_saver"":0.6,""ink_resistance_up"":0.3,""sub_resistance_up"":0.3,""comeback"":true,""stealth_jump"":true}",kelvin525,12,12,0,10,5,1299,"{""quick_respawn"":2.2,""ink_saver_main"":0.6,""ink_resistance_up"":0.3,""quick_super_jump"":0.3,""sub_resistance_up"":0.3,""comeback"":true,""stealth_jump"":true}",bold,12,10,2,11,5,1267,"{""swim_speed_up"":1.6,""intensify_action"":0.9,""ink_resistance_up"":0.3,""quick_super_jump"":0.3,""special_saver"":0.3,""sub_resistance_up"":0.3,""opening_gambit"":true,""stealth_jump"":true}",sharp,10,9,1,8,6,1639,"{""special_charge_up"":1.6,""swim_speed_up"":1,""intensify_action"":0.9,""ink_recovery_up"":0.3,""ink_saver_sub"":0.3,""special_saver"":0.3,""sub_power_up"":0.3,""stealth_jump"":true}",sshooter_collabo,15,12,3,8,6,1468,"{""quick_respawn"":2.2,""swim_speed_up"":1,""intensify_action"":0.6,""sub_power_up"":0.6,""quick_super_jump"":0.3,""stealth_jump"":true}",wakaba,11,7,4,9,6,1475,"{""special_charge_up"":1.6,""swim_speed_up"":1.6,""ink_resistance_up"":0.3,""quick_super_jump"":0.3,""run_speed_up"":0.3,""special_saver"":0.3,""sub_resistance_up"":0.3,""stealth_jump"":true}",splatroller,10,8,2,11,4,959,"{""quick_super_jump"":0.9,""swim_speed_up"":0.9,""ink_resistance_up"":0.3,""special_saver"":0.3,""sub_resistance_up"":0.3,""ninja_squid"":true,""opening_gambit"":true,""stealth_jump"":true}",prime_collabo,9,8,1,9,4,1418,"{""ink_recovery_up"":1.6,""ink_saver_sub"":1.6,""swim_speed_up"":1.6,""intensify_action"":0.3}",gold,#1 Super Jump Spot,gold,#1 Turf Inker,gold,#1 Splat Zone Inker,
Sizzle Season 2025,2025-06-30T10:00:00+00:00,10.0.1,bankara_open,hoko,manta,313,bravo,FALSE,S+ 18,,5009,,87,a0c937ff,,4673,,93,ba30b0ff,,l3reelgun_d,11,9,2,9,4,1624,"{""run_speed_up"":1,""intensify_action"":0.6,""sub_power_up"":0.6,""swim_speed_up"":0.6,""ink_resistance_up"":0.3,""quick_super_jump"":0.3,""special_saver"":0.3,""comeback"":true,""stealth_jump"":true}",pablo,15,11,4,11,4,1183,"{""quick_respawn"":1.9,""ink_saver_main"":1.8,""comeback"":true,""stealth_jump"":true}",examiner,10,8,2,10,2,1076,"{""run_speed_up"":1.9,""special_charge_up"":1,""ink_resistance_up"":0.9,""special_power_up"":0.6,""quick_super_jump"":0.3,""stealth_jump"":true}",bold,11,8,3,9,4,1126,"{""swim_speed_up"":3.3,""ink_recovery_up"":0.6,""ink_resistance_up"":0.3,""ink_saver_main"":0.3,""quick_super_jump"":0.3,""special_charge_up"":0.3,""special_power_up"":0.3,""sub_resistance_up"":0.3}",splatcharger_frst,17,15,2,8,3,1232,"{""quick_super_jump"":1.6,""ink_saver_main"":1.5,""special_charge_up"":1.3,""swim_speed_up"":0.3,""stealth_jump"":true}",pablo,15,9,6,8,9,1682,"{""ink_saver_main"":1.9,""ink_saver_sub"":1.9,""swim_speed_up"":1.9}",l3reelgun_haku,10,8,2,9,3,997,"{""intensify_action"":1.2,""swim_speed_up"":1,""ink_resistance_up"":0.6,""quick_super_jump"":0.6,""special_saver"":0.3,""comeback"":true,""drop_roller"":true}",furuido,9,7,2,11,1,762,"{""ink_saver_main"":0.9,""intensify_action"":0.9,""sub_power_up"":0.9,""comeback"":true,""respawn_punisher"":true,""stealth_jump"":true}",gold,#1 Score Booster,gold,Record-Score Setter,gold,#1 Turf Inker,
Sizzle Season 2025,2025-06-30T10:00:00+00:00,10.0.1,xmatch,area,decaline,302,bravo,FALSE,,2039.0,5008,,92,343bc4ff,,5005,,93,df6624ff,,order_shooter_replica,13,9,4,7,6,1537,"{""swim_speed_up"":1.3,""intensify_action"":0.6,""quick_super_jump"":0.6,""special_saver"":0.6,""ink_resistance_up"":0.3,""sub_resistance_up"":0.3,""comeback"":true,""stealth_jump"":true}",spaceshooter_collabo,17,12,5,6,7,1646,"{""special_charge_up"":2.6,""ink_saver_sub"":0.6,""swim_speed_up"":0.6,""ink_recovery_up"":0.3,""quick_super_jump"":0.3,""sub_resistance_up"":0.3,""stealth_jump"":true}",bucketslosher,16,11,5,15,1,980,"{""swim_speed_up"":1.6,""intensify_action"":0.6,""quick_respawn"":0.6,""quick_super_jump"":0.6,""ink_saver_main"":0.3,""comeback"":true,""stealth_jump"":true}",pablo_hue,11,7,4,11,4,845,"{""quick_respawn"":2.3,""ink_resistance_up"":0.6,""quick_super_jump"":0.6,""ink_recovery_up"":0.3,""intensify_action"":0.3,""special_power_up"":0.3,""special_saver"":0.3,""stealth_jump"":true}",nzap85,25,12,13,11,5,1393,"{""run_speed_up"":2.3,""special_charge_up"":1.3,""ink_resistance_up"":0.9,""quick_super_jump"":0.6,""ink_recovery_up"":0.3,""ink_saver_main"":0.3}",kelvin525,14,12,2,9,7,1301,"{""quick_respawn"":2.2,""ink_saver_main"":0.6,""ink_resistance_up"":0.3,""quick_super_jump"":0.3,""sub_resistance_up"":0.3,""comeback"":true,""stealth_jump"":true}",sshooter_kou,14,9,5,10,6,1114,"{""swim_speed_up"":1.2,""intensify_action"":0.6,""ink_resistance_up"":0.3,""quick_super_jump"":0.3,""special_saver"":0.3,""haunt"":true,""opening_gambit"":true,""stealth_jump"":true}",dynamo,11,6,5,9,5,1197,"{""ink_saver_main"":2.3,""quick_super_jump"":1.2,""special_saver"":0.6,""ink_resistance_up"":0.3,""swim_speed_up"":0.3,""last_ditch_effort"":true}",silver,#1 Splat Zone Hero,silver,#1 Ink Consumer,gold,#1 Super Jump Spot,
Sizzle Season 2025,2025-06-30T10:00:00+00:00,10.0.1,bankara_open,hoko,namero,34,alpha,TRUE,S+ 1,,797,,100,1a1aafff,,330,,0,e38d24ff,,carbon_deco,6,6,0,1,0,166,"{""run_speed_up"":1.3,""swim_speed_up"":1.2,""quick_super_jump"":0.9,""ink_saver_sub"":0.3,""ninja_squid"":true,""stealth_jump"":true}",furo,2,2,0,0,0,255,"{""special_power_up"":1.3,""swim_speed_up"":1.3,""ink_saver_main"":0.9,""special_charge_up"":0.6,""quick_respawn"":0.3,""sub_power_up"":0.3,""drop_roller"":true}",order_spinner_replica,0,0,0,0,1,256,"{""run_speed_up"":1.9,""swim_speed_up"":1.6,""ink_recovery_up"":0.6,""ink_resistance_up"":0.3,""quick_super_jump"":0.3,""object_shredder"":true}",liter4k,0,0,0,0,0,120,"{""ink_saver_main"":1.9,""ink_saver_sub"":1.9,""ink_recovery_up"":1,""sub_power_up"":0.9}",sshooter_kou,1,1,0,2,0,111,"{""swim_speed_up"":2.2,""quick_respawn"":1,""run_speed_up"":0.6,""ink_resistance_up"":0.3,""quick_super_jump"":0.3,""sub_resistance_up"":0.3,""ninja_squid"":true}",hokusai_sui,1,0,1,2,0,53,"{""special_charge_up"":1.3,""ink_saver_main"":0.3,""quick_respawn"":0.3,""run_speed_up"":0.3,""swim_speed_up"":0.3,""drop_roller"":true,""opening_gambit"":true}",explosher,0,0,0,2,0,115,"{""ink_saver_main"":1.3,""ink_recovery_up"":1,""ink_saver_sub"":0.6,""sub_resistance_up"":0.6,""quick_super_jump"":0.3,""sub_power_up"":0.3,""stealth_jump"":true}",splatspinner_pytn,0,0,0,2,0,51,"{""ink_saver_sub"":2.9,""ink_recovery_up"":1}",gold,#1 Overall Splatter,gold,#1 Enemy Splatter,silver,#1 Ground Traveler,
Sizzle Season 2025,2025-06-30T10:00:00+00:00,10.0.1,bankara_open,hoko,manta,91,alpha,TRUE,S+ 18,,1846,,100,343bc4ff,,1392,,0,df6624ff,,l3reelgun_d,5,3,2,1,2,494,"{""run_speed_up"":1,""intensify_action"":0.6,""sub_power_up"":0.6,""swim_speed_up"":0.6,""ink_resistance_up"":0.3,""quick_super_jump"":0.3,""special_saver"":0.3,""comeback"":true,""stealth_jump"":true}",barrelspinner,3,3,0,1,1,493,"{""run_speed_up"":3.3,""quick_super_jump"":0.9,""ink_resistance_up"":0.6,""ink_saver_main"":0.3,""sub_resistance_up"":0.3,""swim_speed_up"":0.3}",sblast92,9,8,1,0,1,426,"{""quick_respawn"":1.6,""special_power_up"":1,""quick_super_jump"":0.6,""swim_speed_up"":0.6,""ink_resistance_up"":0.3,""ink_saver_main"":0.3,""intensify_action"":0.3,""stealth_jump"":true}",pablo_hue,1,1,0,3,0,433,"{""swim_speed_up"":1.6,""quick_super_jump"":1.2,""quick_respawn"":1,""ink_resistance_up"":0.3,""special_saver"":0.3,""sub_resistance_up"":0.3,""stealth_jump"":true}",nautilus47,3,1,2,3,1,480,"{""run_speed_up"":3}",sshooter,1,1,0,3,1,401,"{""swim_speed_up"":1.9,""intensify_action"":0.9,""quick_super_jump"":0.6,""sub_resistance_up"":0.3,""comeback"":true,""stealth_jump"":true}",52gal,2,1,1,5,0,231,"{""quick_respawn"":1.6,""ink_saver_main"":0.6,""ink_recovery_up"":0.3,""intensify_action"":0.3,""quick_super_jump"":0.3,""special_power_up"":0.3,""special_saver"":0.3,""comeback"":true,""stealth_jump"":true}",splatscope,1,1,0,4,0,280,"{""ink_saver_sub"":1.9,""ink_saver_main"":1.6,""swim_speed_up"":1,""quick_super_jump"":0.6,""ink_recovery_up"":0.3,""ink_resistance_up"":0.3}",gold,#1 Super Jump Spot,gold,#1 Splat Assister,gold,#1 Turf Inker,
Sizzle Season 2025,2025-06-30T10:00:00+00:00,10.0.1,bankara_open,hoko,manta,200,bravo,TRUE,S+ 1,,2456,,0,cd510aff,,3099,,100,6e04b6ff,,carbon_deco,13,13,0,9,0,624,"{""run_speed_up"":1.3,""swim_speed_up"":1.2,""quick_super_jump"":0.9,""ink_saver_sub"":0.3,""ninja_squid"":true,""stealth_jump"":true}",order_spinner_replica,5,2,3,6,2,841,"{""run_speed_up"":1.9,""swim_speed_up"":1.6,""ink_recovery_up"":0.6,""ink_resistance_up"":0.3,""quick_super_jump"":0.3,""object_shredder"":true}",squiclean_a,4,4,0,6,2,554,"{""quick_super_jump"":1.9,""sub_resistance_up"":1.9,""swim_speed_up"":1.9}",quadhopper_black,2,2,0,8,0,437,"{""swim_speed_up"":1,""sub_power_up"":0.6,""quick_super_jump"":0.3,""drop_roller"":true,""respawn_punisher"":true}",pablo,10,8,2,4,3,700,"{""run_speed_up"":1.5,""swim_speed_up"":1.2,""drop_roller"":true,""respawn_punisher"":true,""tenacity"":true}",nova_neo,13,9,4,8,3,666,"{""swim_speed_up"":1.3,""ink_saver_main"":0.6,""ink_saver_sub"":0.6,""quick_super_jump"":0.6,""run_speed_up"":0.6,""last_ditch_effort"":true,""ninja_squid"":true}",promodeler_sai,11,5,6,6,3,1005,"{""run_speed_up"":1,""swim_speed_up"":1,""ink_saver_sub"":0.6,""quick_respawn"":0.6,""quick_super_jump"":0.6,""sub_resistance_up"":0.3,""stealth_jump"":true}",rapid_elite_wntr,10,7,3,3,4,728,"{""special_charge_up"":1.3,""swim_speed_up"":1,""intensify_action"":0.9,""sub_resistance_up"":0.6,""ink_resistance_up"":0.3,""quick_super_jump"":0.3,""special_saver"":0.3,""stealth_jump"":true}",gold,#1 Overall Splatter,gold,#1 Popular Target,gold,Record-Score Setter,
Sizzle Season 2025,2025-06-30T10:00:00+00:00,10.0.1,xmatch,area,decaline,178,alpha,TRUE,,2039.0,3360,,100,cd510aff,,3255,,0,6e04b6ff,,order_shooter_replica,9,9,0,3,2,856,"{""swim_speed_up"":1.3,""intensify_action"":0.6,""quick_super_jump"":0.6,""special_saver"":0.6,""ink_resistance_up"":0.3,""sub_resistance_up"":0.3,""comeback"":true,""stealth_jump"":true}",moprin,5,4,1,2,4,1134,"{""special_power_up"":2,""ink_saver_main"":1.2,""ink_recovery_up"":0.3,""ink_saver_sub"":0.3,""quick_respawn"":0.3,""quick_super_jump"":0.3,""special_saver"":0.3,""last_ditch_effort"":true}",furuido_custom,2,2,0,2,4,906,"{""ink_saver_main"":3.8,""ink_saver_sub"":0.9,""stealth_jump"":true}",liter4k,1,1,0,3,1,464,"{""ink_saver_main"":0.9,""swim_speed_up"":0.9,""quick_super_jump"":0.6,""ink_resistance_up"":0.3,""last_ditch_effort"":true,""object_shredder"":true,""respawn_punisher"":true}",hokusai,5,5,0,4,3,823,"{""swim_speed_up"":1.2,""ink_resistance_up"":0.6,""quick_super_jump"":0.6,""sub_resistance_up"":0.3,""comeback"":true,""ninja_squid"":true,""stealth_jump"":true}",liter4k,2,1,1,2,4,979,"{""quick_super_jump"":0.6,""sub_resistance_up"":0.6,""swim_speed_up"":0.6,""ink_resistance_up"":0.3,""ink_saver_main"":0.3,""run_speed_up"":0.3,""last_ditch_effort"":true,""object_shredder"":true,""respawn_punisher"":true}",sblast91,2,1,1,6,2,511,"{""quick_respawn"":1.3,""ink_saver_sub"":1.2,""quick_super_jump"":0.6,""ink_resistance_up"":0.3,""sub_resistance_up"":0.3,""comeback"":true,""stealth_jump"":true}",jetsweeper_cobr,3,3,0,4,3,942,"{""special_power_up"":1,""swim_speed_up"":1,""ink_resistance_up"":0.6,""quick_super_jump"":0.6,""run_speed_up"":0.6,""quick_respawn"":0.3,""special_saver"":0.3,""sub_power_up"":0.3,""stealth_jump"":true}",gold,#1 Overall Splatter,gold,#1 Enemy Splatter,gold,#1 Splat Zone Guard,
Sizzle Season 2025,2025-06-30T10:00:00+00:00,10.0.1,bankara_open,hoko,namero,320,alpha,FALSE,S+ 18,,5402,,99,a0c937ff,,4961,,70,ba30b0ff,,l3reelgun_d,18,12,6,8,6,1581,"{""run_speed_up"":1,""intensify_action"":0.6,""sub_power_up"":0.6,""swim_speed_up"":0.6,""ink_resistance_up"":0.3,""quick_super_jump"":0.3,""special_saver"":0.3,""comeback"":true,""stealth_jump"":true}",splatspinner,21,15,6,8,7,1571,"{""run_speed_up"":1.6,""ink_resistance_up"":0.6,""sub_resistance_up"":0.6,""intensify_action"":0.3,""quick_super_jump"":0.3,""special_charge_up"":0.3,""comeback"":true,""stealth_jump"":true}",hokusai,18,14,4,8,1,1198,"{""swim_speed_up"":1.5,""quick_super_jump"":0.6,""special_saver"":0.3,""sub_resistance_up"":0.3,""last_ditch_effort"":true,""ninja_squid"":true,""stealth_jump"":true}",barrelspinner,7,5,2,9,2,1052,"{""run_speed_up"":3.3,""quick_super_jump"":0.9,""ink_resistance_up"":0.6,""ink_saver_main"":0.3,""sub_resistance_up"":0.3,""swim_speed_up"":0.3}",jimuwiper,14,9,5,15,3,1367,"{""quick_respawn"":2.6,""ink_resistance_up"":0.6,""quick_super_jump"":0.6,""sub_resistance_up"":0.6,""special_saver"":0.3,""stealth_jump"":true}",maneuver_you,14,12,2,13,4,1162,"{""quick_respawn"":1.9,""quick_super_jump"":0.6,""swim_speed_up"":0.6,""ink_resistance_up"":0.3,""special_saver"":0.3,""comeback"":true,""stealth_jump"":true}",prime_frzn,13,11,2,9,4,1601,"{""swim_speed_up"":1,""intensify_action"":0.9,""sub_power_up"":0.6,""ink_resistance_up"":0.3,""ink_saver_main"":0.3,""quick_super_jump"":0.3,""sub_resistance_up"":0.3,""last_ditch_effort"":true,""stealth_jump"":true}",liter4k,2,1,1,9,2,831,"{""swim_speed_up"":2.3,""ink_saver_main"":1.2,""quick_super_jump"":0.6,""ink_resistance_up"":0.3,""sub_resistance_up"":0.3,""object_shredder"":true}",silver,#1 Checkpoint Breaker,gold,#1 Splat Assister,gold,#1 Turf Inker,
Sizzle Season 2025,2025-06-30T10:00:00+00:00,10.0.1,xmatch,area,decaline,159,alpha,TRUE,,2039.0,2881,,100,a0c937ff,,2922,,0,ba30b0ff,,order_shooter_replica,5,1,4,6,1,588,"{""swim_speed_up"":1.3,""intensify_action"":0.6,""quick_super_jump"":0.6,""special_saver"":0.6,""ink_resistance_up"":0.3,""sub_resistance_up"":0.3,""comeback"":true,""stealth_jump"":true}",barrelspinner,7,7,0,2,4,972,"{""run_speed_up"":2.6,""ink_resistance_up"":0.6,""intensify_action"":0.3,""quick_super_jump"":0.3,""special_charge_up"":0.3,""sub_resistance_up"":0.3,""swim_speed_up"":0.3,""thermal_ink"":true}",rpen_5h,6,1,5,2,3,851,"{""ink_saver_main"":1.6,""special_charge_up"":1.3,""special_power_up"":0.9,""ink_recovery_up"":0.6,""quick_super_jump"":0.3,""last_ditch_effort"":true}",hotblaster,3,3,0,5,1,470,"{""quick_respawn"":2.5,""ink_resistance_up"":0.3,""intensify_action"":0.3,""quick_super_jump"":0.3,""sub_resistance_up"":0.3,""comeback"":true,""stealth_jump"":true}",splatcharger,7,7,0,4,2,491,"{""ink_saver_main"":2.2,""swim_speed_up"":1.9,""quick_respawn"":0.3,""quick_super_jump"":0.3,""stealth_jump"":true}",carbon_angl,4,1,3,2,3,815,"{""ink_saver_sub"":1.3,""ink_recovery_up"":0.6,""ink_saver_main"":0.6,""quick_super_jump"":0.6,""sub_power_up"":0.6,""comeback"":true,""stealth_jump"":true}",sshooter_collabo,6,6,0,3,3,846,"{""ink_saver_sub"":1,""intensify_action"":0.6,""special_charge_up"":0.6,""swim_speed_up"":0.6,""ink_recovery_up"":0.3,""ink_resistance_up"":0.3,""quick_super_jump"":0.3,""last_ditch_effort"":true,""stealth_jump"":true}",hydra,1,1,0,3,4,770,"{""run_speed_up"":1,""swim_speed_up"":1,""ink_resistance_up"":0.6,""intensify_action"":0.6,""quick_super_jump"":0.6,""special_charge_up"":0.6,""sub_resistance_up"":0.3,""object_shredder"":true}",silver,#2 Splat Assister,silver,#2 Super Jump Spot,silver,#2 Splat Zone Guard,
Sizzle Season 2025,2025-06-30T10:00:00+00:00,10.0.1,bankara_open,hoko,manta,189,alpha,TRUE,S+ 1,,2892,,100,bfcd41ff,,2862,,0,6325cdff,,carbon_deco,7,6,1,6,0,630,"{""run_speed_up"":1.3,""swim_speed_up"":1.2,""quick_super_jump"":0.9,""ink_saver_sub"":0.3,""ninja_squid"":true,""stealth_jump"":true}",jetsweeper,4,1,3,1,2,435,"{""run_speed_up"":3.5,""ink_resistance_up"":1,""sub_resistance_up"":0.6,""quick_super_jump"":0.3,""swim_speed_up"":0.3}",hydra_atsu,6,6,0,3,2,656,"{""run_speed_up"":1.6,""swim_speed_up"":1.5,""ink_recovery_up"":1,""ink_saver_main"":1,""quick_respawn"":0.6}",promodeler_sai,5,3,2,5,4,1171,"{""run_speed_up"":1,""swim_speed_up"":1,""ink_saver_sub"":0.6,""quick_respawn"":0.6,""quick_super_jump"":0.6,""sub_resistance_up"":0.3,""stealth_jump"":true}",prime,7,7,0,2,3,828,"{""special_charge_up"":1.6,""quick_super_jump"":1.3,""swim_speed_up"":1,""intensify_action"":0.6,""ink_recovery_up"":0.3}",sshooter_collabo,4,3,1,3,3,966,"{""intensify_action"":3.2,""sub_resistance_up"":1,""sub_power_up"":0.6,""quick_respawn"":0.3,""special_saver"":0.3,""swim_speed_up"":0.3}",order_charger_replica,4,3,1,4,1,509,"{""ink_saver_main"":1.9,""ink_saver_sub"":1.9,""ink_recovery_up"":1,""sub_power_up"":0.9}",octoshooter_replica,4,2,2,7,0,559,"{""quick_super_jump"":2,""ink_resistance_up"":0.6,""ink_recovery_up"":0.3,""quick_respawn"":0.3,""special_power_up"":0.3,""comeback"":true}",gold,#1 Overall Splatter,gold,Record-Score Setter,gold,#1 Score Booster,
Sizzle Season 2025,2025-06-30T10:00:00+00:00,10.0.1,xmatch,area,masaba,234,bravo,TRUE,,2089.0,4817,,0,ba30b0ff,,5186,,100,a0c937ff,,order_shooter_replica,5,2,3,10,2,1170,"{""swim_speed_up"":1.3,""intensify_action"":0.6,""quick_super_jump"":0.6,""special_saver"":0.6,""ink_resistance_up"":0.3,""sub_resistance_up"":0.3,""comeback"":true,""stealth_jump"":true}",promodeler_mg,7,6,1,3,7,1856,"{""special_power_up"":5.7}",prime_frzn,5,2,3,6,5,1209,"{""intensify_action"":1.3,""ink_saver_main"":1,""swim_speed_up"":0.9,""quick_super_jump"":0.6,""sub_resistance_up"":0.6,""ink_resistance_up"":0.3,""stealth_jump"":true}",carbon_deco,5,5,0,7,2,582,"{""ink_saver_main"":2.2,""quick_respawn"":0.6,""quick_super_jump"":0.6,""swim_speed_up"":0.3,""ninja_squid"":true,""stealth_jump"":true}",sputtery_hue,12,8,4,5,4,1117,"{""special_power_up"":1.3,""special_charge_up"":1,""special_saver"":0.6,""ink_resistance_up"":0.3,""ink_saver_main"":0.3,""quick_super_jump"":0.3,""run_speed_up"":0.3,""sub_resistance_up"":0.3,""swim_speed_up"":0.3,""stealth_jump"":true}",sharp,10,6,4,2,4,1204,"{""run_speed_up"":1.6,""swim_speed_up"":1.3,""ink_resistance_up"":0.6,""quick_super_jump"":0.6,""sub_power_up"":0.6,""stealth_jump"":true}",moprin,6,6,0,3,5,1477,"{""special_power_up"":3.8,""swim_speed_up"":0.6,""special_charge_up"":0.3,""last_ditch_effort"":true}",promodeler_mg,6,6,0,5,5,1388,"{""special_power_up"":3.8,""special_charge_up"":1.9}",gold,#1 Splat Assister,silver,#2 Overall Splatter,gold,#1 Splat Zone Guard,
Sizzle Season 2025,2025-06-30T10:00:00+00:00,10.0.1,bankara_open,hoko,manta,257,alpha,TRUE,S+ 1,,4404,,100,cd510aff,,3944,,0,6e04b6ff,,carbon_deco,16,13,3,7,1,732,"{""run_speed_up"":1.3,""swim_speed_up"":1.2,""quick_super_jump"":0.9,""ink_saver_sub"":0.3,""ninja_squid"":true,""stealth_jump"":true}",sshooter_collabo,5,4,1,4,5,1312,"{""swim_speed_up"":3,""ink_recovery_up"":0.6,""quick_super_jump"":0.6,""run_speed_up"":0.6,""ink_saver_main"":0.3,""quick_respawn"":0.3,""special_charge_up"":0.3}",promodeler_sai,13,9,4,11,1,1165,"{""run_speed_up"":1,""swim_speed_up"":1,""ink_saver_sub"":0.9,""quick_respawn"":0.6,""quick_super_jump"":0.6,""sub_resistance_up"":0.3,""stealth_jump"":true}",drivewiper,10,7,3,4,5,1195,"{""swim_speed_up"":3.6,""special_power_up"":1.2,""run_speed_up"":0.9}",splatcharger,9,9,0,7,2,559,"{""ink_resistance_up"":1.6,""intensify_action"":1,""ink_saver_main"":0.6,""swim_speed_up"":0.6,""quick_respawn"":0.3,""quick_super_jump"":0.3,""special_saver"":0.3,""ninja_squid"":true}",bold,8,6,2,10,3,816,"{""quick_respawn"":0.6,""special_power_up"":0.6,""sub_resistance_up"":0.6,""ink_saver_main"":0.3,""drop_roller"":true,""tenacity"":true,""thermal_ink"":true}",promodeler_rg,6,5,1,7,6,1645,"{""sub_power_up"":1,""ink_resistance_up"":0.9,""special_charge_up"":0.9,""special_power_up"":0.9,""drop_roller"":true,""thermal_ink"":true}",sshooter_collabo,8,6,2,9,3,924,"{""ink_saver_sub"":2.9,""ink_recovery_up"":1,""quick_super_jump"":0.3,""special_charge_up"":0.3}",gold,#1 Overall Splatter,gold,#1 Super Jump Spot,gold,Record-Score Setter,
Sizzle Season 2025,2025-06-30T10:00:00+00:00,10.0.1,bankara_open,hoko,manta,123,alpha,TRUE,S+ 18,,1972,,100,cd510aff,,1764,,0,6e04b6ff,,l3reelgun_d,6,3,3,5,1,571,"{""run_speed_up"":1,""intensify_action"":0.6,""sub_power_up"":0.6,""swim_speed_up"":0.6,""ink_resistance_up"":0.3,""quick_super_jump"":0.3,""special_saver"":0.3,""comeback"":true,""stealth_jump"":true}",dentalwiper_sumi,9,9,0,4,1,571,"{""quick_respawn"":1.6,""quick_super_jump"":1.2,""ink_recovery_up"":0.6,""special_saver"":0.3,""comeback"":true,""stealth_jump"":true}",splatcharger_frst,4,3,1,2,1,375,"{""run_speed_up"":2,""special_charge_up"":1.6,""ink_saver_main"":0.3,""ink_saver_sub"":0.3,""quick_super_jump"":0.3,""special_saver"":0.3,""sub_power_up"":0.3}",barrelspinner,4,4,0,2,1,455,"{""run_speed_up"":3.3,""quick_super_jump"":0.9,""ink_resistance_up"":0.6,""ink_saver_main"":0.3,""sub_resistance_up"":0.3,""swim_speed_up"":0.3}",parashelter_sorella,6,5,1,3,2,590,"{""special_power_up"":2.3,""run_speed_up"":1.3,""ink_saver_main"":0.6,""swim_speed_up"":0.6,""quick_super_jump"":0.3,""special_saver"":0.3,""sub_resistance_up"":0.3}",squiclean_a,1,1,0,4,1,295,"{""special_charge_up"":2.3,""ink_saver_main"":0.6,""swim_speed_up"":0.6,""ink_recovery_up"":0.3,""ink_resistance_up"":0.3,""quick_super_jump"":0.3,""sub_resistance_up"":0.3,""stealth_jump"":true}",gaen_ff_custom,6,4,2,5,1,425,"{""run_speed_up"":1,""intensify_action"":0.6,""sub_power_up"":0.6,""swim_speed_up"":0.6,""ink_resistance_up"":0.3,""quick_super_jump"":0.3,""special_saver"":0.3,""comeback"":true,""stealth_jump"":true}",jimuwiper,3,3,0,7,0,454,"{""quick_respawn"":2.6,""ink_resistance_up"":0.6,""quick_super_jump"":0.6,""sub_resistance_up"":0.6,""special_saver"":0.3,""stealth_jump"":true}",gold,#1 Popular Target,gold,#1 Splat Assister,gold,#1 Turf Inker,
Sizzle Season 2025,2025-06-30T10:00:00+00:00,10.0.1,bankara_open,hoko,namero,300,bravo,FALSE,S+ 18,,5516,,42,d74b31ff,,5366,,77,1ec0adff,,l3reelgun_d,7,5,2,9,6,1486,"{""run_speed_up"":1,""intensify_action"":0.6,""sub_power_up"":0.6,""swim_speed_up"":0.6,""ink_resistance_up"":0.3,""quick_super_jump"":0.3,""special_saver"":0.3,""comeback"":true,""stealth_jump"":true}",barrelspinner,3,3,0,7,4,1439,"{""run_speed_up"":3.3,""quick_super_jump"":0.9,""ink_resistance_up"":0.6,""ink_saver_main"":0.3,""sub_resistance_up"":0.3,""swim_speed_up"":0.3}",bold,7,7,0,8,5,1352,"{""swim_speed_up"":3.5,""ink_saver_sub"":0.6,""intensify_action"":0.6,""object_shredder"":true}",sharp_geck,6,4,2,10,4,1239,"{""swim_speed_up"":1.6,""intensify_action"":0.9,""quick_super_jump"":0.6,""ink_resistance_up"":0.3,""sub_resistance_up"":0.3,""opening_gambit"":true,""stealth_jump"":true}",prime,21,14,7,6,5,1088,"{""special_charge_up"":1,""intensify_action"":0.9,""swim_speed_up"":0.9,""ink_resistance_up"":0.3,""special_saver"":0.3,""sub_resistance_up"":0.3,""comeback"":true,""stealth_jump"":true}",sputtery,10,4,6,4,6,1538,"{""special_charge_up"":1.6,""special_power_up"":1,""special_saver"":0.9,""swim_speed_up"":0.6,""quick_super_jump"":0.3,""sub_power_up"":0.3,""comeback"":true}",wideroller_waku,15,12,3,5,7,1483,"{""ink_saver_main"":2.2,""swim_speed_up"":1,""run_speed_up"":0.6,""ink_resistance_up"":0.3,""quick_super_jump"":0.3,""sub_resistance_up"":0.3,""object_shredder"":true}",bucketslosher,4,3,1,4,5,1257,"{""quick_respawn"":1,""quick_super_jump"":0.9,""ink_saver_sub"":0.6,""swim_speed_up"":0.6,""special_saver"":0.3,""sub_resistance_up"":0.3,""comeback"":true,""stealth_jump"":true}",gold,#1 Overall Splatter,gold,#1 Splat Assister,gold,#1 Turf Inker,
Sizzle Season 2025,2025-06-30T10:00:00+00:00,10.0.1,xmatch,area,decaline,300,alpha,FALSE,,2089.0,5409,,89,c43a6eff,,5207,,87,1bbfabff,,order_shooter_replica,10,8,2,4,5,1603,"{""swim_speed_up"":1.3,""intensify_action"":0.6,""quick_super_jump"":0.6,""special_saver"":0.6,""ink_resistance_up"":0.3,""sub_resistance_up"":0.3,""comeback"":true,""stealth_jump"":true}",jetsweeper_cobr,13,8,5,10,3,1071,"{""ink_saver_sub"":1.6,""ink_resistance_up"":0.6,""quick_super_jump"":0.6,""special_charge_up"":0.6,""swim_speed_up"":0.3,""comeback"":true,""stealth_jump"":true}",lact450_deco,3,2,1,7,5,1622,"{""special_power_up"":2.5,""special_saver"":2.2,""ninja_squid"":true}",bold,10,9,1,7,5,1113,"{""swim_speed_up"":1.6,""quick_super_jump"":0.6,""special_charge_up"":0.6,""ink_resistance_up"":0.3,""special_saver"":0.3,""sub_resistance_up"":0.3,""comeback"":true,""stealth_jump"":true}",hydra,14,11,3,7,5,1524,"{""run_speed_up"":3.5,""swim_speed_up"":1,""ink_resistance_up"":0.6,""intensify_action"":0.3,""sub_resistance_up"":0.3}",sshooter,11,9,2,7,5,1432,"{""special_charge_up"":3.2,""swim_speed_up"":0.9,""intensify_action"":0.6,""stealth_jump"":true}",sshooter_kou,7,4,3,4,6,1140,"{""swim_speed_up"":1.3,""ink_resistance_up"":0.6,""special_saver"":0.6,""intensify_action"":0.3,""quick_super_jump"":0.3,""special_charge_up"":0.3,""sub_resistance_up"":0.3,""last_ditch_effort"":true,""stealth_jump"":true}",prime_collabo,5,4,1,9,3,1111,"{""swim_speed_up"":1,""ink_resistance_up"":0.6,""quick_super_jump"":0.6,""sub_resistance_up"":0.6,""ink_recovery_up"":0.3,""intensify_action"":0.3,""special_saver"":0.3,""last_ditch_effort"":true,""stealth_jump"":true}",silver,#1 Ink Consumer,gold,#1 Splat Zone Inker,gold,#1 Splat Zone Guard,
Sizzle Season 2025,2025-06-30T10:00:00+00:00,10.0.1,bankara_open,hoko,manta,295,alpha,TRUE,S+ 1,,4278,,100,ba30b0ff,,4254,,0,a0c937ff,,carbon_deco,11,7,4,10,0,756,"{""run_speed_up"":1.3,""swim_speed_up"":1.2,""quick_super_jump"":0.9,""ink_saver_sub"":0.3,""ninja_squid"":true,""stealth_jump"":true}",promodeler_mg,17,13,4,6,7,1829,"{""ink_saver_main"":1.6,""special_charge_up"":1.3,""special_power_up"":1.3,""special_saver"":0.6,""swim_speed_up"":0.6,""quick_respawn"":0.3}",splatcharger,10,8,2,5,2,694,"{""ink_resistance_up"":1.6,""intensify_action"":1,""ink_saver_main"":0.6,""swim_speed_up"":0.6,""quick_respawn"":0.3,""quick_super_jump"":0.3,""special_saver"":0.3,""ninja_squid"":true}",sshooter_collabo,11,8,3,9,2,999,"{""swim_speed_up"":3,""ink_recovery_up"":0.6,""quick_super_jump"":0.6,""run_speed_up"":0.6,""ink_saver_main"":0.3,""quick_respawn"":0.3,""special_charge_up"":0.3}",drivewiper,11,8,3,8,6,1395,"{""swim_speed_up"":3.6,""special_power_up"":1.2,""run_speed_up"":0.9}",maneuver_collabo,10,7,3,10,4,1356,"{""run_speed_up"":1,""swim_speed_up"":0.9,""special_charge_up"":0.6,""ink_recovery_up"":0.3,""ink_resistance_up"":0.3,""quick_respawn"":0.3,""special_saver"":0.3,""opening_gambit"":true,""thermal_ink"":true}",liter4k,10,9,1,7,3,773,"{""run_speed_up"":1.3,""swim_speed_up"":0.6,""ink_saver_main"":0.3,""ink_saver_sub"":0.3,""intensify_action"":0.3,""special_power_up"":0.3,""special_saver"":0.3,""sub_power_up"":0.3,""comeback"":true,""drop_roller"":true}",bucketslosher_deco,6,5,1,11,1,730,"{""intensify_action"":1.6,""sub_power_up"":1.3,""ink_resistance_up"":1,""run_speed_up"":0.6,""special_charge_up"":0.3,""special_power_up"":0.3}",gold,#1 Splat Assister,gold,Record-Score Setter,gold,#1 Score Booster,
Sizzle Season 2025,2025-06-30T10:00:00+00:00,10.0.1,xmatch,area,masaba,136,alpha,TRUE,,2089.0,2525,,100,6e04b6ff,,2172,,0,cd510aff,,order_shooter_replica,6,4,2,2,2,702,"{""swim_speed_up"":1.3,""intensify_action"":0.6,""quick_super_jump"":0.6,""special_saver"":0.6,""ink_resistance_up"":0.3,""sub_resistance_up"":0.3,""comeback"":true,""stealth_jump"":true}",52gal,6,6,0,3,4,584,"{""intensify_action"":1.3,""swim_speed_up"":1,""quick_respawn"":0.6,""special_charge_up"":0.6,""special_saver"":0.6,""ink_recovery_up"":0.3,""quick_super_jump"":0.3,""stealth_jump"":true}",hydra_atsu,4,4,0,0,2,774,"{""intensify_action"":1,""special_charge_up"":1,""swim_speed_up"":1,""run_speed_up"":0.9}",carbon_deco,4,4,0,4,2,465,"{""swim_speed_up"":2.8,""special_charge_up"":1.9,""ninja_squid"":true}",bold_neo,3,3,0,4,3,596,"{""swim_speed_up"":3.4,""sub_power_up"":0.3,""ninja_squid"":true,""stealth_jump"":true}",rapid_elite_deco,3,2,1,5,1,433,"{""ink_saver_main"":1.9,""ink_recovery_up"":1.3,""ink_saver_sub"":1,""ink_resistance_up"":0.3,""run_speed_up"":0.3,""special_charge_up"":0.3,""sub_power_up"":0.3,""sub_resistance_up"":0.3}",52gal,3,2,1,5,3,601,"{""swim_speed_up"":1.9,""intensify_action"":1,""ink_recovery_up"":0.6,""ink_resistance_up"":0.3,""quick_super_jump"":0.3,""special_saver"":0.3,""sub_resistance_up"":0.3,""stealth_jump"":true}",52gal,2,2,0,4,3,542,"{""swim_speed_up"":1.3,""ink_recovery_up"":0.9,""ink_saver_main"":0.9,""intensify_action"":0.6,""drop_roller"":true,""opening_gambit"":true}",gold,#1 Overall Splatter,gold,#1 Splat Assister,gold,#1 Splat Zone Guard,
Sizzle Season 2025,2025-06-30T10:00:00+00:00,10.0.1,bankara_open,hoko,namero,303,alpha,FALSE,S+ 18,,5108,,66,6e04b6ff,,5126,,52,cd510aff,,l3reelgun_d,11,7,4,12,6,1453,"{""run_speed_up"":1,""intensify_action"":0.6,""sub_power_up"":0.6,""swim_speed_up"":0.6,""ink_resistance_up"":0.3,""quick_super_jump"":0.3,""special_saver"":0.3,""comeback"":true,""stealth_jump"":true}",sputtery,15,10,5,5,5,1351,"{""special_charge_up"":1.6,""special_power_up"":1,""special_saver"":0.9,""swim_speed_up"":0.6,""quick_super_jump"":0.3,""sub_power_up"":0.3,""comeback"":true}",96gal_sou,12,8,4,4,6,1087,"{""intensify_action"":1,""ink_resistance_up"":0.3,""quick_super_jump"":0.3,""special_charge_up"":0.3,""special_power_up"":0.3,""sub_resistance_up"":0.3,""swim_speed_up"":0.3,""comeback"":true,""stealth_jump"":true}",barrelspinner,5,4,1,8,4,1217,"{""run_speed_up"":3.3,""quick_super_jump"":0.9,""ink_resistance_up"":0.6,""ink_saver_main"":0.3,""sub_resistance_up"":0.3,""swim_speed_up"":0.3}",jimuwiper_fuu,14,10,4,9,4,1374,"{""swim_speed_up"":1.3,""ink_saver_main"":0.6,""quick_super_jump"":0.6,""special_charge_up"":0.6,""ink_resistance_up"":0.3,""quick_respawn"":0.3,""comeback"":true,""stealth_jump"":true}",hydra,7,6,1,7,3,1153,"{""swim_speed_up"":1.9,""run_speed_up"":1.6,""ink_saver_sub"":0.3,""quick_super_jump"":0.3,""special_charge_up"":0.3,""sub_resistance_up"":0.3,""object_shredder"":true}",tristringer_tou,11,8,3,5,6,1383,"{""swim_speed_up"":1.6,""special_charge_up"":1,""ink_saver_main"":0.9,""ink_recovery_up"":0.3,""ink_resistance_up"":0.3,""quick_super_jump"":0.3,""sub_resistance_up"":0.3,""object_shredder"":true}",splatcharger_frst,5,5,0,8,4,1216,"{""swim_speed_up"":1.9,""quick_super_jump"":0.6,""special_charge_up"":0.6,""ink_resistance_up"":0.3,""sub_resistance_up"":0.3,""object_shredder"":true,""respawn_punisher"":true}",silver,First Splat!,gold,#1 Turf Inker,silver,#1 Damage Taker,
Sizzle Season 2025,2025-06-30T10:00:00+00:00,10.0.1,xmatch,area,decaline,140,bravo,TRUE,,1604.1,2316,,0,cd510aff,,2615,,100,6e04b6ff,,sshooter_collabo,5,4,1,4,3,783,"{""swim_speed_up"":1.6,""special_saver"":1,""special_charge_up"":0.6,""ink_recovery_up"":0.3,""ink_resistance_up"":0.3,""intensify_action"":0.3,""quick_super_jump"":0.3,""sub_power_up"":0.3,""comeback"":true}",hokusai,6,5,1,5,1,456,"{""ink_saver_main"":1.9,""ink_saver_sub"":1,""special_charge_up"":1,""quick_respawn"":0.9,""sub_power_up"":0.9}",nova,4,2,2,4,2,462,"{""ink_saver_main"":1.8,""quick_super_jump"":1,""special_charge_up"":1,""ink_recovery_up"":0.9,""ninja_squid"":true}",dynamo,3,2,1,5,1,615,"{""quick_respawn"":1.6,""ink_saver_main"":0.6,""quick_super_jump"":0.6,""swim_speed_up"":0.6,""sub_resistance_up"":0.3,""comeback"":true,""stealth_jump"":true}",bold,8,5,3,0,3,820,"{""quick_super_jump"":3.9}",furo,1,1,0,2,3,765,"{""swim_speed_up"":0.9,""ink_recovery_up"":0.3,""ink_resistance_up"":0.3,""ink_saver_main"":0.3,""quick_super_jump"":0.3,""sub_power_up"":0.3,""sub_resistance_up"":0.3,""last_ditch_effort"":true,""stealth_jump"":true,""thermal_ink"":true}",maneuver_collabo,7,5,2,5,1,610,"{""special_charge_up"":2.6,""special_power_up"":1.2,""special_saver"":0.9,""comeback"":true}",fincent_brnz,7,7,0,6,0,420,"{""swim_speed_up"":4.7,""ninja_squid"":true}",gold,#1 Super Jump Spot,gold,#1 Turf Inker,gold,#1 Popular Target,
Sizzle Season 2025,2025-06-30T10:00:00+00:00,10.0.1,xmatch,area,decaline,89,bravo,TRUE,,2089.0,1679,,0,6e04b6ff,,1963,,100,cd510aff,,order_shooter_replica,2,1,1,3,1,536,"{""swim_speed_up"":1.3,""intensify_action"":0.6,""quick_super_jump"":0.6,""special_saver"":0.6,""ink_resistance_up"":0.3,""sub_resistance_up"":0.3,""comeback"":true,""stealth_jump"":true}",quadhopper_black,2,2,0,4,2,569,"{""quick_respawn"":2.2,""sub_resistance_up"":0.6,""ink_resistance_up"":0.3,""quick_super_jump"":0.3,""special_saver"":0.3,""comeback"":true,""stealth_jump"":true}",carbon_deco,2,1,1,4,0,186,"{""swim_speed_up"":2.8,""special_charge_up"":1.9,""ninja_squid"":true}",prime_frzn,1,1,0,4,1,388,"{""swim_speed_up"":1,""intensify_action"":0.9,""ink_resistance_up"":0.6,""quick_super_jump"":0.6,""special_saver"":0.3,""sub_resistance_up"":0.3,""comeback"":true,""stealth_jump"":true}",order_roller_replica,6,5,1,3,0,344,"{""quick_super_jump"":1.2,""swim_speed_up"":1.2,""sub_resistance_up"":0.3,""ninja_squid"":true,""opening_gambit"":true,""stealth_jump"":true}",quadhopper_black,5,3,2,1,1,462,"{""quick_respawn"":1.6,""ink_resistance_up"":0.9,""quick_super_jump"":0.6,""special_saver"":0.6,""comeback"":true,""stealth_jump"":true}",momiji,5,3,2,0,2,591,"{""swim_speed_up"":1.3,""ink_saver_sub"":1,""quick_respawn"":0.9,""special_saver"":0.6,""quick_super_jump"":0.3,""special_charge_up"":0.3,""special_power_up"":0.3,""stealth_jump"":true}",lact450_milk,5,4,1,1,2,566,"{""quick_respawn"":1.9,""ink_saver_main"":1.3,""quick_super_jump"":0.9,""special_saver"":0.3,""swim_speed_up"":0.3,""stealth_jump"":true}",gold,#1 Overall Splatter,gold,#1 Super Jump Spot,gold,#1 Splat Zone Inker,
Sizzle Season 2025,2025-06-30T10:00:00+00:00,10.0.1,xmatch,area,decaline,197,bravo,TRUE,,1579.1,3407,,0,cfb121ff,,3417,,100,9025c6ff,,sshooter_collabo,4,4,0,4,7,1195,"{""swim_speed_up"":1.6,""special_saver"":1,""special_charge_up"":0.6,""ink_recovery_up"":0.3,""ink_resistance_up"":0.3,""intensify_action"":0.3,""quick_super_jump"":0.3,""sub_power_up"":0.3,""comeback"":true}",hissen_ash,3,3,0,4,4,783,"{""swim_speed_up"":1.6,""quick_respawn"":1,""run_speed_up"":1,""ink_saver_main"":0.6,""special_charge_up"":0.6,""ink_recovery_up"":0.3,""intensify_action"":0.3,""sub_resistance_up"":0.3}",splatscope_collabo,3,3,0,4,3,702,"{""special_charge_up"":1.3,""swim_speed_up"":0.9,""ink_recovery_up"":0.6,""quick_super_jump"":0.6,""special_saver"":0.3,""respawn_punisher"":true,""stealth_jump"":true}",prime_frzn,1,1,0,5,4,727,"{""swim_speed_up"":1,""ink_saver_main"":0.9,""ink_saver_sub"":0.6,""intensify_action"":0.6,""special_power_up"":0.3,""sub_resistance_up"":0.3,""comeback"":true,""stealth_jump"":true}",sshooter_kou,8,8,0,4,2,724,"{""swim_speed_up"":1,""special_charge_up"":0.9,""special_saver"":0.6,""ink_resistance_up"":0.3,""ink_saver_sub"":0.3,""intensify_action"":0.3,""quick_super_jump"":0.3,""comeback"":true,""stealth_jump"":true}",furo,4,2,2,2,4,1298,"{""ink_saver_main"":2.6,""ink_recovery_up"":1.9,""ink_saver_sub"":1.2}",liter4k_custom,2,2,0,2,2,503,"{""run_speed_up"":2.2,""ink_saver_sub"":1.9,""special_charge_up"":1.3,""special_saver"":0.3}",sshooter_collabo,5,5,0,3,3,892,"{""swim_speed_up"":0.9,""special_saver"":0.6,""sub_power_up"":0.6,""ink_resistance_up"":0.3,""quick_super_jump"":0.3,""comeback"":true,""ninja_squid"":true,""stealth_jump"":true}",gold,#1 Overall Splatter,gold,#1 Turf Inker,gold,#1 Splat Zone Inker,
Sizzle Season 2025,2025-06-30T10:00:00+00:00,10.0.1,xmatch,area,masaba,177,bravo,TRUE,,2089.0,3861,,0,1bbfabff,,4145,,100,c43a6eff,,order_shooter_replica,2,2,0,3,4,1046,"{""swim_speed_up"":1.3,""intensify_action"":0.6,""quick_super_jump"":0.6,""special_saver"":0.6,""ink_resistance_up"":0.3,""sub_resistance_up"":0.3,""comeback"":true,""stealth_jump"":true}",jetsweeper_cobr,5,3,2,5,2,740,"{""ink_saver_main"":1.3,""quick_super_jump"":0.6,""swim_speed_up"":0.6,""ink_recovery_up"":0.3,""special_charge_up"":0.3,""sub_power_up"":0.3,""sub_resistance_up"":0.3,""comeback"":true,""stealth_jump"":true}",splatspinner_pytn,3,2,1,5,6,1152,"{""run_speed_up"":2.2,""special_charge_up"":1,""ink_resistance_up"":0.6,""swim_speed_up"":0.6,""quick_super_jump"":0.3,""stealth_jump"":true}",splatspinner_pytn,3,3,0,7,4,923,"{""special_charge_up"":1.6,""run_speed_up"":1.2,""ink_resistance_up"":0.3,""quick_super_jump"":0.3,""swim_speed_up"":0.3,""comeback"":true,""stealth_jump"":true}",sharp_geck,10,10,0,2,4,1122,"{""swim_speed_up"":1.6,""ink_resistance_up"":0.6,""ink_saver_sub"":0.6,""quick_super_jump"":0.6,""special_saver"":0.3,""comeback"":true,""stealth_jump"":true}",hydra,3,0,3,1,5,1024,"{""special_charge_up"":1.9,""special_power_up"":1.3,""run_speed_up"":0.6,""quick_super_jump"":0.3,""sub_resistance_up"":0.3,""tenacity"":true}",prime_collabo,7,5,2,3,3,990,"{""swim_speed_up"":1,""intensify_action"":0.9,""sub_power_up"":0.6,""ink_resistance_up"":0.3,""ink_saver_main"":0.3,""quick_super_jump"":0.3,""sub_resistance_up"":0.3,""last_ditch_effort"":true,""stealth_jump"":true}",splatspinner_pytn,6,5,1,4,3,1009,"{""run_speed_up"":1.9,""sub_power_up"":0.6,""ink_resistance_up"":0.3,""quick_super_jump"":0.3,""special_saver"":0.3,""sub_resistance_up"":0.3,""comeback"":true,""stealth_jump"":true}",gold,#1 Super Jump Spot,gold,#1 Popular Target,silver,#1 Damage Taker,
Sizzle Season 2025,2025-06-30T10:00:00+00:00,10.0.1,bankara_open,hoko,namero,110,bravo,TRUE,S+ 18,,1873,,0,6e04b6ff,,1859,,100,cd510aff,,l3reelgun_d,4,3,1,2,3,627,"{""run_speed_up"":1,""intensify_action"":0.6,""sub_power_up"":0.6,""swim_speed_up"":0.6,""ink_resistance_up"":0.3,""quick_super_jump"":0.3,""special_saver"":0.3,""comeback"":true,""stealth_jump"":true}",barrelspinner,5,4,1,3,2,549,"{""run_speed_up"":3.3,""quick_super_jump"":0.9,""ink_resistance_up"":0.6,""ink_saver_main"":0.3,""sub_resistance_up"":0.3,""swim_speed_up"":0.3}",prime_frzn,2,0,2,3,2,384,"{""quick_respawn"":1.6,""special_charge_up"":0.9,""quick_super_jump"":0.6,""sub_power_up"":0.6,""comeback"":true,""stealth_jump"":true}",sshooter_kou,3,1,2,3,1,313,"{""sub_power_up"":2,""stealth_jump"":true}",jimuwiper,5,4,1,0,2,561,"{""special_charge_up"":0.9,""ink_resistance_up"":0.6,""ink_saver_sub"":0.6,""quick_super_jump"":0.3,""swim_speed_up"":0.3,""last_ditch_effort"":true,""ninja_squid"":true,""stealth_jump"":true}",order_roller_replica,5,4,1,3,0,477,"{""quick_super_jump"":1.9,""swim_speed_up"":1.2,""sub_resistance_up"":0.6,""ninja_squid"":true,""stealth_jump"":true}",nzap85,3,1,2,3,1,559,"{""swim_speed_up"":1,""ink_saver_sub"":0.9,""intensify_action"":0.9,""quick_respawn"":0.3,""special_charge_up"":0.3,""sub_resistance_up"":0.3,""comeback"":true,""stealth_jump"":true}",liter4k_custom,2,2,0,2,1,262,"{""swim_speed_up"":1.3,""special_power_up"":1,""ink_saver_main"":0.9,""quick_super_jump"":0.6,""sub_power_up"":0.6,""sub_resistance_up"":0.3,""respawn_punisher"":true}",gold,#1 Super Jump Spot,gold,#1 Turf Inker,silver,#1 Ground Traveler,
Sizzle Season 2025,2025-06-30T10:00:00+00:00,10.0.1,xmatch,area,masaba,110,bravo,TRUE,,1579.1,2398,,0,1bbfabff,,2330,,100,c43a6eff,,sshooter_collabo,1,1,0,2,3,746,"{""swim_speed_up"":1.6,""special_saver"":1,""special_charge_up"":0.6,""ink_recovery_up"":0.3,""ink_resistance_up"":0.3,""intensify_action"":0.3,""quick_super_jump"":0.3,""sub_power_up"":0.3,""comeback"":true}",wideroller_waku,4,1,3,2,2,485,"{""ink_saver_sub"":1.9,""swim_speed_up"":1.6,""special_charge_up"":0.6,""ink_saver_main"":0.3,""sub_power_up"":0.3,""ninja_squid"":true}",tristringer_tou,2,2,0,4,1,551,"{""special_power_up"":1,""special_charge_up"":0.9,""swim_speed_up"":0.9,""ink_resistance_up"":0.3,""special_saver"":0.3,""sub_resistance_up"":0.3,""drop_roller"":true,""respawn_punisher"":true}",explosher,2,2,0,4,1,616,"{""swim_speed_up"":1.9,""ink_saver_main"":1.6,""quick_super_jump"":0.6,""ink_resistance_up"":0.3,""special_charge_up"":0.3,""stealth_jump"":true}",hotblaster_custom,9,9,0,3,1,496,"{""quick_super_jump"":0.9,""run_speed_up"":0.6,""sub_resistance_up"":0.6,""quick_respawn"":0.3,""comeback"":true,""ninja_squid"":true,""stealth_jump"":true}",furuido_custom,6,1,5,0,2,557,"{""ink_saver_main"":1.9,""ink_saver_sub"":1.9,""sub_power_up"":1,""ink_recovery_up"":0.9}",hydra_atsu,2,1,1,1,1,522,"{""run_speed_up"":3.2,""ink_resistance_up"":1.3,""intensify_action"":0.6,""special_charge_up"":0.3}",promodeler_rg,2,1,1,2,2,755,"{""swim_speed_up"":2.8,""special_power_up"":1.9,""ninja_squid"":true}",silver,#1 Ink Consumer,gold,#1 Turf Inker,silver,#2 Super Jump Spot,
Sizzle Season 2025,2025-06-30T10:00:00+00:00,10.0.1,xmatch,area,decaline,86,bravo,TRUE,,2064.0,1709,,0,cd510aff,,1797,,100,6e04b6ff,,order_shooter_replica,3,3,0,2,2,595,"{""swim_speed_up"":1.3,""intensify_action"":0.6,""quick_super_jump"":0.6,""special_saver"":0.6,""ink_resistance_up"":0.3,""sub_resistance_up"":0.3,""comeback"":true,""stealth_jump"":true}",hotblaster_custom,2,2,0,4,0,249,"{""swim_speed_up"":1.9,""intensify_action"":1,""ink_resistance_up"":0.9,""quick_super_jump"":0.9,""stealth_jump"":true}",hydra,0,0,0,1,3,495,"{""special_charge_up"":1.9,""special_power_up"":1.3,""run_speed_up"":0.6,""quick_super_jump"":0.3,""sub_resistance_up"":0.3,""tenacity"":true}",bucketslosher,0,0,0,4,1,370,"{""quick_respawn"":1.6,""quick_super_jump"":0.6,""ink_resistance_up"":0.3,""ink_saver_sub"":0.3,""special_saver"":0.3,""sub_resistance_up"":0.3,""swim_speed_up"":0.3,""opening_gambit"":true,""stealth_jump"":true}",maneuver,7,6,1,2,2,476,"{""intensify_action"":1.2,""special_charge_up"":1,""quick_super_jump"":0.6,""ink_resistance_up"":0.3,""special_saver"":0.3,""sub_resistance_up"":0.3,""comeback"":true,""stealth_jump"":true}",explosher_custom,2,0,2,0,1,512,"{""special_charge_up"":1.6,""swim_speed_up"":1,""ink_saver_main"":0.9,""ink_recovery_up"":0.6,""special_power_up"":0.3,""special_saver"":0.3,""last_ditch_effort"":true}",52gal,4,3,1,1,2,552,"{""quick_super_jump"":1.6,""swim_speed_up"":1.3,""ink_resistance_up"":0.6,""intensify_action"":0.6,""special_charge_up"":0.3,""special_saver"":0.3,""stealth_jump"":true}",longblaster,2,2,0,2,0,257,"{""intensify_action"":1.9,""ink_saver_main"":0.9,""quick_super_jump"":0.6,""ink_resistance_up"":0.3,""comeback"":true,""stealth_jump"":true}",gold,#1 Overall Splatter,gold,#1 Turf Inker,gold,#1 Splat Zone Inker,
Sizzle Season 2025,2025-06-30T10:00:00+00:00,10.0.1,bankara_open,hoko,namero,301,alpha,FALSE,S+ 18,,4688,,96,a0c937ff,,4261,,40,ba30b0ff,,l3reelgun_d,18,11,7,8,5,1330,"{""run_speed_up"":1,""intensify_action"":0.6,""sub_power_up"":0.6,""swim_speed_up"":0.6,""ink_resistance_up"":0.3,""quick_super_jump"":0.3,""special_saver"":0.3,""comeback"":true,""stealth_jump"":true}",barrelspinner,18,13,5,5,4,1032,"{""run_speed_up"":3.3,""quick_super_jump"":0.9,""ink_resistance_up"":0.6,""ink_saver_main"":0.3,""sub_resistance_up"":0.3,""swim_speed_up"":0.3}",promodeler_mg,15,11,4,8,5,1483,"{""special_power_up"":1,""swim_speed_up"":1,""sub_resistance_up"":0.9,""ink_resistance_up"":0.6,""quick_super_jump"":0.6,""intensify_action"":0.3,""special_saver"":0.3,""stealth_jump"":true}",soytuber_custom,10,10,0,5,4,843,"{""ink_saver_sub"":1.9,""swim_speed_up"":1,""quick_super_jump"":0.9,""ink_resistance_up"":0.3,""ink_saver_main"":0.3,""special_saver"":0.3,""stealth_jump"":true}",sshooter,15,14,1,10,4,1062,"{""swim_speed_up"":1.9,""ink_recovery_up"":1.8,""comeback"":true,""stealth_jump"":true}",splatscope_frst,3,3,0,10,2,1306,"{""swim_speed_up"":1.6,""ink_recovery_up"":1,""ink_saver_main"":0.9,""quick_super_jump"":0.6,""special_saver"":0.3,""sub_resistance_up"":0.3,""stealth_jump"":true}",maneuver_collabo,5,2,3,13,1,1060,"{""swim_speed_up"":1.9,""ink_saver_sub"":1.3,""quick_super_jump"":0.9,""ink_saver_main"":0.6,""stealth_jump"":true}",sshooter_kou,8,7,1,12,2,833,"{""ink_saver_sub"":1.9,""swim_speed_up"":1.9,""quick_super_jump"":0.6,""intensify_action"":0.3,""stealth_jump"":true}",gold,#1 Overall Splatter,gold,#1 Splat Assister,silver,#1 Rainmaker Stopper,
Sizzle Season 2025,2025-06-30T10:00:00+00:00,10.0.1,xmatch,area,masaba,108,alpha,TRUE,,1579.1,1935,,100,343bc4ff,,2034,,0,df6624ff,,sshooter_collabo,2,2,0,0,2,704,"{""swim_speed_up"":1.6,""special_saver"":1,""special_charge_up"":0.6,""ink_recovery_up"":0.3,""ink_resistance_up"":0.3,""intensify_action"":0.3,""quick_super_jump"":0.3,""sub_power_up"":0.3,""comeback"":true}",splatroller,4,4,0,1,1,345,"{""swim_speed_up"":1.3,""quick_super_jump"":0.9,""run_speed_up"":0.6,""ink_resistance_up"":0.3,""ink_saver_main"":0.3,""special_charge_up"":0.3,""drop_roller"":true,""ninja_squid"":true}",prime_collabo,2,1,1,2,2,520,"{""ink_saver_sub"":1.9,""swim_speed_up"":1.9,""special_charge_up"":0.6,""quick_super_jump"":0.3,""stealth_jump"":true}",clashblaster,2,2,0,2,1,366,"{""swim_speed_up"":1.3,""ink_saver_sub"":1,""ink_recovery_up"":0.9,""ink_saver_main"":0.9,""ink_resistance_up"":0.3,""sub_resistance_up"":0.3,""stealth_jump"":true}",momiji,4,1,3,2,3,605,"{""ink_saver_sub"":3.2,""ink_saver_main"":1,""swim_speed_up"":0.6,""special_charge_up"":0.3,""special_power_up"":0.3,""special_saver"":0.3}",splatspinner_pytn,3,3,0,3,3,550,"{""run_speed_up"":1.6,""ink_resistance_up"":1,""sub_power_up"":0.6,""swim_speed_up"":0.6,""ink_saver_main"":0.3,""quick_super_jump"":0.3,""sub_resistance_up"":0.3,""stealth_jump"":true}",sharp_geck,2,0,2,1,2,399,"{""swim_speed_up"":2.3,""ink_saver_sub"":0.9,""ink_recovery_up"":0.3,""ink_resistance_up"":0.3,""intensify_action"":0.3,""run_speed_up"":0.3,""sub_resistance_up"":0.3,""comeback"":true}",maneuver_collabo,1,1,0,3,1,480,"{""swim_speed_up"":1,""intensify_action"":0.6,""quick_respawn"":0.6,""quick_super_jump"":0.6,""ink_resistance_up"":0.3,""ink_saver_sub"":0.3,""special_power_up"":0.3,""comeback"":true,""stealth_jump"":true}",gold,#1 Super Jump Spot,gold,#1 Turf Inker,gold,#1 Splat Zone Inker,
Sizzle Season 2025,2025-06-30T10:00:00+00:00,10.0.1,xmatch,area,decaline,216,bravo,TRUE,,2064.0,3488,,0,cd510aff,,3886,,100,6e04b6ff,,order_shooter_replica,4,2,2,9,2,873,"{""swim_speed_up"":1.3,""intensify_action"":0.6,""quick_super_jump"":0.6,""special_saver"":0.6,""ink_resistance_up"":0.3,""sub_resistance_up"":0.3,""comeback"":true,""stealth_jump"":true}",explosher_custom,9,7,2,5,4,1297,"{""swim_speed_up"":1.9,""quick_respawn"":0.9,""special_power_up"":0.9,""stealth_jump"":true,""thermal_ink"":true}",liter4k,6,5,1,5,2,573,"{""swim_speed_up"":1.6,""ink_saver_main"":1.3,""quick_respawn"":0.6,""special_charge_up"":0.6,""ink_recovery_up"":0.3,""quick_super_jump"":0.3,""respawn_punisher"":true}",maneuver_you,7,6,1,8,2,745,"{""quick_respawn"":1.6,""swim_speed_up"":0.6,""ink_resistance_up"":0.3,""intensify_action"":0.3,""quick_super_jump"":0.3,""special_charge_up"":0.3,""special_saver"":0.3,""comeback"":true,""stealth_jump"":true}",52gal,15,11,4,9,1,793,"{""quick_respawn"":1.6,""swim_speed_up"":0.9,""ink_saver_sub"":0.6,""ink_resistance_up"":0.3,""sub_power_up"":0.3,""comeback"":true,""stealth_jump"":true}",barrelspinner,8,4,4,4,3,895,"{""run_speed_up"":2.9,""ink_resistance_up"":1,""intensify_action"":0.6,""quick_super_jump"":0.6,""swim_speed_up"":0.6}",liter4k,9,5,4,3,3,954,"{""swim_speed_up"":1.6,""ink_saver_main"":0.9,""quick_super_jump"":0.6,""ink_resistance_up"":0.3,""sub_resistance_up"":0.3,""object_shredder"":true,""respawn_punisher"":true}",wakaba,9,7,2,4,4,1244,"{""ink_saver_sub"":3.2,""sub_power_up"":1,""ink_recovery_up"":0.6,""swim_speed_up"":0.6,""special_saver"":0.3}",gold,#1 Splat Assister,gold,#1 Splat Zone Guard,silver,#2 Turf Inker,
Sizzle Season 2025,2025-06-30T10:00:00+00:00,10.0.1,xmatch,area,masaba,77,bravo,TRUE,,1579.1,1355,,0,cd510aff,,1902,,100,6e04b6ff,,sshooter_collabo,0,0,0,3,1,431,"{""swim_speed_up"":1.6,""special_saver"":1,""special_charge_up"":0.6,""ink_recovery_up"":0.3,""ink_resistance_up"":0.3,""intensify_action"":0.3,""quick_super_jump"":0.3,""sub_power_up"":0.3,""comeback"":true}",pablo_hue,1,1,0,3,2,400,"{""quick_respawn"":2.2,""quick_super_jump"":0.6,""ink_recovery_up"":0.3,""special_saver"":0.3,""sub_resistance_up"":0.3,""comeback"":true,""stealth_jump"":true}",quadhopper_black,0,0,0,5,0,295,"{""quick_respawn"":4.7,""stealth_jump"":true}",splatroller,0,0,0,4,1,229,"{""swim_speed_up"":1,""ink_resistance_up"":0.9,""quick_super_jump"":0.9,""special_power_up"":0.3,""special_saver"":0.3,""sub_resistance_up"":0.3,""ninja_squid"":true,""stealth_jump"":true}",sshooter,9,6,3,0,1,418,"{""quick_respawn"":2.6,""quick_super_jump"":0.9,""ink_saver_sub"":0.6,""sub_resistance_up"":0.3,""swim_speed_up"":0.3,""haunt"":true}",furo,8,4,4,1,2,589,"{""ink_saver_sub"":2.6,""sub_power_up"":1.2,""ink_saver_main"":0.6,""swim_speed_up"":0.3,""ninja_squid"":true}",sputtery_hue,4,3,1,0,2,614,"{""quick_respawn"":1.9,""sub_power_up"":1.6,""ink_saver_main"":0.3,""run_speed_up"":0.3,""sub_resistance_up"":0.3,""swim_speed_up"":0.3,""ninja_squid"":true}",hokusai_hue,4,2,2,0,1,281,"{""swim_speed_up"":2.1,""sub_power_up"":1.3,""ink_saver_main"":1,""ink_recovery_up"":0.3,""ninja_squid"":true}",silver,#1 Ink Consumer,gold,#1 Turf Inker,silver,#1 Damage Taker,
Sizzle Season 2025,2025-06-30T10:00:00+00:00,10.0.1,bankara_challenge,yagura,chozame,309,bravo,FALSE,,,4573,,64,6e04b6ff,,4764,,73,cd510aff,,dualsweeper_tei,11,4,7,6,4,1350,"{""ink_saver_main"":1,""intensify_action"":0.6,""quick_super_jump"":0.6,""sub_power_up"":0.6,""ink_recovery_up"":0.3,""special_power_up"":0.3,""special_saver"":0.3,""opening_gambit"":true,""stealth_jump"":true}",nzap85,10,5,5,9,6,1468,"{""special_charge_up"":1.3,""swim_speed_up"":1.3,""quick_super_jump"":0.6,""special_power_up"":0.6,""special_saver"":0.6,""ink_resistance_up"":0.3,""stealth_jump"":true}",splatroller,10,10,0,12,2,921,"{""swim_speed_up"":3.1,""intensify_action"":0.3,""sub_power_up"":0.3,""ninja_squid"":true,""stealth_jump"":true}",sblast91,9,8,1,12,2,834,"{""quick_respawn"":2.2,""quick_super_jump"":0.6,""ink_resistance_up"":0.3,""special_saver"":0.3,""sub_resistance_up"":0.3,""comeback"":true,""stealth_jump"":true}",rapid_elite_wntr,18,9,9,6,5,1147,"{""ink_saver_main"":1.3,""intensify_action"":1,""swim_speed_up"":0.9,""ink_resistance_up"":0.3,""quick_super_jump"":0.3,""special_charge_up"":0.3,""special_power_up"":0.3,""sub_resistance_up"":0.3,""stealth_jump"":true}",drivewiper_rust,10,8,2,7,7,1321,"{""swim_speed_up"":2.9,""ink_recovery_up"":0.9,""special_charge_up"":0.6,""quick_respawn"":0.3,""ninja_squid"":true}",sharp,17,12,5,6,4,1024,"{""ink_saver_sub"":1.2,""run_speed_up"":1,""quick_super_jump"":0.6,""ink_resistance_up"":0.3,""sub_power_up"":0.3,""swim_speed_up"":0.3,""comeback"":true,""stealth_jump"":true}",l3reelgun_d,16,10,6,8,7,1272,"{""swim_speed_up"":1.3,""run_speed_up"":1,""ink_resistance_up"":0.6,""intensify_action"":0.6,""sub_power_up"":0.6,""quick_super_jump"":0.3,""sub_resistance_up"":0.3,""stealth_jump"":true}",gold,#1 Overall Splatter,gold,#1 Super Jump Spot,gold,#1 Splat Assister,
Sizzle Season 2025,2025-06-30T10:00:00+00:00,10.0.1,bankara_open,hoko,manta,300,alpha,FALSE,S+ 18,,4587,,99,343bc4ff,,4046,,37,df6624ff,,l3reelgun_d,8,6,2,8,4,1458,"{""run_speed_up"":1,""intensify_action"":0.6,""sub_power_up"":0.6,""swim_speed_up"":0.6,""ink_resistance_up"":0.3,""quick_super_jump"":0.3,""special_saver"":0.3,""comeback"":true,""stealth_jump"":true}",barrelspinner,10,9,1,7,1,1017,"{""run_speed_up"":3.3,""quick_super_jump"":0.9,""ink_resistance_up"":0.6,""ink_saver_main"":0.3,""sub_resistance_up"":0.3,""swim_speed_up"":0.3}",bucketslosher,15,10,5,10,1,1002,"{""quick_respawn"":1.9,""quick_super_jump"":0.6,""swim_speed_up"":0.6,""ink_saver_sub"":0.3,""sub_resistance_up"":0.3,""comeback"":true,""stealth_jump"":true}",jimuwiper,14,11,3,6,2,1110,"{""swim_speed_up"":1,""ink_saver_main"":0.9,""sub_power_up"":0.9,""quick_super_jump"":0.6,""ink_resistance_up"":0.3,""comeback"":true,""stealth_jump"":true}",moprin,11,8,3,10,4,1390,"{""ink_saver_main"":1,""quick_super_jump"":0.9,""ink_saver_sub"":0.6,""sub_power_up"":0.6,""special_power_up"":0.3,""swim_speed_up"":0.3,""stealth_jump"":true,""tenacity"":true}",dualsweeper,12,5,7,10,3,792,"{""special_charge_up"":1,""ink_recovery_up"":0.6,""sub_power_up"":0.6,""ink_resistance_up"":0.3,""run_speed_up"":0.3,""special_power_up"":0.3,""special_saver"":0.3,""sub_resistance_up"":0.3,""comeback"":true,""stealth_jump"":true}",liter4k,11,8,3,3,5,1094,"{""ink_saver_main"":1.9,""quick_super_jump"":1.9,""run_speed_up"":0.9,""drop_roller"":true}",bold,11,10,1,13,5,770,"{""swim_speed_up"":2.2,""special_charge_up"":1.3,""ink_resistance_up"":0.3,""quick_super_jump"":0.3,""special_saver"":0.3,""sub_resistance_up"":0.3,""stealth_jump"":true}",silver,#1 Ink Consumer,gold,#1 Turf Inker,silver,#1 Ground Traveler,
Sizzle Season 2025,2025-06-30T10:00:00+00:00,10.0.1,xmatch,area,decaline,119,bravo,TRUE,,2064.0,2280,,0,bfcd41ff,,2031,,100,6325cdff,,order_shooter_replica,7,6,1,4,2,665,"{""swim_speed_up"":1.3,""intensify_action"":0.6,""quick_super_jump"":0.6,""special_saver"":0.6,""ink_resistance_up"":0.3,""sub_resistance_up"":0.3,""comeback"":true,""stealth_jump"":true}",prime_frzn,1,0,1,4,2,574,"{""special_charge_up"":1.6,""swim_speed_up"":0.9,""intensify_action"":0.6,""ink_resistance_up"":0.3,""special_saver"":0.3,""comeback"":true,""stealth_jump"":true}",nova,4,4,0,4,2,503,"{""quick_respawn"":2.5,""ink_resistance_up"":0.3,""ink_saver_main"":0.3,""quick_super_jump"":0.3,""sub_resistance_up"":0.3,""comeback"":true,""stealth_jump"":true}",wideroller_waku,3,3,0,5,0,538,"{""ink_saver_main"":1.3,""ink_saver_sub"":1.3,""ink_resistance_up"":0.9,""quick_respawn"":0.9,""stealth_jump"":true}",52gal,7,6,1,3,1,628,"{""quick_respawn"":1.6,""swim_speed_up"":0.9,""ink_saver_sub"":0.6,""ink_resistance_up"":0.3,""sub_power_up"":0.3,""comeback"":true,""stealth_jump"":true}",sshooter,6,5,1,2,1,583,"{""quick_super_jump"":1.2,""swim_speed_up"":1,""ink_resistance_up"":0.6,""intensify_action"":0.6,""special_saver"":0.3,""comeback"":true,""stealth_jump"":true}",splatroller,4,2,2,4,1,395,"{""quick_super_jump"":1.9,""swim_speed_up"":1.5,""sub_resistance_up"":0.3,""ninja_squid"":true,""stealth_jump"":true}",sblast91,4,4,0,4,1,425,"{""quick_respawn"":1.3,""ink_saver_sub"":1.2,""quick_super_jump"":0.6,""ink_resistance_up"":0.3,""sub_resistance_up"":0.3,""comeback"":true,""stealth_jump"":true}",gold,#1 Overall Splatter,gold,#1 Turf Inker,gold,#1 Splat Zone Guard,
Sizzle Season 2025,2025-06-30T10:00:00+00:00,10.0.1,xmatch,area,decaline,187,bravo,TRUE,,1529.1,4124,,0,bfcd41ff,,4127,,100,6325cdff,,sshooter_collabo,4,4,0,2,5,1176,"{""swim_speed_up"":1.6,""special_saver"":1,""special_charge_up"":0.6,""ink_recovery_up"":0.3,""ink_resistance_up"":0.3,""intensify_action"":0.3,""quick_super_jump"":0.3,""sub_power_up"":0.3,""comeback"":true}",sputtery_owl,3,1,2,4,5,942,"{""ink_saver_sub"":3.9,""ink_recovery_up"":0.3,""quick_respawn"":0.3,""quick_super_jump"":0.3,""special_power_up"":0.3,""special_saver"":0.3,""sub_power_up"":0.3}",tristringer_collabo,2,2,0,3,4,1117,"{""run_speed_up"":1.3,""quick_super_jump"":1.2,""ink_saver_main"":1,""ink_saver_sub"":0.6,""ink_resistance_up"":0.3,""quick_respawn"":0.3,""object_shredder"":true}",sharp,1,1,0,4,3,889,"{""sub_power_up"":3.8,""ink_saver_sub"":1.9}",order_shooter_replica,6,4,2,0,4,1050,"{""swim_speed_up"":2.9,""quick_super_jump"":1.2,""intensify_action"":0.6,""comeback"":true}",gaen_ff_custom,6,6,0,2,4,888,"{""quick_respawn"":3.5,""quick_super_jump"":1.9}",momiji,4,1,3,2,5,1103,"{""ink_saver_sub"":3.2,""sub_power_up"":0.9,""special_charge_up"":0.6,""stealth_jump"":true}",nzap89,2,2,0,4,4,1086,"{""swim_speed_up"":1.9,""ink_saver_sub"":1,""quick_respawn"":0.6,""run_speed_up"":0.6,""intensify_action"":0.3,""quick_super_jump"":0.3,""ninja_squid"":true}",gold,#1 Overall Splatter,gold,#1 Turf Inker,gold,#1 Splat Zone Guard,
Sizzle Season 2025,2025-06-30T10:00:00+00:00,10.0.1,xmatch,area,decaline,294,bravo,TRUE,,1989.0,4379,,0,df6624ff,,4670,,100,343bc4ff,,order_shooter_replica,14,9,5,11,4,1241,"{""swim_speed_up"":1.3,""intensify_action"":0.6,""quick_super_jump"":0.6,""special_saver"":0.6,""ink_resistance_up"":0.3,""sub_resistance_up"":0.3,""comeback"":true,""stealth_jump"":true}",tristringer_tou,14,11,3,7,4,1302,"{""special_power_up"":1,""special_charge_up"":0.9,""ink_saver_main"":0.6,""swim_speed_up"":0.6,""ink_recovery_up"":0.3,""ink_resistance_up"":0.3,""last_ditch_effort"":true,""object_shredder"":true}",kelvin525,14,10,4,10,4,975,"{""quick_respawn"":2.5,""ink_recovery_up"":0.6,""quick_super_jump"":0.6,""comeback"":true,""stealth_jump"":true}",bold_neo,7,6,1,11,5,861,"{""swim_speed_up"":1,""sub_power_up"":0.9,""run_speed_up"":0.6,""ink_resistance_up"":0.3,""quick_super_jump"":0.3,""special_saver"":0.3,""sub_resistance_up"":0.3,""last_ditch_effort"":true,""stealth_jump"":true}",hissen,17,16,1,6,5,1283,"{""special_power_up"":1,""ink_resistance_up"":0.9,""quick_super_jump"":0.6,""special_charge_up"":0.6,""swim_speed_up"":0.6,""drop_roller"":true,""ninja_squid"":true}",order_spinner_replica,9,7,2,8,6,1427,"{""run_speed_up"":2,""intensify_action"":0.9,""quick_super_jump"":0.9,""special_saver"":0.9,""stealth_jump"":true}",52gal,15,9,6,11,2,887,"{""swim_speed_up"":1.3,""intensify_action"":0.9,""ink_saver_main"":0.3,""ink_saver_sub"":0.3,""quick_super_jump"":0.3,""special_charge_up"":0.3,""special_power_up"":0.3,""opening_gambit"":true,""stealth_jump"":true}",quadhopper_black,11,7,4,11,3,1073,"{""quick_respawn"":2.8,""swim_speed_up"":1,""ink_resistance_up"":0.3,""quick_super_jump"":0.3,""sub_resistance_up"":0.3,""stealth_jump"":true}",gold,#1 Overall Splatter,silver,#1 Splat Zone Hero,gold,#1 Splat Assister,
Sizzle Season 2025,2025-06-30T10:00:00+00:00,10.0.1,bankara_challenge,yagura,chozame,309,bravo,FALSE,,,4467,,76,6e04b6ff,,4486,,95,cd510aff,,dualsweeper_tei,18,11,7,9,4,1316,"{""ink_saver_main"":1,""intensify_action"":0.6,""quick_super_jump"":0.6,""sub_power_up"":0.6,""ink_recovery_up"":0.3,""special_power_up"":0.3,""special_saver"":0.3,""opening_gambit"":true,""stealth_jump"":true}",dynamo_tesla,14,13,1,9,6,1482,"{""ink_saver_main"":1.9,""special_charge_up"":1.9,""ink_recovery_up"":0.3,""quick_respawn"":0.3,""quick_super_jump"":0.3,""drop_roller"":true}",sblast91,10,6,4,11,3,688,"{""quick_respawn"":1.3,""ink_saver_sub"":0.9,""intensify_action"":0.3,""quick_super_jump"":0.3,""special_saver"":0.3,""sub_power_up"":0.3,""sub_resistance_up"":0.3,""comeback"":true,""stealth_jump"":true}",longblaster,8,6,2,12,2,981,"{""special_power_up"":1,""swim_speed_up"":1,""intensify_action"":0.9,""quick_super_jump"":0.6,""special_charge_up"":0.6,""ink_resistance_up"":0.3,""ink_saver_main"":0.3,""stealth_jump"":true}",prime_collabo,19,17,2,9,4,1344,"{""intensify_action"":1,""swim_speed_up"":0.9,""ink_resistance_up"":0.6,""ink_saver_main"":0.3,""quick_super_jump"":0.3,""sub_power_up"":0.3,""sub_resistance_up"":0.3,""last_ditch_effort"":true,""stealth_jump"":true}",examiner,9,4,5,8,3,1269,"{""run_speed_up"":2.9,""sub_resistance_up"":0.6,""ink_recovery_up"":0.3,""ink_saver_main"":0.3,""quick_respawn"":0.3,""quick_super_jump"":0.3,""stealth_jump"":true}",maneuver_collabo,12,9,3,8,4,1064,"{""swim_speed_up"":1,""intensify_action"":0.9,""ink_resistance_up"":0.6,""ink_recovery_up"":0.3,""quick_super_jump"":0.3,""special_power_up"":0.3,""sub_resistance_up"":0.3,""comeback"":true,""stealth_jump"":true}",sshooter,11,10,1,11,2,809,"{""swim_speed_up"":1,""intensify_action"":0.9,""quick_super_jump"":0.6,""ink_recovery_up"":0.3,""ink_resistance_up"":0.3,""special_saver"":0.3,""sub_resistance_up"":0.3,""comeback"":true,""stealth_jump"":true}",gold,#1 Overall Splatter,gold,Record-Score Setter,gold,#1 Popular Target,
Sizzle Season 2025,2025-06-30T10:00:00+00:00,10.0.1,xmatch,area,decaline,167,bravo,TRUE,,1529.1,2808,,0,bfcd41ff,,2821,,100,6325cdff,,sshooter_collabo,4,4,0,4,5,919,"{""swim_speed_up"":1.6,""special_saver"":1,""special_charge_up"":0.6,""ink_recovery_up"":0.3,""ink_resistance_up"":0.3,""intensify_action"":0.3,""quick_super_jump"":0.3,""sub_power_up"":0.3,""comeback"":true}",longblaster,6,4,2,4,2,527,"{""ink_saver_main"":1.6,""intensify_action"":1.6,""quick_respawn"":1.6,""ink_resistance_up"":0.3,""special_saver"":0.3,""swim_speed_up"":0.3}",furo,2,0,2,4,4,838,"{""ink_saver_main"":1.9,""special_power_up"":1,""swim_speed_up"":1,""ink_recovery_up"":0.6,""ink_resistance_up"":0.3,""quick_super_jump"":0.3,""special_saver"":0.3,""sub_resistance_up"":0.3}",splatroller,4,4,0,6,2,524,"{""swim_speed_up"":1.2,""quick_super_jump"":0.6,""sub_resistance_up"":0.6,""ink_resistance_up"":0.3,""comeback"":true,""ninja_squid"":true,""stealth_jump"":true}",fincent_hue,9,9,0,5,2,682,"{""swim_speed_up"":1.9,""ink_recovery_up"":0.6,""sub_power_up"":0.6,""quick_respawn"":0.3,""special_charge_up"":0.3,""opening_gambit"":true,""stealth_jump"":true}",spaceshooter_collabo,5,4,1,1,4,1028,"{""special_power_up"":2.9,""special_charge_up"":2.2,""ink_saver_main"":0.3,""run_speed_up"":0.3}",nautilus47,4,3,1,2,2,667,"{""run_speed_up"":2.9,""ink_resistance_up"":0.9,""intensify_action"":0.3,""quick_super_jump"":0.3,""sub_resistance_up"":0.3,""stealth_jump"":true}",order_blaster_replica,2,2,0,4,1,444,"{""ink_saver_sub"":3.8,""swim_speed_up"":1.3,""special_saver"":0.3,""sub_resistance_up"":0.3}",gold,#1 Enemy Splatter,gold,#1 Turf Inker,silver,#1 Triple Inkstrike User,
Sizzle Season 2025,2025-06-30T10:00:00+00:00,10.0.1,bankara_open,hoko,namero,305,alpha,FALSE,S+ 18,,5207,,82,cd510aff,,4571,,21,6e04b6ff,,l3reelgun_d,15,15,0,9,5,1535,"{""run_speed_up"":1,""intensify_action"":0.6,""sub_power_up"":0.6,""swim_speed_up"":0.6,""ink_resistance_up"":0.3,""quick_super_jump"":0.3,""special_saver"":0.3,""comeback"":true,""stealth_jump"":true}",bold,12,7,5,6,3,1177,"{""quick_respawn"":3.8,""swim_speed_up"":1.9}",tristringer_tou,9,6,3,5,5,1267,"{""special_charge_up"":1.6,""special_power_up"":0.6,""swim_speed_up"":0.6,""drop_roller"":true,""tenacity"":true}",barrelspinner,9,6,3,5,4,1228,"{""run_speed_up"":3.3,""quick_super_jump"":0.9,""ink_resistance_up"":0.6,""ink_saver_main"":0.3,""sub_resistance_up"":0.3,""swim_speed_up"":0.3}",liter4k,8,8,0,7,3,959,"{""ink_saver_main"":1,""quick_super_jump"":0.9,""swim_speed_up"":0.9,""ink_resistance_up"":0.3,""sub_power_up"":0.3,""sub_resistance_up"":0.3,""haunt"":true,""object_shredder"":true}",52gal,10,5,5,7,4,1051,"{""swim_speed_up"":2.6,""intensify_action"":0.9,""ink_resistance_up"":0.3,""ink_saver_main"":0.3,""special_charge_up"":0.3,""sub_resistance_up"":0.3,""stealth_jump"":true}",wideroller_waku,8,7,1,12,2,1097,"{""ink_recovery_up"":1,""sub_power_up"":1,""swim_speed_up"":1,""ink_saver_main"":0.9,""ink_saver_sub"":0.9,""run_speed_up"":0.9}",maneuver,7,5,2,8,4,1464,"{""quick_respawn"":1.6,""quick_super_jump"":0.6,""swim_speed_up"":0.6,""ink_resistance_up"":0.3,""intensify_action"":0.3,""special_charge_up"":0.3,""comeback"":true,""stealth_jump"":true}",gold,Record-Score Setter,gold,#1 Overall Splatter,gold,#1 Turf Inker,
Sizzle Season 2025,2025-06-30T10:00:00+00:00,10.0.1,bankara_challenge,yagura,ohyo,153,alpha,TRUE,S+ 9,,3005,,100,3a0ccdff,,2911,,0,d0bf08ff,,moprin_kaku,4,4,0,3,3,898,"{""swim_speed_up"":2.9,""ink_saver_sub"":1.6,""quick_super_jump"":0.6,""ink_recovery_up"":0.3,""special_charge_up"":0.3}",dentalwiper_mint,6,5,1,4,3,633,"{""swim_speed_up"":1,""sub_resistance_up"":0.9,""special_charge_up"":0.6,""ink_saver_sub"":0.3,""quick_super_jump"":0.3,""special_saver"":0.3,""sub_power_up"":0.3,""comeback"":true,""stealth_jump"":true}",hydra_atsu,5,4,1,2,3,871,"{""run_speed_up"":2.6,""special_charge_up"":1,""ink_saver_main"":0.9,""ink_resistance_up"":0.6,""quick_super_jump"":0.3,""special_saver"":0.3}",prime_frzn,2,1,1,4,2,603,"{""ink_saver_main"":1.6,""ink_resistance_up"":0.6,""ink_saver_sub"":0.6,""intensify_action"":0.6,""swim_speed_up"":0.3,""comeback"":true,""stealth_jump"":true}",splatspinner,7,7,0,4,3,769,"{""run_speed_up"":1,""ink_resistance_up"":0.6,""ink_saver_sub"":0.6,""ink_recovery_up"":0.3,""quick_super_jump"":0.3,""sub_power_up"":0.3,""sub_resistance_up"":0.3,""swim_speed_up"":0.3,""comeback"":true,""stealth_jump"":true}",nzap89,5,3,2,3,4,981,"{""ink_saver_sub"":3,""sub_power_up"":0.9,""ink_recovery_up"":0.6,""run_speed_up"":0.6,""swim_speed_up"":0.6}",splatscope_frst,3,3,0,1,2,584,"{""special_charge_up"":2.9,""swim_speed_up"":1.6,""ink_recovery_up"":0.6,""quick_super_jump"":0.3,""sub_resistance_up"":0.3}",order_slosher_replica,2,0,2,6,1,577,"{""swim_speed_up"":1.6,""ink_saver_sub"":0.6,""ink_recovery_up"":0.3,""ink_resistance_up"":0.3,""quick_super_jump"":0.3,""special_saver"":0.3,""sub_resistance_up"":0.3,""comeback"":true,""stealth_jump"":true}",gold,#1 Turf Inker,gold,Record-Score Setter,silver,#1 Checkpoint Breaker,
Sizzle Season 2025,2025-06-30T10:00:00+00:00,10.0.1,xmatch,area,masaba,308,bravo,FALSE,,1989.0,6611,,87,c12d74ff,,6888,,89,2cb721ff,,order_shooter_replica,9,6,3,9,7,1654,"{""swim_speed_up"":1.3,""intensify_action"":0.6,""quick_super_jump"":0.6,""special_saver"":0.6,""ink_resistance_up"":0.3,""sub_resistance_up"":0.3,""comeback"":true,""stealth_jump"":true}",maneuver_collabo,15,13,2,8,5,1609,"{""quick_respawn"":1.9,""swim_speed_up"":1.3,""ink_saver_main"":0.6,""ink_recovery_up"":0.3,""special_charge_up"":0.3,""special_saver"":0.3,""stealth_jump"":true}",tristringer_tou,10,5,5,6,3,1404,"{""special_power_up"":1,""special_charge_up"":0.9,""ink_saver_main"":0.6,""swim_speed_up"":0.6,""ink_recovery_up"":0.3,""ink_resistance_up"":0.3,""last_ditch_effort"":true,""object_shredder"":true}",variableroller,7,4,3,7,7,1944,"{""special_charge_up"":1.3,""swim_speed_up"":1.2,""ink_recovery_up"":0.6,""ink_resistance_up"":0.3,""special_saver"":0.3,""comeback"":true,""ninja_squid"":true}",pablo,9,7,2,4,8,1944,"{""ink_saver_main"":1.9,""ink_saver_sub"":1.9,""run_speed_up"":1.9}",nzap89,12,10,2,6,7,1807,"{""ink_saver_sub"":2.2,""ink_saver_main"":1.3,""ink_recovery_up"":0.9,""sub_power_up"":0.3,""stealth_jump"":true}",quadhopper_black,11,11,0,11,3,1236,"{""quick_respawn"":2.8,""swim_speed_up"":1,""ink_resistance_up"":0.3,""quick_super_jump"":0.3,""sub_resistance_up"":0.3,""stealth_jump"":true}",explosher_custom,2,2,0,7,6,1901,"{""ink_saver_main"":3.1,""ink_recovery_up"":1,""swim_speed_up"":0.6,""last_ditch_effort"":true}",silver,#1 Ink Consumer,silver,#2 Splat Zone Inker,silver,#2 Splat Zone Guard,
Sizzle Season 2025,2025-06-30T10:00:00+00:00,10.0.1,bankara_challenge,yagura,ohyo,300,bravo,FALSE,,,4676,,55,cd510aff,,4772,,96,6e04b6ff,,dualsweeper_tei,14,6,8,5,6,1395,"{""ink_saver_main"":1,""intensify_action"":0.6,""quick_super_jump"":0.6,""sub_power_up"":0.6,""ink_recovery_up"":0.3,""special_power_up"":0.3,""special_saver"":0.3,""opening_gambit"":true,""stealth_jump"":true}",hissen_ash,13,12,1,7,5,1217,"{""quick_respawn"":1.9,""quick_super_jump"":0.6,""swim_speed_up"":0.6,""ink_resistance_up"":0.3,""sub_resistance_up"":0.3,""comeback"":true,""stealth_jump"":true}",splatroller_collabo,11,9,2,8,4,835,"{""special_saver"":1,""sub_power_up"":1,""sub_resistance_up"":1,""ink_resistance_up"":0.6,""ink_saver_main"":0.6,""swim_speed_up"":0.6,""ink_recovery_up"":0.3,""quick_super_jump"":0.3,""special_charge_up"":0.3}",dynamo,8,6,2,12,4,1229,"{""ink_saver_main"":1.6,""special_charge_up"":1.3,""swim_speed_up"":1.3,""quick_respawn"":0.6,""ink_resistance_up"":0.3,""quick_super_jump"":0.3,""run_speed_up"":0.3}",examiner,20,10,10,5,6,1446,"{""run_speed_up"":1.9,""special_power_up"":1,""ink_resistance_up"":0.9,""special_charge_up"":0.6,""quick_super_jump"":0.3,""stealth_jump"":true}",momiji,12,8,4,10,5,1160,"{""ink_saver_main"":1,""ink_saver_sub"":1,""intensify_action"":0.9,""ink_resistance_up"":0.6,""special_power_up"":0.6,""ink_recovery_up"":0.3,""run_speed_up"":0.3,""object_shredder"":true}",hotblaster_custom,9,6,3,9,4,786,"{""ink_recovery_up"":1.6,""intensify_action"":1.3,""special_saver"":0.9,""ink_resistance_up"":0.3,""quick_super_jump"":0.3,""run_speed_up"":0.3,""stealth_jump"":true}",lact450_milk,14,8,6,9,5,1380,"{""special_charge_up"":1,""ink_resistance_up"":0.6,""special_power_up"":0.6,""intensify_action"":0.3,""quick_super_jump"":0.3,""run_speed_up"":0.3,""swim_speed_up"":0.3,""comeback"":true,""stealth_jump"":true}",gold,#1 Overall Splatter,gold,#1 Turf Inker,gold,#1 Splat Assister,
Sizzle Season 2025,2025-06-30T10:00:00+00:00,10.0.1,bankara_open,hoko,manta,300,bravo,FALSE,S+ 18,,4737,,71,2cb721ff,,4833,,75,c12d74ff,,l3reelgun_d,12,8,4,9,5,1216,"{""run_speed_up"":1,""intensify_action"":0.6,""sub_power_up"":0.6,""swim_speed_up"":0.6,""ink_resistance_up"":0.3,""quick_super_jump"":0.3,""special_saver"":0.3,""comeback"":true,""stealth_jump"":true}",quadhopper_black,15,13,2,13,3,1048,"{""quick_respawn"":2.5,""special_power_up"":0.6,""quick_super_jump"":0.3,""special_saver"":0.3,""comeback"":true,""stealth_jump"":true}",bold,9,9,0,7,4,1510,"{""swim_speed_up"":1.9,""quick_respawn"":1.8,""comeback"":true,""object_shredder"":true}",barrelspinner,8,6,2,9,2,963,"{""run_speed_up"":3.3,""quick_super_jump"":0.9,""ink_resistance_up"":0.6,""ink_saver_main"":0.3,""sub_resistance_up"":0.3,""swim_speed_up"":0.3}",bucketslosher,19,16,3,9,2,1344,"{""quick_respawn"":1.3,""swim_speed_up"":0.9,""quick_super_jump"":0.6,""ink_resistance_up"":0.3,""ink_saver_sub"":0.3,""sub_resistance_up"":0.3,""comeback"":true,""stealth_jump"":true}",furo,5,1,4,9,4,1328,"{""swim_speed_up"":2.9,""ink_saver_main"":1.6,""ink_recovery_up"":0.6,""sub_resistance_up"":0.6}",quadhopper_black,12,11,1,8,4,1185,"{""quick_respawn"":2,""ink_saver_main"":0.6,""quick_super_jump"":0.6,""swim_speed_up"":0.6,""ink_saver_sub"":0.3,""sub_power_up"":0.3,""sub_resistance_up"":0.3,""stealth_jump"":true}",jimuwiper,13,10,3,10,2,976,"{""intensify_action"":1.5,""swim_speed_up"":1.3,""quick_super_jump"":1,""ink_resistance_up"":0.3,""ink_saver_sub"":0.3,""special_power_up"":0.3,""stealth_jump"":true}",gold,#1 Popular Target,gold,#1 Splat Assister,silver,#1 Ground Traveler,
Sizzle Season 2025,2025-06-30T10:00:00+00:00,10.0.1,bankara_challenge,yagura,chozame,228,bravo,TRUE,S+ 9,,3402,,0,ba30b0ff,,3619,,100,a0c937ff,,moprin_kaku,4,2,2,9,1,934,"{""swim_speed_up"":2.9,""ink_saver_sub"":1.6,""quick_super_jump"":0.6,""ink_recovery_up"":0.3,""special_charge_up"":0.3}",pablo,5,3,2,1,6,1150,"{""special_charge_up"":1.9,""ink_saver_sub"":1.6,""swim_speed_up"":1.6,""sub_power_up"":0.6}",splatroller,6,6,0,9,1,521,"{""swim_speed_up"":2.5,""ink_saver_sub"":0.6,""sub_power_up"":0.3,""sub_resistance_up"":0.3,""ninja_squid"":true,""stealth_jump"":true}",liter4k_scope,5,3,2,3,2,797,"{""ink_recovery_up"":1.3,""ink_saver_main"":1,""swim_speed_up"":1,""ink_saver_sub"":0.6,""intensify_action"":0.3,""run_speed_up"":0.3}",order_shooter_replica,12,12,0,1,4,1069,"{""swim_speed_up"":1.9,""intensify_action"":0.9,""ink_resistance_up"":0.3,""quick_super_jump"":0.3,""special_saver"":0.3,""comeback"":true,""stealth_jump"":true}",hydra_atsu,8,4,4,5,4,813,"{""run_speed_up"":1.9,""swim_speed_up"":1.6,""intensify_action"":0.6,""ink_resistance_up"":0.3,""sub_resistance_up"":0.3,""thermal_ink"":true}",prime_frzn,4,1,3,3,5,1112,"{""ink_saver_main"":3.5,""special_charge_up"":1,""swim_speed_up"":0.6,""quick_super_jump"":0.3,""sub_resistance_up"":0.3}",sshooter_kou,7,5,2,5,3,625,"{""special_charge_up"":1,""intensify_action"":0.6,""run_speed_up"":0.6,""swim_speed_up"":0.6,""quick_super_jump"":0.3,""special_saver"":0.3,""sub_resistance_up"":0.3,""comeback"":true,""stealth_jump"":true}",gold,#1 Splat Assister,gold,Record-Score Setter,gold,#1 Score Booster,
Sizzle Season 2025,2025-06-30T10:00:00+00:00,10.0.1,xmatch,area,decaline,192,bravo,TRUE,,1529.1,3558,,0,6325cdff,,3327,,100,bfcd41ff,,sshooter_collabo,3,3,0,4,5,1108,"{""swim_speed_up"":1.6,""special_saver"":1,""special_charge_up"":0.6,""ink_recovery_up"":0.3,""ink_resistance_up"":0.3,""intensify_action"":0.3,""quick_super_jump"":0.3,""sub_power_up"":0.3,""comeback"":true}",nzap85,3,3,0,6,4,958,"{""special_charge_up"":1,""run_speed_up"":0.9,""special_power_up"":0.9,""ink_resistance_up"":0.3,""quick_super_jump"":0.3,""sub_resistance_up"":0.3,""comeback"":true,""stealth_jump"":true}",maneuver_collabo,2,2,0,6,5,958,"{""special_charge_up"":0.9,""special_power_up"":0.6,""swim_speed_up"":0.6,""quick_super_jump"":0.3,""special_saver"":0.3,""comeback"":true,""ninja_squid"":true,""stealth_jump"":true}",liter4k,1,1,0,2,3,534,"{""quick_super_jump"":1.3,""ink_saver_main"":0.6,""special_charge_up"":0.6,""swim_speed_up"":0.6,""ink_recovery_up"":0.3,""special_power_up"":0.3,""respawn_punisher"":true,""stealth_jump"":true}",order_shooter_replica,8,7,1,3,3,1069,"{""quick_respawn"":1.9,""swim_speed_up"":0.9,""ink_resistance_up"":0.3,""quick_super_jump"":0.3,""sub_resistance_up"":0.3,""comeback"":true,""stealth_jump"":true}",nzap89,6,4,2,2,4,1047,"{""special_charge_up"":1.6,""run_speed_up"":1,""swim_speed_up"":0.9,""ink_resistance_up"":0.3,""ink_saver_sub"":0.3,""special_power_up"":0.3,""sub_power_up"":0.3,""last_ditch_effort"":true}",liter4k,4,1,3,2,2,618,"{""ink_saver_sub"":1.9,""ink_saver_main"":1.6,""sub_resistance_up"":1,""intensify_action"":0.6,""ink_resistance_up"":0.3,""run_speed_up"":0.3}",nova,6,6,0,2,2,593,"{""quick_respawn"":1.3,""special_power_up"":0.6,""special_saver"":0.3,""sub_resistance_up"":0.3,""swim_speed_up"":0.3,""comeback"":true,""stealth_jump"":true}",gold,#1 Overall Splatter,gold,#1 Turf Inker,gold,#1 Splat Zone Guard,
Sizzle Season 2025,2025-06-30T10:00:00+00:00,10.0.1,xmatch,area,decaline,73,bravo,TRUE,,1989.0,1218,,0,cfb121ff,,1679,,100,9025c6ff,,order_shooter_replica,1,1,0,3,0,299,"{""swim_speed_up"":1.3,""intensify_action"":0.6,""quick_super_jump"":0.6,""special_saver"":0.6,""ink_resistance_up"":0.3,""sub_resistance_up"":0.3,""comeback"":true,""stealth_jump"":true}",furo,1,1,0,3,1,402,"{""ink_saver_main"":1,""special_charge_up"":1,""special_saver"":0.9,""swim_speed_up"":0.9,""ink_recovery_up"":0.6,""quick_super_jump"":0.3,""stealth_jump"":true}",carbon_deco,1,1,0,4,0,180,"{""swim_speed_up"":1.6,""quick_respawn"":0.9,""sub_resistance_up"":0.6,""quick_super_jump"":0.3,""special_power_up"":0.3,""ninja_squid"":true,""stealth_jump"":true}",96gal_sou,0,0,0,4,1,337,"{""special_charge_up"":1.6,""swim_speed_up"":1,""run_speed_up"":0.9,""intensify_action"":0.6,""quick_super_jump"":0.3,""special_saver"":0.3,""stealth_jump"":true}",maneuver_collabo,6,6,0,0,2,493,"{""quick_respawn"":1.9,""swim_speed_up"":1.3,""ink_saver_main"":0.6,""ink_recovery_up"":0.3,""special_charge_up"":0.3,""special_saver"":0.3,""stealth_jump"":true}",prime_frzn,7,5,2,0,2,483,"{""special_charge_up"":1.5,""swim_speed_up"":1,""ink_resistance_up"":0.6,""ink_saver_main"":0.6,""last_ditch_effort"":true,""stealth_jump"":true}",dynamo,5,2,3,1,1,381,"{""ink_saver_main"":2.9,""ink_saver_sub"":1,""ink_resistance_up"":0.9,""swim_speed_up"":0.6,""run_speed_up"":0.3}",52gal,2,1,1,2,0,322,"{""swim_speed_up"":1,""intensify_action"":0.9,""ink_recovery_up"":0.6,""ink_resistance_up"":0.6,""quick_super_jump"":0.3,""sub_resistance_up"":0.3,""opening_gambit"":true,""stealth_jump"":true}",gold,#1 Overall Splatter,gold,#1 Enemy Splatter,silver,#1 Damage Taker,
Sizzle Season 2025,2025-06-30T10:00:00+00:00,10.0.1,bankara_open,hoko,manta,53,bravo,TRUE,S+ 18,,812,,0,343bc4ff,,976,,100,df6624ff,,l3reelgun_d,1,1,0,2,1,304,"{""run_speed_up"":1,""intensify_action"":0.6,""sub_power_up"":0.6,""swim_speed_up"":0.6,""ink_resistance_up"":0.3,""quick_super_jump"":0.3,""special_saver"":0.3,""comeback"":true,""stealth_jump"":true}",bucketslosher,2,1,1,2,0,216,"{""quick_respawn"":2.5,""quick_super_jump"":0.6,""ink_resistance_up"":0.3,""sub_resistance_up"":0.3,""comeback"":true,""stealth_jump"":true}",barrelspinner,2,1,1,2,0,144,"{""run_speed_up"":3.3,""quick_super_jump"":0.9,""ink_resistance_up"":0.6,""ink_saver_main"":0.3,""sub_resistance_up"":0.3,""swim_speed_up"":0.3}",52gal,0,0,0,2,0,148,"{""intensify_action"":1.9,""run_speed_up"":1.9,""quick_super_jump"":0.6,""quick_respawn"":0.3,""stealth_jump"":true}",liter4k_custom,3,3,0,0,1,307,"{""swim_speed_up"":1.6,""sub_power_up"":1,""quick_super_jump"":0.6,""special_power_up"":0.6,""ink_resistance_up"":0.3,""special_saver"":0.3,""sub_resistance_up"":0.3,""object_shredder"":true}",bold,2,2,0,1,0,214,"{""swim_speed_up"":3.8,""quick_super_jump"":0.9,""drop_roller"":true}",quadhopper_black,2,1,1,1,0,200,"{""quick_respawn"":1.9,""quick_super_jump"":0.6,""ink_resistance_up"":0.3,""ink_saver_sub"":0.3,""special_saver"":0.3,""sub_resistance_up"":0.3,""comeback"":true,""stealth_jump"":true}",sshooter,2,2,0,1,0,255,"{""swim_speed_up"":1.9,""intensify_action"":0.9,""ink_resistance_up"":0.3,""quick_super_jump"":0.3,""sub_resistance_up"":0.3,""comeback"":true,""stealth_jump"":true}",gold,#1 Popular Target,gold,#1 Enemy Splatter,gold,#1 Turf Inker,
Sizzle Season 2025,2025-06-30T10:00:00+00:00,10.0.1,xmatch,area,decaline,218,alpha,TRUE,,1914.0,3571,,100,a0c937ff,,3356,,0,ba30b0ff,,order_shooter_replica,7,6,1,6,2,1001,"{""swim_speed_up"":1.3,""intensify_action"":0.6,""quick_super_jump"":0.6,""special_saver"":0.6,""ink_resistance_up"":0.3,""sub_resistance_up"":0.3,""comeback"":true,""stealth_jump"":true}",sshooter_kou,11,8,3,6,4,836,"{""special_charge_up"":3.5,""ink_saver_sub"":1.6,""ink_resistance_up"":0.3,""special_saver"":0.3}",liter4k,6,5,1,5,2,662,"{""quick_super_jump"":1.9,""ink_saver_main"":0.9,""swim_speed_up"":0.9,""object_shredder"":true,""respawn_punisher"":true}",pablo,7,5,2,3,4,1072,"{""ink_saver_sub"":1.9,""sub_power_up"":0.6,""swim_speed_up"":0.6,""ink_resistance_up"":0.3,""ink_saver_main"":0.3,""ninja_squid"":true,""stealth_jump"":true}",hokusai_hue,9,6,3,6,3,901,"{""ink_resistance_up"":0.6,""quick_respawn"":0.6,""ink_recovery_up"":0.3,""ink_saver_main"":0.3,""quick_super_jump"":0.3,""special_charge_up"":0.3,""sub_power_up"":0.3,""comeback"":true,""ninja_squid"":true,""stealth_jump"":true}",promodeler_sai,5,4,1,10,2,958,"{""ink_saver_sub"":1.9,""ink_saver_main"":1,""quick_respawn"":0.6,""quick_super_jump"":0.6,""special_power_up"":0.3,""special_saver"":0.3,""stealth_jump"":true}",liter4k_scope_custom,5,5,0,3,2,633,"{""ink_saver_main"":0.6,""quick_super_jump"":0.6,""ink_resistance_up"":0.3,""run_speed_up"":0.3,""special_power_up"":0.3,""sub_power_up"":0.3,""sub_resistance_up"":0.3,""last_ditch_effort"":true,""object_shredder"":true,""respawn_punisher"":true}",sshooter,5,5,0,5,2,864,"{""swim_speed_up"":1.9,""special_charge_up"":1.6,""run_speed_up"":1,""intensify_action"":0.9,""special_saver"":0.3}",silver,#1 Damage Taker,silver,#2 Overall Splatter,silver,#2 Splat Zone Inker,
Sizzle Season 2025,2025-06-30T12:00:00+00:00,10.0.1,xmatch,yagura,ryugu,300,bravo,FALSE,,1610.8,4537,,60,d0bf08ff,,4717,,84,3a0ccdff,,sshooter_collabo,15,12,3,9,6,1463,"{""swim_speed_up"":1.6,""special_saver"":1,""special_charge_up"":0.6,""ink_recovery_up"":0.3,""ink_resistance_up"":0.3,""intensify_action"":0.3,""quick_super_jump"":0.3,""sub_power_up"":0.3,""comeback"":true}",moprin_kaku,10,6,4,6,4,1318,"{""ink_saver_sub"":1.6,""special_charge_up"":1.3,""swim_speed_up"":1.3,""ink_saver_main"":1.2,""sub_resistance_up"":0.3}",sharp_neo,9,6,3,7,4,1225,"{""swim_speed_up"":2.8,""quick_super_jump"":1.9,""ninja_squid"":true}",splatroller,7,5,2,12,2,531,"{""swim_speed_up"":2.9,""intensify_action"":0.9,""ink_saver_sub"":0.3,""quick_respawn"":0.3,""run_speed_up"":0.3,""ninja_squid"":true}",fincent_brnz,14,11,3,11,3,847,"{""quick_super_jump"":2,""ink_recovery_up"":0.6,""swim_speed_up"":0.6,""ink_resistance_up"":0.3,""ink_saver_main"":0.3,""run_speed_up"":0.3,""special_saver"":0.3,""comeback"":true}",spygadget_ryo,11,7,4,3,8,1373,"{""swim_speed_up"":1.6,""special_power_up"":1.3,""ink_saver_main"":1,""ink_recovery_up"":0.9,""special_charge_up"":0.6,""run_speed_up"":0.3}",moprin,12,10,2,6,3,1467,"{""swim_speed_up"":1.9,""quick_respawn"":0.9,""special_power_up"":0.6,""special_saver"":0.3,""comeback"":true,""stealth_jump"":true}",sshooter_kou,7,6,1,9,4,1030,"{""special_power_up"":1,""intensify_action"":0.9,""swim_speed_up"":0.6,""ink_resistance_up"":0.3,""quick_super_jump"":0.3,""sub_resistance_up"":0.3,""comeback"":true,""stealth_jump"":true}",gold,#1 Overall Splatter,gold,#1 Turf Inker,gold,#1 Popular Target,
Sizzle Season 2025,2025-06-30T12:00:00+00:00,10.0.1,bankara_open,hoko,namero,226,bravo,TRUE,S+ 18,,3952,,0,3a0ccdff,,4375,,100,d0bf08ff,,l3reelgun_d,12,10,2,10,3,997,"{""run_speed_up"":1,""intensify_action"":0.6,""sub_power_up"":0.6,""swim_speed_up"":0.6,""ink_resistance_up"":0.3,""quick_super_jump"":0.3,""special_saver"":0.3,""comeback"":true,""stealth_jump"":true}",nzap85,13,8,5,2,4,1069,"{""swim_speed_up"":1.3,""special_charge_up"":1,""quick_super_jump"":0.9,""special_power_up"":0.9,""ink_resistance_up"":0.3,""special_saver"":0.3,""stealth_jump"":true}",barrelspinner,3,2,1,8,1,748,"{""run_speed_up"":3.3,""quick_super_jump"":0.9,""ink_resistance_up"":0.6,""ink_saver_main"":0.3,""sub_resistance_up"":0.3,""swim_speed_up"":0.3}",sharp,6,5,1,6,4,1138,"{""swim_speed_up"":1.6,""ink_saver_sub"":0.6,""sub_power_up"":0.6,""ink_resistance_up"":0.3,""ink_saver_main"":0.3,""sub_resistance_up"":0.3,""comeback"":true,""stealth_jump"":true}",lact450_milk,14,13,1,4,4,1093,"{""special_charge_up"":1.3,""ink_saver_sub"":1,""swim_speed_up"":0.9,""ink_recovery_up"":0.3,""ink_resistance_up"":0.3,""quick_super_jump"":0.3,""run_speed_up"":0.3,""sub_resistance_up"":0.3,""stealth_jump"":true}",promodeler_sai,7,3,4,6,4,1438,"{""intensify_action"":1,""special_charge_up"":1,""special_power_up"":0.6,""swim_speed_up"":0.6,""ink_recovery_up"":0.3,""ink_resistance_up"":0.3,""ink_saver_main"":0.3,""quick_super_jump"":0.3,""sub_resistance_up"":0.3,""stealth_jump"":true}",sputtery_hue,10,5,5,8,2,757,"{""quick_respawn"":1.6,""quick_super_jump"":0.6,""swim_speed_up"":0.6,""ink_resistance_up"":0.3,""intensify_action"":0.3,""sub_resistance_up"":0.3,""comeback"":true,""stealth_jump"":true}",dentalwiper_mint,8,5,3,7,4,1087,"{""swim_speed_up"":1.2,""ink_saver_sub"":0.6,""ink_resistance_up"":0.3,""quick_super_jump"":0.3,""sub_resistance_up"":0.3,""comeback"":true,""haunt"":true,""stealth_jump"":true}",gold,#1 Enemy Splatter,silver,First Splat!,silver,#1 Rainmaker Stopper,
Sizzle Season 2025,2025-06-30T12:00:00+00:00,10.0.1,bankara_challenge,area,takaashi,312,alpha,FALSE,S+ 9,,6556,,91,d0bf08ff,,6494,,90,3a0ccdff,,moprin_kaku,7,6,1,8,6,1810,"{""swim_speed_up"":2.9,""ink_saver_sub"":1.6,""quick_super_jump"":0.6,""ink_recovery_up"":0.3,""special_charge_up"":0.3}",prime_frzn,12,7,5,11,5,1233,"{""ink_saver_sub"":1.6,""special_charge_up"":1,""intensify_action"":0.9,""swim_speed_up"":0.9,""sub_power_up"":0.3,""stealth_jump"":true}",nautilus47,9,6,3,4,7,2109,"{""swim_speed_up"":2,""ink_saver_main"":1,""ink_saver_sub"":0.9,""run_speed_up"":0.9,""ink_resistance_up"":0.6,""quick_super_jump"":0.3}",parashelter_sorella,4,4,0,9,7,1404,"{""swim_speed_up"":1.9,""run_speed_up"":1,""special_charge_up"":0.6,""ink_saver_main"":0.3,""quick_super_jump"":0.3,""special_saver"":0.3,""sub_resistance_up"":0.3,""comeback"":true}",96gal_sou,14,10,4,5,7,1515,"{""swim_speed_up"":1,""run_speed_up"":0.9,""ink_recovery_up"":0.6,""intensify_action"":0.6,""quick_super_jump"":0.3,""special_power_up"":0.3,""comeback"":true,""stealth_jump"":true}",jetsweeper_custom,9,6,3,2,9,2389,"{""ink_saver_main"":3.5,""special_charge_up"":1,""swim_speed_up"":0.6,""quick_super_jump"":0.3,""sub_resistance_up"":0.3}",prime_collabo,11,8,3,6,5,1328,"{""swim_speed_up"":1.6,""intensify_action"":0.9,""ink_resistance_up"":0.3,""quick_super_jump"":0.3,""special_saver"":0.3,""sub_resistance_up"":0.3,""last_ditch_effort"":true,""stealth_jump"":true}",fincent_brnz,9,8,1,10,6,1262,"{""swim_speed_up"":2.2,""special_charge_up"":1,""ink_saver_main"":0.6,""quick_super_jump"":0.3,""special_saver"":0.3,""sub_resistance_up"":0.3,""stealth_jump"":true}",silver,#1 Damage Taker,silver,#2 Splat Zone Inker,silver,#1 Crab Tank User,
Sizzle Season 2025,2025-06-30T12:00:00+00:00,10.0.1,xmatch,yagura,mategai,315,bravo,FALSE,,1610.8,4715,,50,a0c937ff,,4866,,61,ba30b0ff,,sshooter_collabo,9,7,2,8,7,1420,"{""swim_speed_up"":1.6,""special_saver"":1,""special_charge_up"":0.6,""ink_recovery_up"":0.3,""ink_resistance_up"":0.3,""intensify_action"":0.3,""quick_super_jump"":0.3,""sub_power_up"":0.3,""comeback"":true}",order_charger_replica,5,4,1,7,4,813,"{""swim_speed_up"":1.9,""special_charge_up"":0.6,""ink_resistance_up"":0.3,""quick_respawn"":0.3,""quick_super_jump"":0.3,""sub_resistance_up"":0.3,""comeback"":true,""stealth_jump"":true}",hissen_hue,11,8,3,9,4,1129,"{""ink_recovery_up"":1.9,""run_speed_up"":1.9,""ink_saver_main"":0.6,""swim_speed_up"":0.3,""ninja_squid"":true}",carbon_angl,10,10,0,6,6,1353,"{""special_power_up"":0.9,""ink_resistance_up"":0.6,""special_charge_up"":0.6,""sub_resistance_up"":0.3,""swim_speed_up"":0.3,""comeback"":true,""ninja_squid"":true,""stealth_jump"":true}",sputtery_owl,12,9,3,9,4,1118,"{""quick_respawn"":3.1,""quick_super_jump"":0.3,""sub_resistance_up"":0.3,""comeback"":true,""stealth_jump"":true}",fincent_hue,11,11,0,7,6,1915,"{""ink_saver_main"":3.8,""ink_recovery_up"":1,""swim_speed_up"":0.9}",splatcharger_collabo,7,7,0,5,3,742,"{""special_charge_up"":3.3,""special_saver"":0.9,""ink_resistance_up"":0.6,""quick_super_jump"":0.6,""run_speed_up"":0.3}",sshooter,3,3,0,8,5,1091,"{""swim_speed_up"":2.9,""ink_saver_sub"":1.8,""special_charge_up"":1}",silver,#1 Ink Consumer,gold,#1 Turf Inker,silver,#1 Triple Inkstrike User,
Sizzle Season 2025,2025-06-30T12:00:00+00:00,10.0.1,bankara_challenge,area,nampla,219,bravo,TRUE,S+ 9,,4029,,0,ba30b0ff,,3952,,100,a0c937ff,,moprin_kaku,5,4,1,10,2,961,"{""swim_speed_up"":2.9,""ink_saver_sub"":1.6,""quick_super_jump"":0.6,""ink_recovery_up"":0.3,""special_charge_up"":0.3}",momiji,8,2,6,3,5,1139,"{""swim_speed_up"":1.3,""ink_saver_sub"":0.9,""ink_recovery_up"":0.6,""special_saver"":0.6,""quick_super_jump"":0.3,""ninja_squid"":true,""stealth_jump"":true}",dualsweeper,10,6,4,6,3,776,"{""quick_respawn"":1.6,""intensify_action"":0.6,""quick_super_jump"":0.6,""swim_speed_up"":0.6,""ink_resistance_up"":0.3,""comeback"":true,""stealth_jump"":true}",nautilus47,7,5,2,6,4,1153,"{""swim_speed_up"":2,""ink_saver_main"":1,""ink_saver_sub"":0.9,""run_speed_up"":0.9,""ink_resistance_up"":0.6,""quick_super_jump"":0.3}",hotblaster_custom,13,12,1,6,4,936,"{""intensify_action"":1,""quick_super_jump"":0.6,""special_charge_up"":0.6,""special_power_up"":0.6,""swim_speed_up"":0.6,""ink_resistance_up"":0.3,""comeback"":true,""stealth_jump"":true}",examiner,5,2,3,3,3,1106,"{""run_speed_up"":2.9,""special_power_up"":1,""ink_resistance_up"":0.6,""special_charge_up"":0.6,""quick_super_jump"":0.3,""special_saver"":0.3}",jimuwiper,11,5,6,3,1,945,"{""ink_saver_main"":1.9,""swim_speed_up"":1.9,""ink_saver_sub"":0.9,""ninja_squid"":true}",dynamo,8,5,3,5,4,965,"{""swim_speed_up"":1.9,""ink_resistance_up"":0.6,""quick_super_jump"":0.6,""ink_saver_main"":0.3,""sub_resistance_up"":0.3,""comeback"":true,""stealth_jump"":true}",gold,#1 Popular Target,gold,#1 Splat Zone Inker,silver,First Splat!,
Sizzle Season 2025,2025-06-30T12:00:00+00:00,10.0.1,bankara_open,asari,decaline,320,bravo,FALSE,S+ 18,,3948,,48,a0c937ff,,3548,,64,ba30b0ff,,lact450_milk,6,5,1,8,6,1462,"{""special_charge_up"":1,""sub_power_up"":0.9,""ink_saver_sub"":0.6,""ink_resistance_up"":0.3,""quick_super_jump"":0.3,""special_saver"":0.3,""swim_speed_up"":0.3,""comeback"":true,""stealth_jump"":true}",lact450_milk,15,12,3,7,4,1160,"{""special_charge_up"":1,""swim_speed_up"":1,""ink_recovery_up"":0.6,""ink_saver_sub"":0.6,""ink_resistance_up"":0.3,""ink_saver_main"":0.3,""quick_super_jump"":0.3,""sub_resistance_up"":0.3,""stealth_jump"":true}",order_roller_replica,11,11,0,8,3,898,"{""swim_speed_up"":1.6,""ink_saver_sub"":0.9,""ink_resistance_up"":0.6,""special_charge_up"":0.3,""sub_resistance_up"":0.3,""ninja_squid"":true,""stealth_jump"":true}",soytuber,4,3,1,9,0,428,"{""ink_saver_sub"":1,""special_charge_up"":1,""swim_speed_up"":1,""sub_power_up"":0.9,""sub_resistance_up"":0.6,""quick_respawn"":0.3,""run_speed_up"":0.3}",jimuwiper,15,13,2,9,1,942,"{""ink_saver_main"":1.6,""swim_speed_up"":0.6,""ink_resistance_up"":0.3,""intensify_action"":0.3,""quick_super_jump"":0.3,""special_saver"":0.3,""sub_resistance_up"":0.3,""last_ditch_effort"":true,""stealth_jump"":true}",octoshooter_replica,10,9,1,10,3,1240,"{""ink_saver_main"":1.6,""ink_saver_sub"":1,""swim_speed_up"":1,""run_speed_up"":0.9,""special_charge_up"":0.9,""quick_respawn"":0.3}",sshooter_kou,7,5,2,7,1,532,"{""swim_speed_up"":3.5,""quick_super_jump"":0.9,""special_saver"":0.3,""stealth_jump"":true}",liter4k_scope,6,5,1,5,3,834,"{""sub_resistance_up"":1.3,""ink_saver_sub"":0.6,""swim_speed_up"":0.6,""ink_recovery_up"":0.3,""run_speed_up"":0.3,""special_power_up"":0.3,""special_saver"":0.3,""ninja_squid"":true,""stealth_jump"":true}",gold,#1 Score Booster,gold,#1 Super Jump Spot,gold,#1 Turf Inker,
Sizzle Season 2025,2025-06-30T12:00:00+00:00,10.0.1,bankara_open,asari,decaline,316,bravo,FALSE,S+ 18,,4539,,59,df6624ff,,4381,,72,343bc4ff,,lact450_milk,10,4,6,8,6,1622,"{""special_charge_up"":1,""sub_power_up"":0.9,""ink_saver_sub"":0.6,""ink_resistance_up"":0.3,""quick_super_jump"":0.3,""special_saver"":0.3,""swim_speed_up"":0.3,""comeback"":true,""stealth_jump"":true}",momiji,10,3,7,4,6,1392,"{""ink_saver_sub"":2,""swim_speed_up"":1.9,""ink_saver_main"":0.6,""quick_respawn"":0.3,""run_speed_up"":0.3,""special_charge_up"":0.3,""special_power_up"":0.3}",nova_neo,14,14,0,8,4,947,"{""swim_speed_up"":1.9,""quick_super_jump"":0.9,""ink_saver_sub"":0.6,""ink_recovery_up"":0.3,""ninja_squid"":true,""stealth_jump"":true}",order_roller_replica,4,2,2,9,1,578,"{""swim_speed_up"":1.6,""ink_saver_sub"":0.9,""ink_resistance_up"":0.6,""special_charge_up"":0.3,""sub_resistance_up"":0.3,""ninja_squid"":true,""stealth_jump"":true}",screwslosher_neo,15,10,5,4,5,1288,"{""swim_speed_up"":1.6,""ink_saver_main"":1,""quick_super_jump"":0.6,""ink_resistance_up"":0.3,""run_speed_up"":0.3,""special_saver"":0.3,""sub_power_up"":0.3,""sub_resistance_up"":0.3,""stealth_jump"":true}",carbon_angl,11,11,0,6,5,1374,"{""swim_speed_up"":2.2,""ink_saver_sub"":0.9,""quick_super_jump"":0.3,""special_saver"":0.3,""ninja_squid"":true,""stealth_jump"":true}",sputtery_hue,7,5,2,4,3,943,"{""quick_respawn"":1.9,""quick_super_jump"":0.6,""special_saver"":0.6,""ink_recovery_up"":0.3,""ink_saver_sub"":0.3,""comeback"":true,""stealth_jump"":true}",squiclean_a,7,3,4,9,3,776,"{""ink_saver_sub"":1.9,""swim_speed_up"":1.9,""quick_super_jump"":0.9,""stealth_jump"":true}",gold,#1 Score Booster,gold,#1 Popular Target,gold,#1 Turf Inker,
Sizzle Season 2025,2025-06-30T12:00:00+00:00,10.0.1,bankara_open,asari,decaline,300,alpha,FALSE,S+ 18,,4573,,61,6e04b6ff,,4023,,40,cd510aff,,lact450_milk,9,6,3,8,6,1502,"{""special_charge_up"":1,""sub_power_up"":0.9,""ink_saver_sub"":0.6,""ink_resistance_up"":0.3,""quick_super_jump"":0.3,""special_saver"":0.3,""swim_speed_up"":0.3,""comeback"":true,""stealth_jump"":true}",nautilus79,14,9,5,5,3,1020,"{""swim_speed_up"":1.6,""sub_power_up"":0.9,""quick_super_jump"":0.6,""ink_resistance_up"":0.3,""intensify_action"":0.3,""respawn_punisher"":true,""stealth_jump"":true}",order_roller_replica,7,6,1,8,4,902,"{""swim_speed_up"":1.6,""ink_saver_sub"":0.9,""ink_resistance_up"":0.6,""special_charge_up"":0.3,""sub_resistance_up"":0.3,""ninja_squid"":true,""stealth_jump"":true}",pablo_hue,10,7,3,3,6,1149,"{""special_power_up"":1.6,""sub_power_up"":0.9,""ink_saver_main"":0.6,""swim_speed_up"":0.6,""ninja_squid"":true,""stealth_jump"":true}",moprin,11,8,3,8,2,1216,"{""swim_speed_up"":1.8,""ink_recovery_up"":0.9,""comeback"":true,""drop_roller"":true,""ninja_squid"":true}",longblaster,10,6,4,5,3,908,"{""quick_super_jump"":1.6,""quick_respawn"":1,""intensify_action"":0.9,""run_speed_up"":0.6,""sub_resistance_up"":0.3,""swim_speed_up"":0.3,""stealth_jump"":true}",l3reelgun_haku,11,7,4,9,3,850,"{""special_charge_up"":4.4,""ink_resistance_up"":1,""special_power_up"":0.3}",campingshelter_crem,5,3,2,6,3,1049,"{""quick_respawn"":3.5,""ink_resistance_up"":0.6,""quick_super_jump"":0.3,""special_saver"":0.3,""stealth_jump"":true}",gold,#1 Turf Inker,gold,#1 Clam Carrier,silver,#1 Clam Stopper,
Sizzle Season 2025,2025-06-30T12:00:00+00:00,10.0.1,bankara_open,asari,decaline,300,bravo,FALSE,S+ 18,,3708,,26,d0bf08ff,,3622,,42,3a0ccdff,,lact450_milk,7,4,3,11,5,1349,"{""special_charge_up"":1,""sub_power_up"":0.9,""ink_saver_sub"":0.6,""ink_resistance_up"":0.3,""quick_super_jump"":0.3,""special_saver"":0.3,""swim_speed_up"":0.3,""comeback"":true,""stealth_jump"":true}",52gal,15,15,0,11,3,1034,"{""swim_speed_up"":1.6,""ink_saver_main"":1.3,""quick_respawn"":1.3,""ink_resistance_up"":0.6,""intensify_action"":0.3,""special_power_up"":0.3,""sub_power_up"":0.3}",nova_neo,13,9,4,13,1,627,"{""swim_speed_up"":3.2,""sub_resistance_up"":0.9,""run_speed_up"":0.6,""ninja_squid"":true}",order_roller_replica,6,6,0,10,3,698,"{""swim_speed_up"":1.6,""ink_saver_sub"":0.9,""ink_resistance_up"":0.6,""special_charge_up"":0.3,""sub_resistance_up"":0.3,""ninja_squid"":true,""stealth_jump"":true}",sblast91,28,20,8,4,2,973,"{""quick_respawn"":1.3,""ink_saver_sub"":1.2,""quick_super_jump"":0.6,""ink_resistance_up"":0.3,""sub_resistance_up"":0.3,""opening_gambit"":true,""stealth_jump"":true}",l3reelgun_haku,15,11,4,11,3,1120,"{""ink_saver_main"":1,""swim_speed_up"":1,""quick_super_jump"":0.9,""ink_saver_sub"":0.6,""quick_respawn"":0.3,""run_speed_up"":0.3,""special_charge_up"":0.3,""special_saver"":0.3,""drop_roller"":true}",fincent,12,10,2,9,2,881,"{""swim_speed_up"":2,""ink_saver_main"":1.3,""ink_recovery_up"":0.6,""quick_super_jump"":0.6,""ink_resistance_up"":0.3,""special_charge_up"":0.3,""sub_power_up"":0.3,""sub_resistance_up"":0.3}",nzap89,7,4,3,10,0,648,"{""sub_power_up"":1.3,""swim_speed_up"":1,""special_power_up"":0.9,""quick_super_jump"":0.6,""ink_recovery_up"":0.3,""ink_saver_main"":0.3,""special_charge_up"":0.3,""opening_gambit"":true}",gold,#1 Score Booster,gold,#1 Super Jump Spot,gold,#1 Turf Inker,
Sizzle Season 2025,2025-06-30T12:00:00+00:00,10.0.1,bankara_open,asari,negitoro,304,bravo,FALSE,S+ 18,,3921,,39,a0c937ff,,3985,,40,ba30b0ff,,lact450_milk,5,1,4,9,5,1331,"{""special_charge_up"":1,""sub_power_up"":0.9,""ink_saver_sub"":0.6,""ink_resistance_up"":0.3,""quick_super_jump"":0.3,""special_saver"":0.3,""swim_speed_up"":0.3,""comeback"":true,""stealth_jump"":true}",order_roller_replica,8,7,1,9,3,786,"{""swim_speed_up"":1.6,""ink_saver_sub"":0.9,""ink_resistance_up"":0.6,""special_charge_up"":0.3,""sub_resistance_up"":0.3,""ninja_squid"":true,""stealth_jump"":true}",tristringer,8,7,1,6,5,1138,"{""quick_super_jump"":1.3,""swim_speed_up"":1.3,""special_charge_up"":0.6,""sub_resistance_up"":0.6,""ink_resistance_up"":0.3,""run_speed_up"":0.3,""special_saver"":0.3,""thermal_ink"":true}",fincent,6,5,1,11,1,666,"{""swim_speed_up"":2.5,""ink_saver_main"":2.2,""ninja_squid"":true}",nova,17,12,5,7,3,814,"{""quick_super_jump"":1.2,""swim_speed_up"":1.2,""intensify_action"":0.3,""comeback"":true,""ninja_squid"":true,""stealth_jump"":true}",sshooter_collabo,13,13,0,4,4,1327,"{""ink_saver_main"":1.9,""ink_saver_sub"":1.9,""intensify_action"":1.9}",bold,6,5,1,6,2,926,"{""swim_speed_up"":5.7}",splatscope,8,5,3,3,3,918,"{""ink_saver_main"":1.3,""ink_recovery_up"":1,""swim_speed_up"":1,""quick_super_jump"":0.6,""run_speed_up"":0.3,""special_power_up"":0.3,""special_saver"":0.3,""sub_power_up"":0.3,""sub_resistance_up"":0.3}",gold,#1 Score Booster,gold,#1 Popular Target,gold,#1 Turf Inker,
Sizzle Season 2025,2025-06-30T12:00:00+00:00,10.0.1,xmatch,yagura,mategai,300,bravo,FALSE,,1942.1,4655,,42,6e04b6ff,,4804,,83,cd510aff,,sharp,11,7,4,7,3,1129,"{""swim_speed_up"":1.6,""ink_recovery_up"":0.6,""ink_resistance_up"":0.6,""run_speed_up"":0.6,""ink_saver_sub"":0.3,""ninja_squid"":true,""stealth_jump"":true}",prime_frzn,10,8,2,8,4,1092,"{""ink_saver_main"":1.6,""special_charge_up"":0.6,""ink_resistance_up"":0.3,""ink_saver_sub"":0.3,""intensify_action"":0.3,""special_saver"":0.3,""swim_speed_up"":0.3,""comeback"":true,""stealth_jump"":true}",hissen_ash,7,6,1,9,6,1417,"{""swim_speed_up"":1.6,""ink_saver_sub"":0.9,""special_charge_up"":0.6,""quick_super_jump"":0.3,""special_saver"":0.3,""comeback"":true,""stealth_jump"":true}",52gal,5,5,0,9,2,1017,"{""swim_speed_up"":1.6,""intensify_action"":0.9,""ink_recovery_up"":0.3,""ink_resistance_up"":0.3,""quick_super_jump"":0.3,""sub_resistance_up"":0.3,""opening_gambit"":true,""stealth_jump"":true}",prime_frzn,17,14,3,3,6,1533,"{""swim_speed_up"":1.9,""intensify_action"":0.6,""quick_super_jump"":0.6,""special_charge_up"":0.3,""sub_resistance_up"":0.3,""last_ditch_effort"":true,""stealth_jump"":true}",sshooter_kou,10,8,2,7,6,1158,"{""special_power_up"":1,""swim_speed_up"":1,""ink_saver_sub"":0.6,""intensify_action"":0.6,""sub_power_up"":0.6,""quick_super_jump"":0.3,""special_charge_up"":0.3,""special_saver"":0.3,""stealth_jump"":true}",sharp,9,3,6,8,5,1124,"{""swim_speed_up"":1,""run_speed_up"":0.6,""special_saver"":0.6,""sub_power_up"":0.6,""ink_resistance_up"":0.3,""quick_super_jump"":0.3,""sub_resistance_up"":0.3,""comeback"":true,""stealth_jump"":true}",nzap85,12,8,4,8,5,989,"{""swim_speed_up"":1,""special_charge_up"":0.9,""ink_resistance_up"":0.6,""intensify_action"":0.6,""quick_super_jump"":0.6,""comeback"":true,""stealth_jump"":true}",gold,#1 Overall Splatter,gold,#1 Splat Assister,silver,#1 Crab Tank User,
Sizzle Season 2025,2025-06-30T12:00:00+00:00,10.0.1,xmatch,yagura,mategai,190,alpha,TRUE,,2068.8,2557,,100,a0c937ff,,2429,,0,ba30b0ff,,hotblaster_custom,6,5,1,6,1,392,"{""intensify_action"":1.6,""swim_speed_up"":1.5,""quick_super_jump"":0.6,""ninja_squid"":true,""stealth_jump"":true}",heroshooter_replica,13,11,2,5,5,1071,"{""swim_speed_up"":1.3,""quick_respawn"":1,""special_saver"":0.9,""special_charge_up"":0.6,""ink_resistance_up"":0.3,""quick_super_jump"":0.3,""sub_resistance_up"":0.3,""stealth_jump"":true}",liter4k_scope_custom,3,3,0,3,2,606,"{""ink_saver_main"":2.5,""ink_recovery_up"":1,""sub_power_up"":0.6,""last_ditch_effort"":true}",order_roller_replica,5,4,1,6,2,488,"{""ink_saver_main"":1.9,""ink_saver_sub"":1.9,""swim_speed_up"":0.9,""ninja_squid"":true}",fincent_brnz,11,11,0,5,2,607,"{""special_charge_up"":2.2,""swim_speed_up"":1.6,""ink_saver_sub"":0.6,""ink_saver_main"":0.3,""drop_roller"":true}",liter4k,5,3,2,6,1,560,"{""ink_saver_main"":1.3,""sub_resistance_up"":0.6,""ink_recovery_up"":0.3,""ink_resistance_up"":0.3,""intensify_action"":0.3,""run_speed_up"":0.3,""special_charge_up"":0.3,""special_saver"":0.3,""respawn_punisher"":true,""stealth_jump"":true}",wideroller_waku,3,1,2,6,2,777,"{""ink_saver_main"":1,""ink_saver_sub"":0.9,""quick_super_jump"":0.6,""ink_resistance_up"":0.3,""special_saver"":0.3,""sub_resistance_up"":0.3,""swim_speed_up"":0.3,""comeback"":true,""stealth_jump"":true}",nova_neo,7,5,2,6,2,485,"{""swim_speed_up"":1.9,""special_charge_up"":0.9,""ink_resistance_up"":0.3,""quick_super_jump"":0.3,""sub_resistance_up"":0.3,""comeback"":true,""stealth_jump"":true}",gold,Record-Score Setter,silver,#2 Overall Splatter,silver,First Splat!,
Sizzle Season 2025,2025-06-30T12:00:00+00:00,10.0.1,xmatch,yagura,ryugu,166,bravo,TRUE,,1942.1,2871,,0,d74b31ff,,3137,,100,1ec0adff,,clashblaster_neo,6,6,0,4,2,622,"{""run_speed_up"":1.3,""swim_speed_up"":1,""ink_recovery_up"":0.6,""ink_resistance_up"":0.6,""ink_saver_main"":0.6,""ink_saver_sub"":0.3,""sub_resistance_up"":0.3,""stealth_jump"":true}",prime_frzn,2,0,2,4,2,793,"{""ink_saver_sub"":1.3,""swim_speed_up"":1,""ink_recovery_up"":0.6,""quick_super_jump"":0.6,""special_charge_up"":0.6,""ink_resistance_up"":0.3,""quick_respawn"":0.3,""stealth_jump"":true}",dentalwiper_sumi,5,5,0,3,2,678,"{""swim_speed_up"":1,""ink_saver_main"":0.6,""special_power_up"":0.6,""special_saver"":0.6,""ink_recovery_up"":0.3,""quick_super_jump"":0.3,""special_charge_up"":0.3,""comeback"":true,""stealth_jump"":true}",fincent,5,3,2,5,2,778,"{""quick_respawn"":1.6,""quick_super_jump"":0.9,""swim_speed_up"":0.9,""ink_recovery_up"":0.3,""ninja_squid"":true,""stealth_jump"":true}",dynamo,11,10,1,5,3,1006,"{""ink_saver_main"":2,""ink_recovery_up"":0.6,""ink_resistance_up"":0.6,""quick_super_jump"":0.6,""swim_speed_up"":0.6,""sub_power_up"":0.3,""comeback"":true}",momiji,1,1,0,3,5,848,"{""ink_saver_sub"":1.9,""sub_power_up"":1.9,""special_charge_up"":1.6,""ink_resistance_up"":0.3}",longblaster_custom,7,4,3,3,2,531,"{""ink_saver_main"":1.6,""intensify_action"":1.2,""quick_super_jump"":0.3,""swim_speed_up"":0.3,""comeback"":true,""stealth_jump"":true}",sharp_neo,2,1,1,3,3,752,"{""swim_speed_up"":1.3,""intensify_action"":0.6,""special_saver"":0.6,""ink_resistance_up"":0.3,""ink_saver_sub"":0.3,""quick_super_jump"":0.3,""special_charge_up"":0.3,""last_ditch_effort"":true,""stealth_jump"":true}",gold,#1 Overall Splatter,gold,#1 Enemy Splatter,silver,#1 Tower Stopper,
Sizzle Season 2025,2025-06-30T12:00:00+00:00,10.0.1,xmatch,yagura,mategai,236,bravo,TRUE,,2068.8,2853,,0,1a1aafff,,3214,,100,e38d24ff,,hotblaster_custom,13,8,5,6,3,654,"{""intensify_action"":1.6,""swim_speed_up"":1.5,""quick_super_jump"":0.6,""ninja_squid"":true,""stealth_jump"":true}",sputtery_owl,15,11,4,7,3,815,"{""swim_speed_up"":1.9,""ink_recovery_up"":0.6,""quick_super_jump"":0.6,""intensify_action"":0.3,""sub_resistance_up"":0.3,""drop_roller"":true,""ninja_squid"":true}",sblast91,7,4,3,8,3,711,"{""quick_respawn"":1.9,""quick_super_jump"":0.6,""ink_resistance_up"":0.3,""ink_saver_sub"":0.3,""special_saver"":0.3,""sub_resistance_up"":0.3,""comeback"":true,""stealth_jump"":true}",carbon_deco,8,6,2,11,1,673,"{""ink_saver_sub"":2,""ink_saver_main"":1.8,""ink_recovery_up"":0.9,""opening_gambit"":true}",nova_neo,17,14,3,6,4,847,"{""quick_respawn"":1,""swim_speed_up"":0.9,""ink_saver_sub"":0.6,""quick_super_jump"":0.6,""special_charge_up"":0.6,""ninja_squid"":true,""stealth_jump"":true}",splatspinner_collabo,9,3,6,8,2,907,"{""run_speed_up"":2.9,""ink_resistance_up"":0.6,""swim_speed_up"":0.6,""intensify_action"":0.3,""sub_resistance_up"":0.3,""stealth_jump"":true}",order_roller_replica,8,8,0,5,4,675,"{""ink_saver_main"":1.9,""ink_saver_sub"":1.9,""swim_speed_up"":0.9,""ninja_squid"":true}",sputtery_hue,11,7,4,10,3,785,"{""quick_respawn"":1.3,""swim_speed_up"":1.3,""special_power_up"":0.6,""ink_recovery_up"":0.3,""ink_saver_main"":0.3,""ink_saver_sub"":0.3,""quick_super_jump"":0.3,""special_saver"":0.3,""stealth_jump"":true}",gold,#1 Splat Assister,silver,#1 Tower Stopper,silver,#1 Ground Traveler,
Sizzle Season 2025,2025-06-30T12:00:00+00:00,10.0.1,bankara_open,asari,negitoro,325,bravo,FALSE,S+ 18,,3783,,32,a0c937ff,,3857,,47,ba30b0ff,,screwslosher_neo,11,6,5,9,3,1137,"{""ink_saver_main"":1.9,""swim_speed_up"":1,""run_speed_up"":0.9,""ink_resistance_up"":0.3,""quick_super_jump"":0.3,""special_saver"":0.3,""stealth_jump"":true}",bold_neo,10,8,2,8,3,782,"{""quick_respawn"":2.2,""quick_super_jump"":1.6,""swim_speed_up"":0.6,""special_power_up"":0.3,""stealth_jump"":true}",order_roller_replica,11,11,0,8,3,973,"{""swim_speed_up"":1.6,""ink_saver_sub"":0.9,""ink_resistance_up"":0.6,""special_charge_up"":0.3,""sub_resistance_up"":0.3,""ninja_squid"":true,""stealth_jump"":true}",sshooter_kou,10,5,5,13,1,891,"{""swim_speed_up"":1.9,""intensify_action"":0.9,""ink_resistance_up"":0.3,""quick_super_jump"":0.3,""sub_resistance_up"":0.3,""comeback"":true,""stealth_jump"":true}",jetsweeper_cobr,17,15,2,7,3,1074,"{""intensify_action"":1.3,""swim_speed_up"":1.3,""ink_saver_main"":1,""ink_resistance_up"":0.6,""ink_saver_sub"":0.6,""quick_super_jump"":0.3,""sub_power_up"":0.3,""sub_resistance_up"":0.3}",pablo,11,7,4,10,4,1207,"{""swim_speed_up"":2.8,""run_speed_up"":1,""ink_saver_main"":0.6,""intensify_action"":0.3,""drop_roller"":true}",hydra,14,10,4,8,3,917,"{""run_speed_up"":4.5,""ink_recovery_up"":0.6,""quick_respawn"":0.3,""swim_speed_up"":0.3}",liter4k_scope,7,6,1,5,2,659,"{""swim_speed_up"":1.9,""ink_saver_main"":1.3,""sub_resistance_up"":0.6,""ink_recovery_up"":0.3,""ink_resistance_up"":0.3,""special_charge_up"":0.3,""respawn_punisher"":true}",gold,#1 Overall Splatter,gold,#1 Splat Assister,gold,#1 Turf Inker,
Sizzle Season 2025,2025-06-30T12:00:00+00:00,10.0.1,xmatch,yagura,ryugu,313,bravo,FALSE,,1867.1,4655,,82,6e04b6ff,,5152,,83,cd510aff,,clashblaster_neo,13,11,2,12,3,1101,"{""run_speed_up"":1.3,""swim_speed_up"":1,""ink_recovery_up"":0.6,""ink_resistance_up"":0.6,""ink_saver_main"":0.6,""ink_saver_sub"":0.3,""sub_resistance_up"":0.3,""stealth_jump"":true}",rapid_deco,14,8,6,9,2,968,"{""ink_saver_sub"":1.2,""swim_speed_up"":1,""intensify_action"":0.9,""ink_resistance_up"":0.3,""quick_super_jump"":0.3,""comeback"":true,""stealth_jump"":true}",jetsweeper_cobr,10,3,7,7,3,1510,"{""ink_saver_sub"":1,""sub_power_up"":1,""intensify_action"":0.6,""special_charge_up"":0.6,""sub_resistance_up"":0.6,""ink_recovery_up"":0.3,""run_speed_up"":0.3,""swim_speed_up"":0.3,""stealth_jump"":true}",splatroller,8,7,1,11,2,1076,"{""quick_super_jump"":1.3,""ink_recovery_up"":1.2,""swim_speed_up"":0.6,""ink_saver_main"":0.3,""quick_respawn"":0.3,""ninja_squid"":true,""stealth_jump"":true}",wakaba,10,6,4,8,6,1662,"{""ink_saver_sub"":3.2,""sub_power_up"":0.9,""ink_recovery_up"":0.3,""sub_resistance_up"":0.3,""stealth_jump"":true}",52gal,19,17,2,4,7,1475,"{""swim_speed_up"":1.9,""intensify_action"":0.9,""quick_super_jump"":0.6,""ink_resistance_up"":0.3,""comeback"":true,""stealth_jump"":true}",sblast91,11,9,2,10,3,675,"{""swim_speed_up"":1.6,""intensify_action"":1.3,""ink_saver_main"":1,""ink_resistance_up"":0.6,""quick_super_jump"":0.6,""ink_recovery_up"":0.3,""sub_resistance_up"":0.3}",explosher_custom,10,7,3,7,5,1340,"{""ink_saver_main"":2,""special_saver"":0.9,""run_speed_up"":0.6,""swim_speed_up"":0.6,""ink_resistance_up"":0.3,""quick_super_jump"":0.3,""tenacity"":true}",silver,#1 Ground Traveler,gold,#1 Enemy Splatter,silver,First Splat!,
Sizzle Season 2025,2025-06-30T12:00:00+00:00,10.0.1,bankara_open,asari,negitoro,320,alpha,FALSE,S+ 9,,4768,,52,df6624ff,,4472,,38,343bc4ff,,sshooter,8,7,1,10,4,1351,"{""intensify_action"":1.6,""swim_speed_up"":1.5,""quick_super_jump"":0.6,""ninja_squid"":true,""stealth_jump"":true}",maneuver_you,12,8,4,8,3,1049,"{""swim_speed_up"":1,""ink_saver_sub"":0.6,""quick_super_jump"":0.6,""ink_resistance_up"":0.3,""ink_saver_main"":0.3,""special_power_up"":0.3,""sub_power_up"":0.3,""sub_resistance_up"":0.3,""comeback"":true,""stealth_jump"":true}",sshooter_kou,12,8,4,10,3,993,"{""swim_speed_up"":1.6,""intensify_action"":1.2,""ink_resistance_up"":0.3,""quick_super_jump"":0.3,""special_saver"":0.3,""comeback"":true,""stealth_jump"":true}",dynamo,9,6,3,7,4,1375,"{""ink_saver_main"":1.9,""swim_speed_up"":0.9,""quick_super_jump"":0.6,""special_saver"":0.3,""comeback"":true,""stealth_jump"":true}",nova_neo,16,9,7,7,2,1304,"{""ink_saver_sub"":3.5,""ink_recovery_up"":0.6,""ink_resistance_up"":0.3,""ink_saver_main"":0.3,""stealth_jump"":true}",kelvin525,16,15,1,8,3,1028,"{""quick_respawn"":1.5,""ink_recovery_up"":1,""ink_saver_main"":0.6,""quick_super_jump"":0.3,""sub_resistance_up"":0.3,""comeback"":true,""stealth_jump"":true}",sputtery_owl,9,6,3,7,4,1077,"{""quick_respawn"":1.6,""swim_speed_up"":0.9,""quick_super_jump"":0.6,""special_power_up"":0.6,""comeback"":true,""stealth_jump"":true}",hydra_atsu,7,5,2,7,4,1063,"{""run_speed_up"":1.3,""ink_resistance_up"":1,""intensify_action"":0.6,""special_saver"":0.6,""sub_resistance_up"":0.6,""quick_respawn"":0.3,""swim_speed_up"":0.3,""object_shredder"":true}",silver,#1 Ink Consumer,gold,#1 Score Booster,gold,#1 Popular Target,
Sizzle Season 2025,2025-06-30T12:00:00+00:00,10.0.1,bankara_challenge,area,nampla,303,bravo,FALSE,S,,4563,,56,a0c937ff,,4786,,69,ba30b0ff,,sharp_geck,6,2,4,8,4,1147,"{""swim_speed_up"":3.7,""intensify_action"":1,""ninja_squid"":true}",sshooter,11,11,0,8,4,1357,"{""swim_speed_up"":1.9,""intensify_action"":1.6,""ink_recovery_up"":1.2,""ink_saver_sub"":1}",rapid_elite_wntr,10,8,2,5,2,1199,"{""ink_saver_main"":1,""special_charge_up"":1,""swim_speed_up"":1,""special_power_up"":0.6,""ink_recovery_up"":0.3,""ink_resistance_up"":0.3,""intensify_action"":0.3,""quick_respawn"":0.3,""quick_super_jump"":0.3,""sub_resistance_up"":0.3}",hotblaster,9,7,2,10,3,860,"{""ink_recovery_up"":1,""intensify_action"":0.6,""sub_resistance_up"":0.6,""ink_resistance_up"":0.3,""ink_saver_main"":0.3,""run_speed_up"":0.3,""special_power_up"":0.3,""special_saver"":0.3,""last_ditch_effort"":true,""object_shredder"":true}",maneuver_collabo,21,20,1,9,5,1314,"{""intensify_action"":1.3,""ink_resistance_up"":1,""special_saver"":1,""sub_resistance_up"":0.6,""ink_recovery_up"":0.3,""ink_saver_sub"":0.3,""quick_respawn"":0.3,""quick_super_jump"":0.3,""special_charge_up"":0.3,""swim_speed_up"":0.3}",gaen_ff_custom,4,2,2,7,5,1310,"{""ink_saver_main"":3.6,""run_speed_up"":0.6,""ink_recovery_up"":0.3,""ink_resistance_up"":0.3,""special_charge_up"":0.3,""sub_resistance_up"":0.3,""swim_speed_up"":0.3}",nautilus47,7,4,3,5,4,1063,"{""run_speed_up"":1.6,""ink_saver_main"":1.3,""ink_recovery_up"":0.6,""ink_resistance_up"":0.3,""intensify_action"":0.3,""quick_super_jump"":0.3,""swim_speed_up"":0.3,""stealth_jump"":true}",dynamo_tesla,5,5,0,7,4,1099,"{""ink_saver_main"":1.6,""sub_power_up"":1.6,""ink_saver_sub"":0.6,""ink_recovery_up"":0.3,""special_saver"":0.3,""swim_speed_up"":0.3,""drop_roller"":true}",gold,#1 Splat Assister,gold,#1 Super Jump Spot,silver,#1 Ground Traveler,
Sizzle Season 2025,2025-06-30T12:00:00+00:00,10.0.1,bankara_open,asari,negitoro,300,bravo,FALSE,S+ 18,,3913,,23,a0c937ff,,3947,,33,ba30b0ff,,screwslosher_neo,8,6,2,8,3,1001,"{""ink_saver_main"":1.9,""swim_speed_up"":1,""run_speed_up"":0.9,""ink_resistance_up"":0.3,""quick_super_jump"":0.3,""special_saver"":0.3,""stealth_jump"":true}",maneuver_collabo,8,6,2,9,1,938,"{""swim_speed_up"":2.6,""ink_recovery_up"":0.6,""quick_super_jump"":0.6,""intensify_action"":0.3,""special_power_up"":0.3,""ninja_squid"":true}",order_roller_replica,6,6,0,7,4,1023,"{""swim_speed_up"":1.6,""ink_saver_sub"":0.9,""ink_resistance_up"":0.6,""special_charge_up"":0.3,""sub_resistance_up"":0.3,""ninja_squid"":true,""stealth_jump"":true}",tristringer,4,3,1,7,4,951,"{""ink_saver_main"":1.8,""special_power_up"":0.3,""sub_power_up"":0.3,""swim_speed_up"":0.3,""drop_roller"":true,""last_ditch_effort"":true,""thermal_ink"":true}",momiji,13,4,9,2,7,1280,"{""ink_saver_sub"":1.6,""special_charge_up"":1.6,""quick_super_jump"":0.6,""special_saver"":0.6,""ink_resistance_up"":0.3,""stealth_jump"":true}",sshooter,16,13,3,7,3,1244,"{""special_charge_up"":1.9,""special_saver"":1.9,""swim_speed_up"":1.9}",liter4k,8,7,1,5,3,582,"{""run_speed_up"":2.6,""quick_super_jump"":1.6,""ink_resistance_up"":0.3,""ink_saver_sub"":0.3,""intensify_action"":0.3,""special_saver"":0.3,""swim_speed_up"":0.3}",pablo,8,6,2,8,3,841,"{""run_speed_up"":3.8,""sub_resistance_up"":1.6,""ink_saver_sub"":0.3}",gold,#1 Super Jump Spot,gold,#1 Overall Splatter,gold,#1 Enemy Splatter,
Sizzle Season 2025,2025-06-30T12:00:00+00:00,10.0.1,xmatch,yagura,mategai,304,bravo,FALSE,,1867.1,4091,,52,e38d24ff,,4342,,89,1a1aafff,,clashblaster_neo,18,16,2,10,3,1186,"{""run_speed_up"":1.3,""swim_speed_up"":1,""ink_recovery_up"":0.6,""ink_resistance_up"":0.6,""ink_saver_main"":0.6,""ink_saver_sub"":0.3,""sub_resistance_up"":0.3,""stealth_jump"":true}",prime_collabo,8,5,3,9,3,1218,"{""ink_saver_sub"":1,""intensify_action"":0.9,""sub_power_up"":0.6,""ink_resistance_up"":0.3,""ink_saver_main"":0.3,""quick_super_jump"":0.3,""sub_resistance_up"":0.3,""comeback"":true,""stealth_jump"":true}",sshooter,12,8,4,9,3,1036,"{""swim_speed_up"":1,""intensify_action"":0.9,""run_speed_up"":0.6,""ink_resistance_up"":0.3,""quick_respawn"":0.3,""quick_super_jump"":0.3,""sub_resistance_up"":0.3,""comeback"":true,""stealth_jump"":true}",rpen_5b,6,4,2,11,2,651,"{""ink_saver_main"":1.9,""ink_recovery_up"":1.2,""special_saver"":0.6,""object_shredder"":true,""thermal_ink"":true}",sharp,17,16,1,5,5,1672,"{""swim_speed_up"":1.6,""sub_power_up"":1,""special_charge_up"":0.9,""run_speed_up"":0.6,""ink_recovery_up"":0.3,""quick_super_jump"":0.3,""stealth_jump"":true}",splatscope_collabo,8,8,0,7,5,1041,"{""ink_recovery_up"":1.6,""ink_saver_sub"":1,""quick_super_jump"":0.6,""special_charge_up"":0.6,""ink_resistance_up"":0.3,""intensify_action"":0.3,""sub_resistance_up"":0.3,""stealth_jump"":true}",sblast91,12,8,4,11,2,571,"{""swim_speed_up"":1.6,""intensify_action"":1.3,""ink_saver_main"":1,""ink_resistance_up"":0.6,""quick_super_jump"":0.6,""ink_recovery_up"":0.3,""sub_resistance_up"":0.3}",splatroller,9,7,2,10,3,1058,"{""quick_super_jump"":1.3,""ink_recovery_up"":1.2,""swim_speed_up"":0.6,""ink_saver_main"":0.3,""quick_respawn"":0.3,""ninja_squid"":true,""stealth_jump"":true}",gold,#1 Overall Splatter,gold,#1 Enemy Splatter,gold,#1 Popular Target,
Sizzle Season 2025,2025-06-30T12:00:00+00:00,10.0.1,bankara_open,asari,negitoro,320,alpha,FALSE,S,,4071,,32,a0c937ff,,4155,,0,ba30b0ff,,hokusai_hue,13,11,2,12,2,816,"{""sub_power_up"":1.3,""special_power_up"":0.6,""special_saver"":0.6,""swim_speed_up"":0.6,""ink_saver_sub"":0.3,""comeback"":true,""ninja_squid"":true}",order_shooter_replica,16,9,7,6,3,1397,"{""swim_speed_up"":1.6,""intensify_action"":0.9,""ink_resistance_up"":0.6,""quick_super_jump"":0.3,""special_saver"":0.3,""comeback"":true,""stealth_jump"":true}",splatroller_collabo,11,9,2,11,1,632,"{""swim_speed_up"":1.9,""sub_power_up"":1.3,""ink_saver_sub"":0.3,""quick_super_jump"":0.3,""run_speed_up"":0.3,""special_charge_up"":0.3,""special_power_up"":0.3,""stealth_jump"":true}",96gal_sou,13,6,7,7,4,1226,"{""special_charge_up"":1.2,""sub_power_up"":1,""ink_saver_sub"":0.6,""quick_super_jump"":0.6,""ink_recovery_up"":0.3,""last_ditch_effort"":true,""stealth_jump"":true}",examiner,14,12,2,9,4,1244,"{""run_speed_up"":1.3,""special_power_up"":1,""special_charge_up"":0.9,""ink_resistance_up"":0.6,""quick_super_jump"":0.6,""sub_resistance_up"":0.3,""stealth_jump"":true}",nova,9,9,0,9,2,1023,"{""quick_respawn"":0.9,""quick_super_jump"":0.6,""swim_speed_up"":0.6,""intensify_action"":0.3,""sub_resistance_up"":0.3,""comeback"":true,""ninja_squid"":true,""stealth_jump"":true}",hissen,13,8,5,7,4,962,"{""swim_speed_up"":1.9,""ink_saver_main"":0.6,""quick_super_jump"":0.6,""special_saver"":0.6,""drop_roller"":true,""ninja_squid"":true}",screwslosher_neo,10,7,3,10,1,926,"{""special_charge_up"":1.3,""quick_super_jump"":0.6,""swim_speed_up"":0.6,""ink_saver_main"":0.3,""ink_saver_sub"":0.3,""special_saver"":0.3,""opening_gambit"":true,""stealth_jump"":true}",gold,#1 Super Jump Spot,gold,#1 Enemy Splatter,silver,#1 Ink Storm User,
Sizzle Season 2025,2025-06-30T12:00:00+00:00,10.0.1,bankara_open,asari,negitoro,320,alpha,FALSE,,,4071,,32,a0c937ff,,4155,,0,ba30b0ff,,hokusai_hue,13,11,2,12,2,816,"{""sub_power_up"":1.3,""special_power_up"":0.6,""special_saver"":0.6,""swim_speed_up"":0.6,""ink_saver_sub"":0.3,""comeback"":true,""ninja_squid"":true}",order_shooter_replica,16,9,7,6,3,1397,"{""swim_speed_up"":1.6,""intensify_action"":0.9,""ink_resistance_up"":0.6,""quick_super_jump"":0.3,""special_saver"":0.3,""comeback"":true,""stealth_jump"":true}",splatroller_collabo,11,9,2,11,1,632,"{""swim_speed_up"":1.9,""sub_power_up"":1.3,""ink_saver_sub"":0.3,""quick_super_jump"":0.3,""run_speed_up"":0.3,""special_charge_up"":0.3,""special_power_up"":0.3,""stealth_jump"":true}",96gal_sou,13,6,7,7,4,1226,"{""special_charge_up"":1.2,""sub_power_up"":1,""ink_saver_sub"":0.6,""quick_super_jump"":0.6,""ink_recovery_up"":0.3,""last_ditch_effort"":true,""stealth_jump"":true}",examiner,14,12,2,9,4,1244,"{""run_speed_up"":1.3,""special_power_up"":1,""special_charge_up"":0.9,""ink_resistance_up"":0.6,""quick_super_jump"":0.6,""sub_resistance_up"":0.3,""stealth_jump"":true}",nova,9,9,0,9,2,1023,"{""quick_respawn"":0.9,""quick_super_jump"":0.6,""swim_speed_up"":0.6,""intensify_action"":0.3,""sub_resistance_up"":0.3,""comeback"":true,""ninja_squid"":true,""stealth_jump"":true}",hissen,13,8,5,7,4,962,"{""swim_speed_up"":1.9,""ink_saver_main"":0.6,""quick_super_jump"":0.6,""special_saver"":0.6,""drop_roller"":true,""ninja_squid"":true}",screwslosher_neo,10,7,3,10,1,926,"{""special_charge_up"":1.3,""quick_super_jump"":0.6,""swim_speed_up"":0.6,""ink_saver_main"":0.3,""ink_saver_sub"":0.3,""special_saver"":0.3,""opening_gambit"":true,""stealth_jump"":true}",gold,#1 Super Jump Spot,gold,#1 Enemy Splatter,silver,#1 Ink Storm User,
Sizzle Season 2025,2025-06-30T12:00:00+00:00,10.0.1,bankara_open,asari,negitoro,319,alpha,FALSE,S+ 9,,4766,,52,343bc4ff,,4449,,23,df6624ff,,sshooter,11,11,0,4,4,1353,"{""intensify_action"":1.6,""swim_speed_up"":1.5,""quick_super_jump"":0.6,""ninja_squid"":true,""stealth_jump"":true}",dynamo,11,8,3,5,4,1297,"{""ink_saver_main"":1.9,""swim_speed_up"":0.9,""quick_super_jump"":0.6,""special_saver"":0.3,""comeback"":true,""stealth_jump"":true}",tristringer,8,5,3,5,4,932,"{""special_charge_up"":1.6,""ink_saver_main"":1.3,""ink_resistance_up"":1,""quick_super_jump"":0.6,""run_speed_up"":0.3,""special_power_up"":0.3,""sub_resistance_up"":0.3,""swim_speed_up"":0.3}",dentalwiper_mint,10,10,0,8,2,1184,"{""quick_respawn"":1.9,""quick_super_jump"":0.6,""swim_speed_up"":0.6,""ink_resistance_up"":0.3,""sub_resistance_up"":0.3,""comeback"":true,""stealth_jump"":true}",hissen_ash,11,10,1,8,3,1269,"{""quick_respawn"":1.6,""quick_super_jump"":0.6,""special_saver"":0.6,""swim_speed_up"":0.6,""sub_resistance_up"":0.3,""comeback"":true,""stealth_jump"":true}",hotblaster_custom,10,5,5,10,3,789,"{""quick_respawn"":2.2,""quick_super_jump"":0.6,""intensify_action"":0.3,""special_saver"":0.3,""swim_speed_up"":0.3,""comeback"":true,""stealth_jump"":true}",sshooter_kou,3,3,0,9,5,1298,"{""special_charge_up"":3.3,""special_power_up"":1.2,""intensify_action"":0.3,""quick_super_jump"":0.3,""sub_resistance_up"":0.3,""swim_speed_up"":0.3}",sshooter_kou,6,4,2,9,3,1093,"{""swim_speed_up"":1.3,""run_speed_up"":1,""intensify_action"":0.9,""quick_super_jump"":0.3,""special_saver"":0.3,""stealth_jump"":true}",gold,#1 Score Booster,gold,#1 Overall Splatter,gold,#1 Turf Inker,
Sizzle Season 2025,2025-06-30T12:00:00+00:00,10.0.1,xmatch,yagura,mategai,319,bravo,FALSE,,1867.1,5584,,74,a0c937ff,,5576,,78,ba30b0ff,,splatroller,11,11,0,12,1,793,"{""swim_speed_up"":1.6,""ink_recovery_up"":0.6,""ink_resistance_up"":0.6,""run_speed_up"":0.6,""ink_saver_sub"":0.3,""ninja_squid"":true,""stealth_jump"":true}",hydra_atsu,4,4,0,8,2,1026,"{""run_speed_up"":2.9,""ink_resistance_up"":0.6,""ink_saver_main"":0.6,""special_saver"":0.6,""stealth_jump"":true}",promodeler_rg,4,3,1,4,11,2489,"{""special_charge_up"":1.9,""swim_speed_up"":1.9,""special_power_up"":0.9,""last_ditch_effort"":true}",order_shooter_replica,9,9,0,9,3,1276,"{""swim_speed_up"":1.9,""intensify_action"":0.9,""special_charge_up"":0.6,""ink_resistance_up"":0.3,""comeback"":true,""stealth_jump"":true}",sharp,18,14,4,6,5,1478,"{""swim_speed_up"":1.2,""sub_power_up"":1,""ink_recovery_up"":0.6,""run_speed_up"":0.6,""quick_super_jump"":0.3,""comeback"":true,""stealth_jump"":true}",wakaba,8,5,3,8,3,1876,"{""ink_saver_sub"":3.2,""sub_power_up"":1,""ink_recovery_up"":0.6,""swim_speed_up"":0.6,""special_saver"":0.3}",hotblaster_en,9,6,3,7,4,829,"{""ink_saver_main"":1.9,""special_charge_up"":1.3,""ink_saver_sub"":1,""special_saver"":0.9,""swim_speed_up"":0.6}",tristringer_tou,12,8,4,6,4,1393,"{""run_speed_up"":1.2,""special_power_up"":1,""swim_speed_up"":0.9,""quick_super_jump"":0.3,""special_charge_up"":0.3,""drop_roller"":true,""last_ditch_effort"":true}",gold,#1 Overall Splatter,gold,#1 Enemy Splatter,gold,Record-Score Setter,
Sizzle Season 2025,2025-06-30T12:00:00+00:00,10.0.1,bankara_open,asari,decaline,318,alpha,FALSE,S+ 18,,4212,,64,df6624ff,,4168,,42,343bc4ff,,screwslosher_neo,9,5,4,9,2,994,"{""ink_saver_main"":1.9,""swim_speed_up"":1,""run_speed_up"":0.9,""ink_resistance_up"":0.3,""quick_super_jump"":0.3,""special_saver"":0.3,""stealth_jump"":true}",52gal,21,18,3,9,5,1475,"{""swim_speed_up"":2.8,""quick_super_jump"":0.6,""intensify_action"":0.3,""opening_gambit"":true,""stealth_jump"":true}",order_roller_replica,8,8,0,7,4,952,"{""swim_speed_up"":1.6,""ink_saver_sub"":0.9,""ink_resistance_up"":0.6,""special_charge_up"":0.3,""sub_resistance_up"":0.3,""ninja_squid"":true,""stealth_jump"":true}",hissen_hue,11,5,6,11,1,791,"{""quick_super_jump"":1.3,""ink_saver_main"":0.9,""swim_speed_up"":0.9,""quick_respawn"":0.3,""run_speed_up"":0.3,""ninja_squid"":true,""stealth_jump"":true}",clashblaster_neo,16,9,7,13,1,632,"{""run_speed_up"":2.6,""ink_saver_main"":1,""ink_resistance_up"":0.6,""ink_saver_sub"":0.3,""quick_respawn"":0.3}",wakaba,13,8,5,3,5,1655,"{""ink_saver_sub"":3.6,""sub_power_up"":0.6,""ink_recovery_up"":0.3,""quick_super_jump"":0.3,""run_speed_up"":0.3,""special_charge_up"":0.3,""sub_resistance_up"":0.3}",furuido,13,10,3,10,2,861,"{""sub_power_up"":2,""ink_saver_main"":1.9,""special_charge_up"":0.3,""sub_resistance_up"":0.3,""swim_speed_up"":0.3}",explosher_custom,13,9,4,10,3,1020,"{""ink_saver_main"":2.3,""ink_resistance_up"":1.9,""intensify_action"":0.6,""run_speed_up"":0.3,""special_saver"":0.3,""swim_speed_up"":0.3}",gold,#1 Score Booster,silver,#2 Turf Inker,gold,#1 Clam Carrier,
Sizzle Season 2025,2025-06-30T12:00:00+00:00,10.0.1,bankara_challenge,area,nampla,302,alpha,FALSE,S,,4928,,47,6325cdff,,4766,,46,bfcd41ff,,sharp_geck,10,5,5,10,3,1149,"{""swim_speed_up"":3.7,""intensify_action"":1,""ninja_squid"":true}",promodeler_mg,12,11,1,9,7,1541,"{""quick_super_jump"":1.6,""special_saver"":1.6,""sub_resistance_up"":1,""quick_respawn"":0.9,""run_speed_up"":0.3,""special_charge_up"":0.3}",furuido,7,6,1,7,5,1153,"{""special_charge_up"":2.8,""ink_resistance_up"":1,""run_speed_up"":0.9,""thermal_ink"":true}",maneuver_you,7,7,0,11,3,1085,"{""ink_resistance_up"":1.8,""ink_recovery_up"":1,""swim_speed_up"":1,""sub_power_up"":0.9,""tenacity"":true}",jetsweeper_cobr,19,10,9,5,6,1429,"{""special_charge_up"":3.9,""ink_recovery_up"":0.3,""special_saver"":0.3,""sub_power_up"":0.3,""swim_speed_up"":0.3}",hissen_hue,11,9,2,11,3,816,"{""special_charge_up"":2.9,""special_saver"":1.9,""ink_saver_main"":0.3}",jetsweeper_cobr,17,13,4,9,4,1171,"{""swim_speed_up"":1.3,""sub_power_up"":1,""ink_recovery_up"":0.6,""run_speed_up"":0.6,""ink_saver_sub"":0.3,""quick_super_jump"":0.3,""special_charge_up"":0.3,""special_power_up"":0.3,""stealth_jump"":true}",momiji,11,5,6,4,5,1350,"{""ink_saver_main"":1.9,""ink_saver_sub"":0.9,""swim_speed_up"":0.6,""sub_power_up"":0.3,""ninja_squid"":true,""stealth_jump"":true}",gold,#1 Splat Assister,gold,#1 Splat Zone Guard,silver,#1 Ink Consumer,
Sizzle Season 2025,2025-06-30T12:00:00+00:00,10.0.1,bankara_open,asari,decaline,320,alpha,FALSE,,,4606,,59,343bc4ff,,4500,,46,df6624ff,,hokusai_hue,14,11,3,8,3,1075,"{""sub_power_up"":1.3,""special_power_up"":0.6,""special_saver"":0.6,""swim_speed_up"":0.6,""ink_saver_sub"":0.3,""comeback"":true,""ninja_squid"":true}",order_shooter_replica,15,11,4,6,3,1325,"{""swim_speed_up"":1.6,""intensify_action"":0.9,""ink_resistance_up"":0.6,""quick_super_jump"":0.3,""special_saver"":0.3,""comeback"":true,""stealth_jump"":true}",pablo,11,7,4,5,4,1078,"{""swim_speed_up"":1.2,""quick_respawn"":1,""ink_resistance_up"":0.9,""quick_super_jump"":0.6,""comeback"":true,""stealth_jump"":true}",52gal,3,2,1,9,4,1128,"{""special_charge_up"":1,""swim_speed_up"":1,""intensify_action"":0.9,""ink_resistance_up"":0.6,""ink_saver_sub"":0.6,""quick_super_jump"":0.3,""run_speed_up"":0.3,""stealth_jump"":true}",pablo,12,9,3,6,6,1176,"{""ink_saver_main"":1.3,""ink_saver_sub"":1,""sub_power_up"":0.6,""swim_speed_up"":0.6,""ink_recovery_up"":0.3,""run_speed_up"":0.3,""special_charge_up"":0.3,""stealth_jump"":true}",96gal_deco,9,8,1,6,4,1040,"{""swim_speed_up"":1.6,""special_power_up"":1,""intensify_action"":0.9,""quick_super_jump"":0.6,""special_charge_up"":0.6,""stealth_jump"":true}",52gal_deco,8,7,1,8,3,1177,"{""swim_speed_up"":4.4,""quick_super_jump"":0.3,""stealth_jump"":true}",h3reelgun_d,5,4,1,11,1,1107,"{""run_speed_up"":1,""quick_super_jump"":0.9,""ink_recovery_up"":0.6,""ink_resistance_up"":0.6,""ink_saver_main"":0.3,""swim_speed_up"":0.3,""comeback"":true,""stealth_jump"":true}",gold,#1 Score Booster,gold,#1 Super Jump Spot,gold,#1 Clam Carrier,
Sizzle Season 2025,2025-06-30T12:00:00+00:00,10.0.1,bankara_open,asari,decaline,320,alpha,FALSE,S,,4606,,59,343bc4ff,,4500,,46,df6624ff,,hokusai_hue,14,11,3,8,3,1075,"{""sub_power_up"":1.3,""special_power_up"":0.6,""special_saver"":0.6,""swim_speed_up"":0.6,""ink_saver_sub"":0.3,""comeback"":true,""ninja_squid"":true}",order_shooter_replica,15,11,4,6,3,1325,"{""swim_speed_up"":1.6,""intensify_action"":0.9,""ink_resistance_up"":0.6,""quick_super_jump"":0.3,""special_saver"":0.3,""comeback"":true,""stealth_jump"":true}",pablo,11,7,4,5,4,1078,"{""swim_speed_up"":1.2,""quick_respawn"":1,""ink_resistance_up"":0.9,""quick_super_jump"":0.6,""comeback"":true,""stealth_jump"":true}",52gal,3,2,1,9,4,1128,"{""special_charge_up"":1,""swim_speed_up"":1,""intensify_action"":0.9,""ink_resistance_up"":0.6,""ink_saver_sub"":0.6,""quick_super_jump"":0.3,""run_speed_up"":0.3,""stealth_jump"":true}",pablo,12,9,3,6,6,1176,"{""ink_saver_main"":1.3,""ink_saver_sub"":1,""sub_power_up"":0.6,""swim_speed_up"":0.6,""ink_recovery_up"":0.3,""run_speed_up"":0.3,""special_charge_up"":0.3,""stealth_jump"":true}",96gal_deco,9,8,1,6,4,1040,"{""swim_speed_up"":1.6,""special_power_up"":1,""intensify_action"":0.9,""quick_super_jump"":0.6,""special_charge_up"":0.6,""stealth_jump"":true}",52gal_deco,8,7,1,8,3,1177,"{""swim_speed_up"":4.4,""quick_super_jump"":0.3,""stealth_jump"":true}",h3reelgun_d,5,4,1,11,1,1107,"{""run_speed_up"":1,""quick_super_jump"":0.9,""ink_recovery_up"":0.6,""ink_resistance_up"":0.6,""ink_saver_main"":0.3,""swim_speed_up"":0.3,""comeback"":true,""stealth_jump"":true}",gold,#1 Score Booster,gold,#1 Super Jump Spot,gold,#1 Clam Carrier,
Sizzle Season 2025,2025-06-30T12:00:00+00:00,10.0.1,bankara_open,asari,negitoro,303,alpha,FALSE,,,4253,,33,cd510aff,,4095,,32,6e04b6ff,,dualsweeper_tei,10,3,7,5,4,1215,"{""ink_saver_main"":1,""ink_saver_sub"":1,""ink_recovery_up"":0.6,""intensify_action"":0.6,""ink_resistance_up"":0.3,""quick_super_jump"":0.3,""special_power_up"":0.3,""sub_power_up"":0.3,""stealth_jump"":true}",fincent_brnz,11,11,0,10,2,922,"{""swim_speed_up"":1.3,""ink_saver_main"":0.9,""special_charge_up"":0.9,""ink_saver_sub"":0.3,""special_saver"":0.3,""ninja_squid"":true,""stealth_jump"":true}",maneuver_collabo,10,8,2,10,3,1070,"{""special_charge_up"":1,""quick_respawn"":0.9,""ink_saver_sub"":0.6,""ink_resistance_up"":0.3,""ink_saver_main"":0.3,""quick_super_jump"":0.3,""swim_speed_up"":0.3,""comeback"":true,""stealth_jump"":true}",sputtery_hue,8,6,2,6,2,1046,"{""ink_saver_sub"":1.9,""run_speed_up"":1.6,""swim_speed_up"":1.2,""stealth_jump"":true}",prime_frzn,13,9,4,9,3,995,"{""ink_saver_sub"":1.6,""swim_speed_up"":1.6,""intensify_action"":0.9,""quick_super_jump"":0.6,""ninja_squid"":true}",nova_neo,11,11,0,7,2,786,"{""swim_speed_up"":1.5,""intensify_action"":1,""ink_resistance_up"":0.3,""ink_saver_main"":0.3,""quick_super_jump"":0.3,""special_charge_up"":0.3,""ninja_squid"":true,""stealth_jump"":true}",dualsweeper_tei,10,7,3,6,4,1289,"{""special_saver"":1,""special_charge_up"":0.9,""quick_respawn"":0.6,""swim_speed_up"":0.6,""ink_resistance_up"":0.3,""quick_super_jump"":0.3,""last_ditch_effort"":true,""stealth_jump"":true}",sputtery_hue,7,4,3,6,2,1025,"{""swim_speed_up"":2.2,""ink_saver_sub"":1.9,""quick_super_jump"":0.6,""ninja_squid"":true}",gold,#1 Turf Inker,gold,#1 Popular Target,gold,#1 Splat Assister,
Sizzle Season 2025,2025-06-30T12:00:00+00:00,10.0.1,bankara_open,asari,negitoro,320,bravo,FALSE,S+ 9,,5214,,0,1bbfabff,,4998,,20,c43a6eff,,sshooter,11,9,2,10,4,1242,"{""intensify_action"":1.6,""swim_speed_up"":1.5,""quick_super_jump"":0.6,""ninja_squid"":true,""stealth_jump"":true}",h3reelgun,16,8,8,6,6,1323,"{""special_charge_up"":1,""swim_speed_up"":1,""quick_super_jump"":0.6,""sub_power_up"":0.6,""ink_recovery_up"":0.3,""ink_resistance_up"":0.3,""ink_saver_main"":0.3,""special_saver"":0.3,""sub_resistance_up"":0.3,""stealth_jump"":true}",dynamo,6,5,1,5,7,1528,"{""ink_saver_main"":1.9,""swim_speed_up"":0.9,""quick_super_jump"":0.6,""special_saver"":0.3,""comeback"":true,""stealth_jump"":true}",bamboo14mk2,5,3,2,10,2,1121,"{""ink_recovery_up"":0.6,""ink_resistance_up"":0.6,""quick_super_jump"":0.6,""run_speed_up"":0.6,""ink_saver_sub"":0.3,""opening_gambit"":true,""respawn_punisher"":true,""stealth_jump"":true}",examiner,14,7,7,3,5,1330,"{""run_speed_up"":1.9,""special_power_up"":1.6,""quick_super_jump"":0.6,""swim_speed_up"":0.6,""stealth_jump"":true}",hydra_atsu,12,9,3,3,3,1445,"{""run_speed_up"":3.2,""ink_resistance_up"":1,""swim_speed_up"":0.9,""quick_super_jump"":0.3,""sub_resistance_up"":0.3}",bold,9,8,1,10,3,1053,"{""swim_speed_up"":2,""quick_super_jump"":0.6,""run_speed_up"":0.6,""ink_resistance_up"":0.3,""ink_saver_sub"":0.3,""special_charge_up"":0.3,""sub_power_up"":0.3,""sub_resistance_up"":0.3,""ninja_squid"":true}",carbon_angl,8,7,1,9,4,1170,"{""quick_respawn"":1.5,""quick_super_jump"":0.6,""ink_resistance_up"":0.3,""swim_speed_up"":0.3,""comeback"":true,""ninja_squid"":true,""stealth_jump"":true}",gold,#1 Super Jump Spot,gold,#1 Enemy Splatter,silver,#1 Clam Stopper,
Sizzle Season 2025,2025-06-30T12:00:00+00:00,10.0.1,xmatch,yagura,mategai,302,bravo,FALSE,,1792.1,4747,,56,1a1aafff,,5407,,74,e38d24ff,,clashblaster,13,11,2,11,3,843,"{""ink_saver_sub"":1.6,""swim_speed_up"":1,""ink_recovery_up"":0.9,""ink_resistance_up"":0.9,""run_speed_up"":0.3,""stealth_jump"":true}",moprin_kaku,6,2,4,5,6,1495,"{""special_charge_up"":2.3,""ink_saver_main"":0.6,""quick_super_jump"":0.6,""swim_speed_up"":0.6,""ink_resistance_up"":0.3,""sub_resistance_up"":0.3,""stealth_jump"":true}",sshooter,7,7,0,7,5,1052,"{""swim_speed_up"":3.8,""ink_saver_sub"":0.9,""ninja_squid"":true}",prime_frzn,5,4,1,6,5,1357,"{""swim_speed_up"":1.9,""intensify_action"":0.9,""quick_super_jump"":0.6,""ink_saver_main"":0.3,""comeback"":true,""stealth_jump"":true}",sshooter_collabo,9,8,1,7,7,1465,"{""special_charge_up"":2.9,""intensify_action"":0.6,""quick_super_jump"":0.3,""run_speed_up"":0.3,""special_saver"":0.3,""swim_speed_up"":0.3,""stealth_jump"":true}",wideroller_waku,8,8,0,7,6,1725,"{""ink_recovery_up"":1.9,""ink_saver_sub"":1.9,""swim_speed_up"":1.9}",prime_frzn,10,5,5,5,6,1364,"{""ink_saver_main"":3.3,""intensify_action"":0.9,""sub_resistance_up"":0.6,""swim_speed_up"":0.6,""ink_resistance_up"":0.3}",longblaster,9,8,1,5,4,853,"{""intensify_action"":1.9,""quick_super_jump"":0.6,""swim_speed_up"":0.6,""special_saver"":0.3,""sub_resistance_up"":0.3,""comeback"":true,""stealth_jump"":true}",gold,#1 Overall Splatter,gold,#1 Enemy Splatter,silver,#1 Tower Stopper,
Sizzle Season 2025,2025-06-30T12:00:00+00:00,10.0.1,bankara_open,asari,decaline,320,bravo,FALSE,S+ 18,,4619,,35,df6624ff,,4660,,70,343bc4ff,,screwslosher_neo,12,9,3,7,3,1233,"{""ink_saver_main"":1.9,""swim_speed_up"":1,""run_speed_up"":0.9,""ink_resistance_up"":0.3,""quick_super_jump"":0.3,""special_saver"":0.3,""stealth_jump"":true}",prime,2,2,0,5,5,1255,"{""ink_saver_sub"":1.3,""intensify_action"":1.3,""swim_speed_up"":0.9,""quick_super_jump"":0.6,""ink_recovery_up"":0.3,""ink_resistance_up"":0.3,""stealth_jump"":true}",52gal_deco,2,2,0,6,5,1242,"{""special_charge_up"":1.6,""special_power_up"":0.9,""quick_super_jump"":0.6,""intensify_action"":0.3,""sub_power_up"":0.3,""drop_roller"":true,""thermal_ink"":true}",order_roller_replica,5,5,0,7,3,889,"{""swim_speed_up"":1.6,""ink_saver_sub"":0.9,""ink_resistance_up"":0.6,""special_charge_up"":0.3,""sub_resistance_up"":0.3,""ninja_squid"":true,""stealth_jump"":true}",sshooter,13,9,4,5,4,1274,"{""swim_speed_up"":1,""ink_resistance_up"":0.6,""ink_recovery_up"":0.3,""ink_saver_main"":0.3,""run_speed_up"":0.3,""special_charge_up"":0.3,""special_power_up"":0.3,""special_saver"":0.3,""sub_resistance_up"":0.3,""comeback"":true,""stealth_jump"":true}",lact450,6,5,1,6,4,1306,"{""quick_respawn"":1.6,""run_speed_up"":1.3,""swim_speed_up"":0.9,""ink_saver_main"":0.6,""ink_resistance_up"":0.3,""ninja_squid"":true}",furuido,6,4,2,5,4,899,"{""special_charge_up"":1.9,""ink_saver_main"":1.6,""swim_speed_up"":1.3,""ink_saver_sub"":0.3}",sputtery_hue,8,7,1,2,3,1181,"{""swim_speed_up"":1.3,""ink_resistance_up"":0.6,""ink_saver_sub"":0.6,""quick_super_jump"":0.6,""special_saver"":0.3,""sub_resistance_up"":0.3,""ninja_squid"":true,""stealth_jump"":true}",gold,#1 Score Booster,gold,#1 Popular Target,gold,#1 Overall Splatter,
Sizzle Season 2025,2025-06-30T12:00:00+00:00,10.0.1,bankara_open,asari,negitoro,320,bravo,FALSE,,,4391,,59,343bc4ff,,4247,,63,df6624ff,,dualsweeper_tei,10,4,6,8,3,1134,"{""ink_saver_main"":1,""ink_saver_sub"":1,""ink_recovery_up"":0.6,""intensify_action"":0.6,""ink_resistance_up"":0.3,""quick_super_jump"":0.3,""special_power_up"":0.3,""sub_power_up"":0.3,""stealth_jump"":true}",quadhopper_black,20,19,1,11,3,1411,"{""quick_respawn"":1.9,""quick_super_jump"":0.6,""swim_speed_up"":0.6,""ink_resistance_up"":0.3,""sub_resistance_up"":0.3,""comeback"":true,""stealth_jump"":true}",nzap85,11,4,7,8,3,1020,"{""swim_speed_up"":1.6,""intensify_action"":1,""ink_saver_main"":0.6,""run_speed_up"":0.6,""special_saver"":0.6,""ink_recovery_up"":0.3,""ninja_squid"":true}",fincent_brnz,8,8,0,10,4,826,"{""swim_speed_up"":1.3,""ink_saver_main"":0.9,""special_charge_up"":0.9,""ink_saver_sub"":0.3,""special_saver"":0.3,""ninja_squid"":true,""stealth_jump"":true}",hotblaster_custom,17,12,5,11,2,901,"{""swim_speed_up"":1.3,""quick_super_jump"":0.9,""ink_resistance_up"":0.6,""sub_resistance_up"":0.6,""special_power_up"":0.3,""ninja_squid"":true,""stealth_jump"":true}",pablo_hue,13,10,3,7,7,1502,"{""ink_saver_main"":1,""swim_speed_up"":0.9,""quick_respawn"":0.6,""quick_super_jump"":0.6,""special_charge_up"":0.3,""special_saver"":0.3,""ninja_squid"":true,""stealth_jump"":true}",splatcharger_frst,2,1,1,8,2,738,"{""special_charge_up"":1.6,""special_power_up"":0.9,""quick_super_jump"":0.6,""ink_recovery_up"":0.3,""sub_resistance_up"":0.3,""last_ditch_effort"":true,""object_shredder"":true}",pablo_hue,15,13,2,10,3,1106,"{""quick_respawn"":2.8,""quick_super_jump"":0.6,""sub_resistance_up"":0.3,""comeback"":true,""stealth_jump"":true}",gold,#1 Score Booster,silver,#2 Turf Inker,silver,#1 Splattercolor Screen User,
Sizzle Season 2025,2025-06-30T12:00:00+00:00,10.0.1,bankara_open,asari,negitoro,320,alpha,FALSE,S,,4530,,52,cd510aff,,4677,,23,6e04b6ff,,hokusai_hue,10,7,3,8,4,1015,"{""sub_power_up"":1.3,""special_power_up"":0.6,""special_saver"":0.6,""swim_speed_up"":0.6,""ink_saver_sub"":0.3,""comeback"":true,""ninja_squid"":true}",order_shooter_replica,17,16,1,7,4,1290,"{""swim_speed_up"":1.6,""intensify_action"":0.9,""ink_resistance_up"":0.6,""quick_super_jump"":0.3,""special_saver"":0.3,""comeback"":true,""stealth_jump"":true}",nzap85,14,8,6,3,4,1153,"{""special_charge_up"":1.3,""quick_super_jump"":0.9,""special_power_up"":0.6,""ink_resistance_up"":0.3,""special_saver"":0.3,""sub_resistance_up"":0.3,""comeback"":true,""stealth_jump"":true}",sshooter_collabo,11,8,3,9,2,1072,"{""swim_speed_up"":2.2,""intensify_action"":0.6,""ink_resistance_up"":0.3,""quick_super_jump"":0.3,""special_saver"":0.3,""comeback"":true,""stealth_jump"":true}",bold,9,8,1,9,4,1080,"{""swim_speed_up"":3.6,""quick_super_jump"":0.9,""ink_resistance_up"":0.3,""ink_saver_main"":0.3,""intensify_action"":0.3,""special_saver"":0.3}",lact450_milk,8,8,0,8,4,1663,"{""ink_saver_sub"":1.3,""swim_speed_up"":0.9,""ink_resistance_up"":0.6,""quick_super_jump"":0.6,""sub_resistance_up"":0.3,""comeback"":true,""stealth_jump"":true}",bold,8,4,4,13,0,882,"{""swim_speed_up"":2.3,""ink_resistance_up"":0.3,""intensify_action"":0.3,""quick_super_jump"":0.3,""run_speed_up"":0.3,""stealth_jump"":true}",hissen_ash,9,7,2,10,3,1052,"{""quick_respawn"":0.6,""ink_saver_sub"":0.3,""intensify_action"":0.3,""comeback"":true,""ninja_squid"":true,""stealth_jump"":true}",gold,#1 Super Jump Spot,silver,First Splat!,silver,#1 Ink Storm User,
Sizzle Season 2025,2025-06-30T12:00:00+00:00,10.0.1,bankara_open,asari,negitoro,320,alpha,FALSE,,,4530,,52,cd510aff,,4677,,23,6e04b6ff,,hokusai_hue,10,7,3,8,4,1015,"{""sub_power_up"":1.3,""special_power_up"":0.6,""special_saver"":0.6,""swim_speed_up"":0.6,""ink_saver_sub"":0.3,""comeback"":true,""ninja_squid"":true}",order_shooter_replica,17,16,1,7,4,1290,"{""swim_speed_up"":1.6,""intensify_action"":0.9,""ink_resistance_up"":0.6,""quick_super_jump"":0.3,""special_saver"":0.3,""comeback"":true,""stealth_jump"":true}",nzap85,14,8,6,3,4,1153,"{""special_charge_up"":1.3,""quick_super_jump"":0.9,""special_power_up"":0.6,""ink_resistance_up"":0.3,""special_saver"":0.3,""sub_resistance_up"":0.3,""comeback"":true,""stealth_jump"":true}",sshooter_collabo,11,8,3,9,2,1072,"{""swim_speed_up"":2.2,""intensify_action"":0.6,""ink_resistance_up"":0.3,""quick_super_jump"":0.3,""special_saver"":0.3,""comeback"":true,""stealth_jump"":true}",bold,9,8,1,9,4,1080,"{""swim_speed_up"":3.6,""quick_super_jump"":0.9,""ink_resistance_up"":0.3,""ink_saver_main"":0.3,""intensify_action"":0.3,""special_saver"":0.3}",lact450_milk,8,8,0,8,4,1663,"{""ink_saver_sub"":1.3,""swim_speed_up"":0.9,""ink_resistance_up"":0.6,""quick_super_jump"":0.6,""sub_resistance_up"":0.3,""comeback"":true,""stealth_jump"":true}",bold,8,4,4,13,0,882,"{""swim_speed_up"":2.3,""ink_resistance_up"":0.3,""intensify_action"":0.3,""quick_super_jump"":0.3,""run_speed_up"":0.3,""stealth_jump"":true}",hissen_ash,9,7,2,10,3,1052,"{""quick_respawn"":0.6,""ink_saver_sub"":0.3,""intensify_action"":0.3,""comeback"":true,""ninja_squid"":true,""stealth_jump"":true}",gold,#1 Super Jump Spot,silver,First Splat!,silver,#1 Ink Storm User,
Sizzle Season 2025,2025-06-30T12:00:00+00:00,10.0.1,bankara_open,asari,decaline,331,bravo,FALSE,S+ 9,,4953,,42,df6624ff,,4870,,50,343bc4ff,,sshooter,21,17,4,7,4,1230,"{""intensify_action"":1.6,""swim_speed_up"":1.5,""quick_super_jump"":0.6,""ninja_squid"":true,""stealth_jump"":true}",spygadget,12,8,4,9,4,1188,"{""run_speed_up"":1.9,""sub_power_up"":1.9,""quick_respawn"":0.6,""quick_super_jump"":0.3,""stealth_jump"":true}",dynamo,11,8,3,9,5,1499,"{""ink_saver_main"":1.9,""swim_speed_up"":0.9,""quick_super_jump"":0.6,""special_saver"":0.3,""comeback"":true,""stealth_jump"":true}",sputtery_hue,11,10,1,13,3,1036,"{""swim_speed_up"":1.8,""quick_respawn"":1,""ink_resistance_up"":0.6,""special_saver"":0.3,""comeback"":true,""stealth_jump"":true}",jimuwiper,18,10,8,11,3,1281,"{""quick_respawn"":1,""ink_saver_main"":0.9,""quick_super_jump"":0.6,""swim_speed_up"":0.6,""ink_resistance_up"":0.3,""sub_resistance_up"":0.3,""comeback"":true,""stealth_jump"":true}",tristringer_tou,16,8,8,6,4,1172,"{""ink_saver_main"":1,""run_speed_up"":1,""special_charge_up"":0.9,""ink_resistance_up"":0.6,""special_power_up"":0.6,""ink_recovery_up"":0.3,""swim_speed_up"":0.3,""drop_roller"":true}",prime_frzn,16,13,3,10,4,1531,"{""swim_speed_up"":2.3,""intensify_action"":0.9,""run_speed_up"":0.6,""ink_resistance_up"":0.3,""quick_super_jump"":0.3,""sub_resistance_up"":0.3,""stealth_jump"":true}",jimuwiper,10,7,3,16,1,886,"{""quick_respawn"":2.8,""ink_saver_sub"":0.6,""swim_speed_up"":0.3,""comeback"":true,""stealth_jump"":true}",gold,#1 Score Booster,gold,#1 Overall Splatter,gold,#1 Enemy Splatter,
Sizzle Season 2025,2025-06-30T12:00:00+00:00,10.0.1,bankara_challenge,area,takaashi,300,alpha,FALSE,S,,5721,,85,df6624ff,,6132,,80,343bc4ff,,sharp_geck,15,11,4,5,4,1298,"{""swim_speed_up"":3.7,""intensify_action"":1,""ninja_squid"":true}",wakaba,14,11,3,0,8,1920,"{""sub_power_up"":2.3,""special_charge_up"":1.3,""ink_saver_sub"":0.9,""ink_recovery_up"":0.6,""ink_saver_main"":0.3,""special_saver"":0.3}",tristringer_tou,10,3,7,0,4,1239,"{""ink_saver_main"":2.2,""run_speed_up"":1.9,""quick_super_jump"":0.6,""ninja_squid"":true}",furuido_custom,8,3,5,4,5,1264,"{""swim_speed_up"":2.8,""ink_resistance_up"":0.6,""run_speed_up"":0.3,""ninja_squid"":true,""stealth_jump"":true}",splatscope,5,4,1,4,2,1030,"{""ink_recovery_up"":4.7,""respawn_punisher"":true}",promodeler_mg,2,0,2,6,7,1818,"{""special_power_up"":1.9,""swim_speed_up"":1.9,""special_charge_up"":1.6,""sub_power_up"":0.3}",sputtery_hue,2,2,0,11,7,1818,"{""quick_respawn"":1.6,""ink_saver_main"":1.3,""special_power_up"":1,""ink_recovery_up"":0.6,""intensify_action"":0.3,""quick_super_jump"":0.3,""special_saver"":0.3,""sub_power_up"":0.3}",wideroller_waku,4,3,1,7,7,1466,"{""ink_saver_sub"":3.8,""special_charge_up"":1.9}",gold,#1 Overall Splatter,gold,#1 Splat Zone Guard,gold,#1 Popular Target,
Sizzle Season 2025,2025-06-30T12:00:00+00:00,10.0.1,bankara_open,asari,decaline,306,bravo,FALSE,,,4373,,0,2cb721ff,,4629,,45,c12d74ff,,dualsweeper_tei,12,9,3,9,3,1092,"{""ink_saver_main"":1,""ink_saver_sub"":1,""ink_recovery_up"":0.6,""intensify_action"":0.6,""ink_resistance_up"":0.3,""quick_super_jump"":0.3,""special_power_up"":0.3,""sub_power_up"":0.3,""stealth_jump"":true}",sshooter_kou,14,10,4,6,2,937,"{""quick_respawn"":4.1,""sub_power_up"":0.6,""stealth_jump"":true}",spygadget,7,2,5,7,2,1333,"{""run_speed_up"":1,""special_power_up"":1,""ink_resistance_up"":0.6,""special_charge_up"":0.6,""special_saver"":0.6,""quick_super_jump"":0.3,""sub_resistance_up"":0.3,""swim_speed_up"":0.3,""stealth_jump"":true}",fincent_brnz,9,6,3,9,6,1011,"{""swim_speed_up"":1.3,""ink_saver_main"":0.9,""special_charge_up"":0.9,""ink_saver_sub"":0.3,""special_saver"":0.3,""ninja_squid"":true,""stealth_jump"":true}",nzap85,15,10,5,8,6,1734,"{""special_charge_up"":1.3,""special_power_up"":1.3,""intensify_action"":0.6,""quick_respawn"":0.3,""quick_super_jump"":0.3,""stealth_jump"":true}",liter4k_custom,8,7,1,3,3,660,"{""special_power_up"":1,""ink_recovery_up"":0.9,""ink_saver_main"":0.9,""quick_super_jump"":0.6,""swim_speed_up"":0.3,""last_ditch_effort"":true,""respawn_punisher"":true}",hokusai,12,12,0,9,3,1063,"{""ink_saver_main"":1.5,""ink_recovery_up"":1,""sub_power_up"":0.3,""swim_speed_up"":0.3,""comeback"":true,""drop_roller"":true}",pablo,3,2,1,7,4,1172,"{""ink_saver_main"":2,""quick_respawn"":0.3,""run_speed_up"":0.3,""sub_resistance_up"":0.3,""stealth_jump"":true}",silver,#2 Overall Splatter,silver,#1 Clam Stopper,silver,#1 Splattercolor Screen User,
Sizzle Season 2025,2025-06-30T12:00:00+00:00,10.0.1,xmatch,yagura,mategai,157,bravo,TRUE,,1792.1,2324,,0,1ec0adff,,2602,,100,d74b31ff,,clashblaster,10,8,2,8,0,416,"{""ink_saver_sub"":1.6,""swim_speed_up"":1,""ink_recovery_up"":0.9,""ink_resistance_up"":0.9,""run_speed_up"":0.3,""stealth_jump"":true}",lact450_milk,3,3,0,3,4,1055,"{""ink_recovery_up"":1.3,""special_charge_up"":1,""quick_super_jump"":0.9,""swim_speed_up"":0.6,""special_power_up"":0.3,""special_saver"":0.3,""stealth_jump"":true}",splatroller,2,1,1,8,0,223,"{""ink_saver_sub"":1.9,""swim_speed_up"":1.8,""ink_saver_main"":1,""ninja_squid"":true}",sshooter,6,5,1,6,1,630,"{""quick_respawn"":1.9,""intensify_action"":0.9,""swim_speed_up"":0.6,""quick_super_jump"":0.3,""comeback"":true,""stealth_jump"":true}",examiner,10,5,5,2,4,737,"{""run_speed_up"":3.5,""special_charge_up"":1.9,""ink_resistance_up"":0.3}",hissen_ash,10,9,1,4,2,562,"{""quick_super_jump"":1.2,""ink_saver_sub"":1,""ink_resistance_up"":0.6,""special_charge_up"":0.3,""sub_resistance_up"":0.3,""swim_speed_up"":0.3,""comeback"":true,""stealth_jump"":true}",sshooter_collabo,3,3,0,6,3,765,"{""special_charge_up"":2.9,""intensify_action"":0.6,""quick_super_jump"":0.3,""run_speed_up"":0.3,""special_saver"":0.3,""swim_speed_up"":0.3,""stealth_jump"":true}",hotblaster_custom,8,8,0,5,2,538,"{""swim_speed_up"":3.2,""ink_saver_main"":0.6,""special_saver"":0.6,""special_charge_up"":0.3,""ninja_squid"":true}",gold,#1 Overall Splatter,gold,#1 Enemy Splatter,gold,#1 Splat Assister,
Sizzle Season 2025,2025-06-30T12:00:00+00:00,10.0.1,bankara_open,asari,decaline,320,alpha,FALSE,S+ 18,,4175,,20,6325cdff,,3847,,0,bfcd41ff,,screwslosher_neo,11,8,3,8,1,1047,"{""ink_saver_main"":1.9,""swim_speed_up"":1,""run_speed_up"":0.9,""ink_resistance_up"":0.3,""quick_super_jump"":0.3,""special_saver"":0.3,""stealth_jump"":true}",nzap85,11,5,6,5,4,1321,"{""special_charge_up"":1.9,""special_power_up"":0.9,""ink_resistance_up"":0.3,""quick_respawn"":0.3,""run_speed_up"":0.3,""comeback"":true,""stealth_jump"":true}",order_roller_replica,10,10,0,9,1,891,"{""swim_speed_up"":1.6,""ink_saver_sub"":0.9,""ink_resistance_up"":0.6,""special_charge_up"":0.3,""sub_resistance_up"":0.3,""ninja_squid"":true,""stealth_jump"":true}",pablo_hue,7,4,3,9,1,916,"{""quick_super_jump"":1,""quick_respawn"":0.9,""sub_power_up"":0.9,""swim_speed_up"":0.9,""comeback"":true,""ninja_squid"":true}",wideroller_waku,14,11,3,6,3,1210,"{""swim_speed_up"":1.6,""ink_saver_sub"":1,""special_saver"":0.9,""ink_resistance_up"":0.3,""ink_saver_main"":0.3,""quick_super_jump"":0.3,""sub_resistance_up"":0.3,""stealth_jump"":true}",lact450_milk,8,7,1,7,3,1030,"{""run_speed_up"":1.2,""quick_super_jump"":1,""sub_power_up"":1,""sub_resistance_up"":1,""swim_speed_up"":0.6,""ink_recovery_up"":0.3,""ink_saver_main"":0.3}",liter4k,8,8,0,5,2,762,"{""swim_speed_up"":1.9,""ink_saver_main"":1,""ink_resistance_up"":0.6,""quick_super_jump"":0.6,""special_power_up"":0.3,""sub_power_up"":0.3,""respawn_punisher"":true}",fincent_hue,7,5,2,9,1,845,"{""ink_saver_main"":2.6,""quick_respawn"":1.2,""special_charge_up"":0.9,""ninja_squid"":true}",gold,#1 Overall Splatter,silver,#1 Clam Stopper,silver,#2 Clam Carrier,
Sizzle Season 2025,2025-06-30T12:00:00+00:00,10.0.1,bankara_open,asari,decaline,300,alpha,FALSE,S+ 9,,5013,,49,1a1aafff,,4815,,44,e38d24ff,,sshooter,12,8,4,9,1,1120,"{""intensify_action"":1.6,""swim_speed_up"":1.5,""quick_super_jump"":0.6,""ninja_squid"":true,""stealth_jump"":true}",sshooter_collabo,9,7,2,7,4,1263,"{""swim_speed_up"":1,""intensify_action"":0.9,""quick_super_jump"":0.6,""special_charge_up"":0.6,""ink_resistance_up"":0.3,""sub_resistance_up"":0.3,""comeback"":true,""stealth_jump"":true}",maneuver,10,8,2,9,3,1158,"{""quick_respawn"":2.2,""quick_super_jump"":0.6,""special_power_up"":0.6,""sub_resistance_up"":0.3,""comeback"":true,""stealth_jump"":true}",dynamo,6,4,2,8,5,1472,"{""ink_saver_main"":1.9,""swim_speed_up"":0.9,""quick_super_jump"":0.6,""special_saver"":0.3,""comeback"":true,""stealth_jump"":true}",screwslosher,20,13,7,7,5,1519,"{""swim_speed_up"":1.6,""ink_saver_main"":1.3,""quick_super_jump"":0.6,""ink_resistance_up"":0.3,""special_saver"":0.3,""sub_power_up"":0.3,""sub_resistance_up"":0.3,""stealth_jump"":true}",sputtery_hue,6,4,2,8,4,887,"{""quick_respawn"":1.9,""quick_super_jump"":0.6,""special_saver"":0.6,""ink_recovery_up"":0.3,""ink_saver_sub"":0.3,""comeback"":true,""stealth_jump"":true}",liter4k,5,5,0,5,2,917,"{""swim_speed_up"":1,""ink_resistance_up"":0.6,""ink_saver_main"":0.6,""quick_super_jump"":0.6,""sub_resistance_up"":0.6,""object_shredder"":true,""respawn_punisher"":true}",wakaba,13,11,2,7,3,1492,"{""ink_saver_sub"":3.2,""ink_recovery_up"":1.9,""special_charge_up"":0.3,""special_saver"":0.3}",gold,#1 Super Jump Spot,gold,#1 Overall Splatter,gold,#1 Enemy Splatter,
Sizzle Season 2025,2025-06-30T12:00:00+00:00,10.0.1,bankara_challenge,area,nampla,300,bravo,FALSE,S,,4606,,47,cd510aff,,4875,,87,6e04b6ff,,sharp_geck,11,8,3,8,3,1071,"{""swim_speed_up"":3.7,""intensify_action"":1,""ninja_squid"":true}",jetsweeper_custom,4,3,1,5,5,1404,"{""ink_saver_main"":4.7,""ninja_squid"":true}",fincent,10,9,1,10,2,1043,"{""ink_saver_main"":1.9,""swim_speed_up"":1,""intensify_action"":0.9,""run_speed_up"":0.9,""opening_gambit"":true}",tristringer_tou,4,2,2,2,4,1088,"{""ink_saver_main"":2.2,""run_speed_up"":1.9,""quick_super_jump"":0.6,""ninja_squid"":true}",examiner_hue,11,7,4,4,4,1142,"{""run_speed_up"":2.3,""ink_resistance_up"":1.3,""swim_speed_up"":0.9,""ink_recovery_up"":0.3,""ink_saver_main"":0.3,""quick_super_jump"":0.3,""sub_resistance_up"":0.3}",tristringer,10,6,4,5,6,1444,"{""ink_saver_main"":1.9,""run_speed_up"":1.3,""intensify_action"":1,""special_power_up"":0.6,""quick_respawn"":0.3,""quick_super_jump"":0.3,""special_saver"":0.3}",order_slosher_replica,10,8,2,4,5,1224,"{""ink_saver_sub"":1.6,""quick_respawn"":1.6,""ink_saver_main"":1,""swim_speed_up"":0.9,""special_saver"":0.6}",bold,6,4,2,9,5,1065,"{""swim_speed_up"":4.8,""special_charge_up"":0.9}",gold,#1 Overall Splatter,gold,#1 Splat Assister,silver,#1 Splat Zone Hero,
Sizzle Season 2025,2025-06-30T12:00:00+00:00,10.0.1,xmatch,yagura,mategai,300,bravo,FALSE,,1792.1,3929,,78,1bbfabff,,4104,,85,c43a6eff,,clashblaster,14,8,6,14,1,796,"{""ink_saver_sub"":1.6,""swim_speed_up"":1,""ink_recovery_up"":0.9,""ink_resistance_up"":0.9,""run_speed_up"":0.3,""stealth_jump"":true}",carbon_deco,14,10,4,9,3,736,"{""swim_speed_up"":1.3,""ink_saver_sub"":0.9,""quick_super_jump"":0.9,""ink_resistance_up"":0.3,""sub_resistance_up"":0.3,""ninja_squid"":true,""stealth_jump"":true}",dentalwiper_mint,9,9,0,8,3,1088,"{""quick_respawn"":1,""swim_speed_up"":1,""ink_saver_sub"":0.6,""quick_super_jump"":0.6,""special_saver"":0.6,""ink_recovery_up"":0.3,""ink_resistance_up"":0.3,""sub_resistance_up"":0.3,""stealth_jump"":true}",l3reelgun_haku,8,7,1,5,6,1309,"{""swim_speed_up"":1.3,""special_charge_up"":1.2,""quick_super_jump"":0.6,""ink_resistance_up"":0.3,""drop_roller"":true,""last_ditch_effort"":true}",longblaster,14,10,4,7,2,792,"{""intensify_action"":1,""quick_respawn"":0.6,""ink_recovery_up"":0.3,""ink_saver_main"":0.3,""quick_super_jump"":0.3,""special_charge_up"":0.3,""special_power_up"":0.3,""special_saver"":0.3,""comeback"":true,""stealth_jump"":true}",wideroller_waku,12,10,2,8,5,1290,"{""special_charge_up"":2,""ink_resistance_up"":0.6,""swim_speed_up"":0.6,""ink_recovery_up"":0.3,""ink_saver_main"":0.3,""special_saver"":0.3,""sub_power_up"":0.3,""sub_resistance_up"":0.3,""last_ditch_effort"":true}",bold,10,9,1,9,6,1400,"{""swim_speed_up"":4.4,""quick_super_jump"":0.3,""stealth_jump"":true}",splatroller,7,7,0,10,3,622,"{""ink_saver_sub"":1.9,""swim_speed_up"":1.8,""ink_saver_main"":1,""ninja_squid"":true}",gold,#1 Overall Splatter,gold,#1 Super Jump Spot,gold,#1 Splat Assister,
Sizzle Season 2025,2025-06-30T12:00:00+00:00,10.0.1,bankara_open,asari,negitoro,320,bravo,FALSE,,,4666,,54,343bc4ff,,4486,,56,df6624ff,,dualsweeper_tei,11,8,3,5,4,1332,"{""ink_saver_main"":1,""ink_saver_sub"":1,""ink_recovery_up"":0.6,""intensify_action"":0.6,""ink_resistance_up"":0.3,""quick_super_jump"":0.3,""special_power_up"":0.3,""sub_power_up"":0.3,""stealth_jump"":true}",fincent_brnz,12,8,4,8,4,1134,"{""swim_speed_up"":1.3,""ink_saver_main"":0.9,""special_charge_up"":0.9,""ink_saver_sub"":0.3,""special_saver"":0.3,""ninja_squid"":true,""stealth_jump"":true}",hokusai_hue,8,7,1,9,2,737,"{""quick_super_jump"":1,""ink_saver_main"":0.9,""quick_respawn"":0.9,""swim_speed_up"":0.6,""special_charge_up"":0.3,""ninja_squid"":true,""stealth_jump"":true}",wakaba,7,5,2,8,4,1463,"{""ink_saver_sub"":3.2,""swim_speed_up"":1.3,""ink_recovery_up"":0.6,""special_saver"":0.3,""sub_power_up"":0.3}",96gal_sou,12,9,3,6,5,1313,"{""special_power_up"":1,""special_saver"":0.9,""ink_resistance_up"":0.6,""swim_speed_up"":0.6,""quick_super_jump"":0.3,""sub_resistance_up"":0.3,""comeback"":true,""stealth_jump"":true}",hokusai_hue,11,6,5,8,3,1034,"{""sub_power_up"":1.9,""swim_speed_up"":0.9,""ink_recovery_up"":0.6,""special_charge_up"":0.3,""ninja_squid"":true,""stealth_jump"":true}",nova_neo,9,9,0,9,3,992,"{""swim_speed_up"":1.5,""quick_super_jump"":0.9,""special_saver"":0.3,""comeback"":true,""ninja_squid"":true,""stealth_jump"":true}",maneuver_collabo,7,6,1,5,4,1147,"{""special_charge_up"":1.5,""special_saver"":1.3,""quick_super_jump"":1,""ink_recovery_up"":0.9,""comeback"":true}",gold,#1 Enemy Splatter,silver,#1 Damage Taker,silver,#1 Clam Stopper,
Sizzle Season 2025,2025-06-30T12:00:00+00:00,10.0.1,xmatch,yagura,ryugu,272,bravo,TRUE,,1535.8,4770,,0,3a0ccdff,,5063,,100,d0bf08ff,,sshooter_collabo,12,11,1,7,5,1228,"{""swim_speed_up"":1.6,""special_saver"":1,""special_charge_up"":0.6,""ink_recovery_up"":0.3,""ink_resistance_up"":0.3,""intensify_action"":0.3,""quick_super_jump"":0.3,""sub_power_up"":0.3,""comeback"":true}",nautilus79,5,3,2,9,4,1036,"{""special_charge_up"":1,""special_saver"":1,""ink_saver_main"":0.9,""ink_recovery_up"":0.6,""quick_respawn"":0.6,""run_speed_up"":0.3,""sub_power_up"":0.3,""ninja_squid"":true}",wakaba,5,4,1,10,4,1123,"{""special_charge_up"":5.4,""quick_super_jump"":0.3}",promodeler_sai,7,6,1,6,5,1383,"{""sub_power_up"":3.5,""ink_saver_sub"":2.2}",sshooter_collabo,16,13,3,4,7,1554,"{""ink_recovery_up"":1.9,""ink_saver_sub"":1.9,""sub_power_up"":1.9}",dualsweeper,11,8,3,6,2,1066,"{""ink_saver_main"":3.2,""ink_recovery_up"":1.3,""swim_speed_up"":0.6,""ink_saver_sub"":0.3,""quick_super_jump"":0.3}",wakaba,8,5,3,7,6,1638,"{""ink_saver_main"":1.6,""sub_power_up"":0.9,""swim_speed_up"":0.9,""intensify_action"":0.3,""ninja_squid"":true,""stealth_jump"":true}",nova_neo,7,6,1,7,3,805,"{""ink_saver_sub"":1,""swim_speed_up"":0.9,""quick_super_jump"":0.6,""special_charge_up"":0.6,""ink_saver_main"":0.3,""sub_resistance_up"":0.3,""ninja_squid"":true,""stealth_jump"":true}",gold,#1 Overall Splatter,gold,#1 Enemy Splatter,gold,#1 Super Jump Spot,
Sizzle Season 2025,2025-06-30T12:00:00+00:00,10.0.1,bankara_open,asari,decaline,309,alpha,FALSE,S,,4719,,50,a0c937ff,,4719,,44,ba30b0ff,,hokusai_hue,12,10,2,10,5,1248,"{""sub_power_up"":1.3,""special_power_up"":0.6,""special_saver"":0.6,""swim_speed_up"":0.6,""ink_saver_sub"":0.3,""comeback"":true,""ninja_squid"":true}",liter4k,16,12,4,3,6,1217,"{""swim_speed_up"":1.6,""ink_saver_main"":0.6,""quick_super_jump"":0.6,""ink_resistance_up"":0.3,""run_speed_up"":0.3,""sub_resistance_up"":0.3,""object_shredder"":true,""respawn_punisher"":true}",order_shooter_replica,10,6,4,7,4,1264,"{""swim_speed_up"":1.6,""intensify_action"":0.9,""ink_resistance_up"":0.6,""quick_super_jump"":0.3,""special_saver"":0.3,""comeback"":true,""stealth_jump"":true}",sshooter_kou,6,2,4,4,2,990,"{""swim_speed_up"":2.3,""intensify_action"":0.6,""sub_power_up"":0.6,""ink_recovery_up"":0.3,""ink_resistance_up"":0.3,""quick_super_jump"":0.3,""sub_resistance_up"":0.3,""stealth_jump"":true}",examiner,11,6,5,5,5,1586,"{""run_speed_up"":1.9,""special_power_up"":1,""ink_resistance_up"":0.6,""special_charge_up"":0.6,""quick_super_jump"":0.3,""sub_resistance_up"":0.3,""stealth_jump"":true}",lact450_milk,11,9,2,6,6,1621,"{""special_charge_up"":1.3,""swim_speed_up"":0.9,""quick_super_jump"":0.6,""ink_recovery_up"":0.3,""ink_resistance_up"":0.3,""sub_resistance_up"":0.3,""comeback"":true,""stealth_jump"":true}",sblast91,7,3,4,9,1,844,"{""ink_saver_sub"":1.2,""swim_speed_up"":1,""quick_super_jump"":0.6,""ink_resistance_up"":0.3,""sub_power_up"":0.3,""sub_resistance_up"":0.3,""comeback"":true,""stealth_jump"":true}",splatroller,6,6,0,10,0,668,"{""quick_super_jump"":1.6,""swim_speed_up"":0.9,""ink_saver_main"":0.6,""ink_resistance_up"":0.3,""sub_resistance_up"":0.3,""ninja_squid"":true,""stealth_jump"":true}",gold,#1 Super Jump Spot,silver,#2 Overall Splatter,silver,#2 Turf Inker,
Sizzle Season 2025,2025-06-30T12:00:00+00:00,10.0.1,bankara_open,asari,decaline,309,alpha,FALSE,,,4719,,50,a0c937ff,,4719,,44,ba30b0ff,,hokusai_hue,12,10,2,10,5,1248,"{""sub_power_up"":1.3,""special_power_up"":0.6,""special_saver"":0.6,""swim_speed_up"":0.6,""ink_saver_sub"":0.3,""comeback"":true,""ninja_squid"":true}",liter4k,16,12,4,3,6,1217,"{""swim_speed_up"":1.6,""ink_saver_main"":0.6,""quick_super_jump"":0.6,""ink_resistance_up"":0.3,""run_speed_up"":0.3,""sub_resistance_up"":0.3,""object_shredder"":true,""respawn_punisher"":true}",order_shooter_replica,10,6,4,7,4,1264,"{""swim_speed_up"":1.6,""intensify_action"":0.9,""ink_resistance_up"":0.6,""quick_super_jump"":0.3,""special_saver"":0.3,""comeback"":true,""stealth_jump"":true}",sshooter_kou,6,2,4,4,2,990,"{""swim_speed_up"":2.3,""intensify_action"":0.6,""sub_power_up"":0.6,""ink_recovery_up"":0.3,""ink_resistance_up"":0.3,""quick_super_jump"":0.3,""sub_resistance_up"":0.3,""stealth_jump"":true}",examiner,11,6,5,5,5,1586,"{""run_speed_up"":1.9,""special_power_up"":1,""ink_resistance_up"":0.6,""special_charge_up"":0.6,""quick_super_jump"":0.3,""sub_resistance_up"":0.3,""stealth_jump"":true}",lact450_milk,11,9,2,6,6,1621,"{""special_charge_up"":1.3,""swim_speed_up"":0.9,""quick_super_jump"":0.6,""ink_recovery_up"":0.3,""ink_resistance_up"":0.3,""sub_resistance_up"":0.3,""comeback"":true,""stealth_jump"":true}",sblast91,7,3,4,9,1,844,"{""ink_saver_sub"":1.2,""swim_speed_up"":1,""quick_super_jump"":0.6,""ink_resistance_up"":0.3,""sub_power_up"":0.3,""sub_resistance_up"":0.3,""comeback"":true,""stealth_jump"":true}",splatroller,6,6,0,10,0,668,"{""quick_super_jump"":1.6,""swim_speed_up"":0.9,""ink_saver_main"":0.6,""ink_resistance_up"":0.3,""sub_resistance_up"":0.3,""ninja_squid"":true,""stealth_jump"":true}",gold,#1 Super Jump Spot,silver,#2 Overall Splatter,silver,#2 Turf Inker,
Sizzle Season 2025,2025-06-30T12:00:00+00:00,10.0.1,bankara_open,asari,negitoro,320,alpha,FALSE,S+ 18,,4917,,99,6e04b6ff,,4900,,30,cd510aff,,screwslosher_neo,19,12,7,6,5,1345,"{""ink_saver_main"":1.9,""swim_speed_up"":1,""run_speed_up"":0.9,""ink_resistance_up"":0.3,""quick_super_jump"":0.3,""special_saver"":0.3,""stealth_jump"":true}",order_roller_replica,17,15,2,6,4,1172,"{""swim_speed_up"":1.6,""ink_saver_sub"":0.9,""ink_resistance_up"":0.6,""special_charge_up"":0.3,""sub_resistance_up"":0.3,""ninja_squid"":true,""stealth_jump"":true}",maneuver_collabo,6,3,3,5,3,1234,"{""ink_recovery_up"":2.9,""special_power_up"":1.9,""sub_power_up"":0.9}",pablo,10,8,2,6,4,1166,"{""quick_respawn"":3,""ink_saver_main"":0.6,""special_saver"":0.6,""ink_saver_sub"":0.3,""quick_super_jump"":0.3,""run_speed_up"":0.3,""sub_resistance_up"":0.3,""swim_speed_up"":0.3}",momiji,9,5,4,12,3,1335,"{""ink_saver_sub"":3.5,""ink_recovery_up"":1.6,""special_charge_up"":0.3,""swim_speed_up"":0.3}",wakaba,8,6,2,8,4,1872,"{""swim_speed_up"":1.9,""ink_recovery_up"":1.2,""ink_saver_main"":0.3,""special_charge_up"":0.3,""drop_roller"":true,""ninja_squid"":true}",fincent_hue,6,5,1,10,1,598,"{""ink_saver_main"":3.8,""ink_saver_sub"":1.3,""ink_recovery_up"":0.6}",wakaba,8,6,2,9,4,1095,"{""intensify_action"":1.3,""ink_saver_sub"":1,""swim_speed_up"":0.9,""run_speed_up"":0.6,""ink_recovery_up"":0.3,""ink_resistance_up"":0.3,""ink_saver_main"":0.3,""comeback"":true}",gold,#1 Score Booster,gold,#1 Overall Splatter,gold,#1 Turf Inker,
Sizzle Season 2025,2025-06-30T12:00:00+00:00,10.0.1,bankara_open,asari,decaline,304,bravo,FALSE,S+ 9,,4669,,0,a0c937ff,,4758,,67,ba30b0ff,,sshooter,11,10,1,6,3,1160,"{""intensify_action"":1.6,""swim_speed_up"":1.5,""quick_super_jump"":0.6,""ninja_squid"":true,""stealth_jump"":true}",dynamo,8,6,2,8,5,1471,"{""ink_saver_main"":1.9,""swim_speed_up"":0.9,""quick_super_jump"":0.6,""special_saver"":0.3,""comeback"":true,""stealth_jump"":true}",splatspinner_pytn,6,2,4,10,3,1224,"{""run_speed_up"":2.3,""intensify_action"":0.6,""special_power_up"":0.6,""ink_resistance_up"":0.3,""quick_super_jump"":0.3,""special_saver"":0.3,""sub_resistance_up"":0.3,""stealth_jump"":true}",splatroller,9,9,0,5,4,814,"{""ink_saver_sub"":1.9,""ink_saver_main"":1,""special_charge_up"":0.9,""sub_resistance_up"":0.6,""special_power_up"":0.3,""ninja_squid"":true}",lact450_milk,12,9,3,7,3,1288,"{""swim_speed_up"":2.3,""ink_saver_sub"":0.9,""special_charge_up"":0.6,""ink_recovery_up"":0.3,""quick_super_jump"":0.3,""sub_power_up"":0.3,""stealth_jump"":true}",wakaba,10,9,1,5,4,1275,"{""swim_speed_up"":2.2,""sub_power_up"":1.3,""ink_saver_sub"":0.6,""ink_resistance_up"":0.3,""ink_saver_main"":0.3,""stealth_jump"":true}",furo,6,3,3,7,4,1288,"{""ink_saver_main"":2.2,""swim_speed_up"":0.9,""ink_resistance_up"":0.3,""run_speed_up"":0.3,""stealth_jump"":true,""thermal_ink"":true}",quadhopper_black,9,8,1,8,2,907,"{""quick_respawn"":1.9,""quick_super_jump"":0.6,""swim_speed_up"":0.6,""ink_resistance_up"":0.3,""special_saver"":0.3,""comeback"":true,""stealth_jump"":true}",gold,#1 Overall Splatter,gold,#1 Enemy Splatter,silver,#1 Clam Stopper,
Sizzle Season 2025,2025-06-30T12:00:00+00:00,10.0.1,xmatch,yagura,ryugu,300,alpha,FALSE,,1742.1,4981,,86,6325cdff,,4800,,47,bfcd41ff,,sharp,8,5,3,6,4,1400,"{""swim_speed_up"":1.6,""ink_recovery_up"":0.6,""ink_resistance_up"":0.6,""run_speed_up"":0.6,""ink_saver_sub"":0.3,""ninja_squid"":true,""stealth_jump"":true}",longblaster_custom,12,6,6,4,4,1019,"{""swim_speed_up"":1.8,""special_charge_up"":1,""quick_super_jump"":0.6,""ink_resistance_up"":0.3,""comeback"":true,""stealth_jump"":true}",fincent_hue,12,10,2,10,5,1169,"{""ink_saver_main"":1,""quick_respawn"":0.9,""special_saver"":0.9,""comeback"":true,""haunt"":true}",prime_frzn,9,6,3,6,6,1393,"{""ink_saver_main"":1.3,""swim_speed_up"":1,""quick_respawn"":0.6,""special_charge_up"":0.6,""ink_recovery_up"":0.3,""ink_saver_sub"":0.3,""special_power_up"":0.3,""sub_resistance_up"":0.3,""stealth_jump"":true}",hotblaster,12,9,3,7,3,961,"{""quick_super_jump"":2.3,""sub_power_up"":1,""intensify_action"":0.6,""ink_recovery_up"":0.3,""ink_saver_sub"":0.3,""quick_respawn"":0.3,""special_charge_up"":0.3,""special_saver"":0.3,""sub_resistance_up"":0.3}",prime_frzn,9,6,3,4,4,1465,"{""ink_saver_main"":1,""swim_speed_up"":1,""ink_resistance_up"":0.6,""ink_saver_sub"":0.6,""intensify_action"":0.6,""run_speed_up"":0.6,""ink_recovery_up"":0.3,""stealth_jump"":true}",dualsweeper,10,3,7,6,4,1201,"{""ink_saver_main"":1.3,""special_charge_up"":1.3,""intensify_action"":0.6,""quick_super_jump"":0.6,""ink_resistance_up"":0.3,""special_saver"":0.3,""swim_speed_up"":0.3,""stealth_jump"":true}",52gal,10,8,2,10,5,1173,"{""special_charge_up"":2.9,""swim_speed_up"":0.9,""special_power_up"":0.6,""quick_respawn"":0.3,""ninja_squid"":true}",gold,#1 Score Booster,gold,Record-Score Setter,gold,#1 Turf Inker,
Sizzle Season 2025,2025-06-30T12:00:00+00:00,10.0.1,bankara_challenge,area,takaashi,122,bravo,TRUE,S,,2239,,0,cd510aff,,2535,,100,6e04b6ff,,sharp_geck,4,3,1,5,1,525,"{""swim_speed_up"":3.7,""intensify_action"":1,""ninja_squid"":true}",sharp_neo,5,5,0,3,3,614,"{""swim_speed_up"":1.3,""ink_saver_sub"":0.6,""quick_super_jump"":0.6,""ink_resistance_up"":0.3,""intensify_action"":0.3,""special_saver"":0.3,""sub_resistance_up"":0.3,""comeback"":true,""stealth_jump"":true}",52gal,1,1,0,3,3,613,"{""ink_recovery_up"":1.9,""swim_speed_up"":1.9,""special_saver"":1,""ink_saver_main"":0.6,""ink_saver_sub"":0.3}",furo,0,0,0,4,1,487,"{""swim_speed_up"":3.2,""run_speed_up"":1.9,""intensify_action"":0.6}",lact450,6,5,1,1,3,775,"{""swim_speed_up"":3.8,""ink_recovery_up"":1.3,""ink_saver_main"":0.3,""run_speed_up"":0.3}",furo,4,3,1,1,3,814,"{""special_charge_up"":3.1,""ink_resistance_up"":0.3,""special_saver"":0.3,""stealth_jump"":true,""tenacity"":true}",sshooter_collabo,4,4,0,3,2,559,"{""special_charge_up"":2.6,""special_power_up"":1.3,""special_saver"":0.9,""ink_recovery_up"":0.3,""ink_saver_main"":0.3,""quick_super_jump"":0.3}",pablo,3,3,0,4,1,387,"{""quick_super_jump"":1,""special_charge_up"":1,""sub_resistance_up"":1,""quick_respawn"":0.6,""special_saver"":0.6,""ink_resistance_up"":0.3,""ink_saver_sub"":0.3,""intensify_action"":0.3}",gold,#1 Splat Assister,gold,#1 Splat Zone Guard,silver,#1 Ink Consumer,
Sizzle Season 2025,2025-06-30T12:00:00+00:00,10.0.1,bankara_open,asari,decaline,320,alpha,FALSE,,,4556,,52,e38d24ff,,4732,,40,1a1aafff,,dualsweeper_tei,9,3,6,6,3,1172,"{""ink_saver_main"":1,""ink_saver_sub"":1,""ink_recovery_up"":0.6,""intensify_action"":0.6,""ink_resistance_up"":0.3,""quick_super_jump"":0.3,""special_power_up"":0.3,""sub_power_up"":0.3,""stealth_jump"":true}",fincent_brnz,10,9,1,10,4,1164,"{""swim_speed_up"":1.3,""ink_saver_main"":0.9,""special_charge_up"":0.9,""ink_saver_sub"":0.3,""special_saver"":0.3,""ninja_squid"":true,""stealth_jump"":true}",52gal,8,6,2,7,4,1145,"{""swim_speed_up"":2.2,""quick_respawn"":0.6,""ink_saver_main"":0.3,""intensify_action"":0.3,""quick_super_jump"":0.3,""ninja_squid"":true,""stealth_jump"":true}",quadhopper_black,7,5,2,8,3,1075,"{""quick_respawn"":1.9,""quick_super_jump"":0.6,""ink_resistance_up"":0.3,""ink_saver_sub"":0.3,""special_saver"":0.3,""sub_resistance_up"":0.3,""comeback"":true,""stealth_jump"":true}",nautilus47,16,13,3,7,4,1363,"{""swim_speed_up"":2,""run_speed_up"":0.9,""ink_resistance_up"":0.6,""ink_recovery_up"":0.3,""quick_super_jump"":0.3,""special_saver"":0.3,""sub_resistance_up"":0.3,""stealth_jump"":true}",hotblaster_custom,12,5,7,6,3,697,"{""quick_respawn"":1.6,""quick_super_jump"":0.9,""swim_speed_up"":0.6,""special_saver"":0.3,""sub_resistance_up"":0.3,""comeback"":true,""stealth_jump"":true}",tristringer_tou,11,5,6,3,4,1600,"{""special_power_up"":1.6,""run_speed_up"":1.3,""special_charge_up"":0.9,""ink_resistance_up"":0.3,""ink_saver_main"":0.3,""intensify_action"":0.3,""drop_roller"":true}",maneuver_collabo,11,8,3,7,4,1072,"{""quick_respawn"":1.9,""quick_super_jump"":0.6,""ink_resistance_up"":0.3,""special_saver"":0.3,""sub_resistance_up"":0.3,""swim_speed_up"":0.3,""comeback"":true,""stealth_jump"":true}",silver,#1 Ground Traveler,gold,#1 Turf Inker,gold,#1 Splat Assister,
Sizzle Season 2025,2025-06-30T12:00:00+00:00,10.0.1,xmatch,yagura,ryugu,300,alpha,FALSE,,1535.8,4829,,98,df6624ff,,4698,,65,343bc4ff,,sshooter_collabo,8,4,4,5,7,1383,"{""swim_speed_up"":1.6,""special_saver"":1,""special_charge_up"":0.6,""ink_recovery_up"":0.3,""ink_resistance_up"":0.3,""intensify_action"":0.3,""quick_super_jump"":0.3,""sub_power_up"":0.3,""comeback"":true}",order_roller_replica,15,11,4,5,5,1073,"{""swim_speed_up"":1.9,""ink_resistance_up"":0.6,""quick_super_jump"":0.6,""sub_resistance_up"":0.6,""ninja_squid"":true,""stealth_jump"":true}",furuido_custom,15,10,5,9,3,1145,"{""ink_saver_main"":1.2,""quick_respawn"":1,""swim_speed_up"":1,""intensify_action"":0.6,""special_charge_up"":0.6,""sub_resistance_up"":0.3,""stealth_jump"":true}",sputtery,11,7,4,9,8,1228,"{""special_charge_up"":0.6,""special_power_up"":0.6,""sub_power_up"":0.6,""ink_resistance_up"":0.3,""quick_super_jump"":0.3,""special_saver"":0.3,""comeback"":true,""haunt"":true,""stealth_jump"":true}",fincent_hue,13,9,4,6,4,1104,"{""swim_speed_up"":1.5,""special_charge_up"":1.3,""ink_saver_main"":1,""ink_saver_sub"":1,""ink_recovery_up"":0.3,""ink_resistance_up"":0.3,""special_saver"":0.3}",furuido,8,4,4,8,2,1222,"{""ink_saver_main"":1.3,""swim_speed_up"":1,""ink_resistance_up"":0.6,""ink_saver_sub"":0.6,""run_speed_up"":0.6,""quick_super_jump"":0.3,""special_saver"":0.3,""thermal_ink"":true}",octoshooter_replica,9,7,2,6,5,1426,"{""swim_speed_up"":2.6,""ink_saver_sub"":1.6,""run_speed_up"":1.2,""ink_saver_main"":0.3}",bold,11,8,3,12,2,946,"{""swim_speed_up"":1.6,""quick_super_jump"":0.6,""ink_resistance_up"":0.3,""intensify_action"":0.3,""special_power_up"":0.3,""sub_resistance_up"":0.3,""comeback"":true,""stealth_jump"":true}",silver,#1 Ground Traveler,gold,#1 Turf Inker,silver,#1 Damage Taker,
Sizzle Season 2025,2025-06-30T12:00:00+00:00,10.0.1,bankara_open,asari,decaline,300,bravo,FALSE,S,,4345,,29,3a0ccdff,,4481,,68,d0bf08ff,,hokusai_hue,2,2,0,7,5,1095,"{""sub_power_up"":1.3,""special_power_up"":0.6,""special_saver"":0.6,""swim_speed_up"":0.6,""ink_saver_sub"":0.3,""comeback"":true,""ninja_squid"":true}",bucketslosher,11,7,4,9,3,1201,"{""quick_respawn"":1.9,""quick_super_jump"":0.6,""ink_recovery_up"":0.3,""ink_resistance_up"":0.3,""special_saver"":0.3,""sub_resistance_up"":0.3,""comeback"":true,""stealth_jump"":true}",hissen,10,9,1,9,4,945,"{""special_power_up"":0.6,""swim_speed_up"":0.6,""ink_resistance_up"":0.3,""ink_saver_main"":0.3,""quick_respawn"":0.3,""quick_super_jump"":0.3,""sub_resistance_up"":0.3,""comeback"":true,""ninja_squid"":true,""stealth_jump"":true}",order_shooter_replica,8,8,0,8,4,1104,"{""swim_speed_up"":1.6,""intensify_action"":0.9,""ink_resistance_up"":0.6,""quick_super_jump"":0.3,""special_saver"":0.3,""comeback"":true,""stealth_jump"":true}",longblaster_custom,13,13,0,8,1,879,"{""special_power_up"":1,""swim_speed_up"":1,""intensify_action"":0.9,""ink_saver_sub"":0.6,""ink_resistance_up"":0.3,""quick_super_jump"":0.3,""special_saver"":0.3,""sub_resistance_up"":0.3,""stealth_jump"":true}",dentalwiper_mint,11,9,2,6,4,1370,"{""swim_speed_up"":1,""ink_saver_sub"":0.6,""quick_super_jump"":0.6,""special_charge_up"":0.6,""special_saver"":0.6,""ink_resistance_up"":0.3,""comeback"":true,""stealth_jump"":true}",sshooter_kou,13,7,6,4,4,1238,"{""special_power_up"":1,""intensify_action"":0.9,""special_charge_up"":0.6,""ink_resistance_up"":0.3,""quick_super_jump"":0.3,""special_saver"":0.3,""swim_speed_up"":0.3,""opening_gambit"":true,""stealth_jump"":true}",maneuver,4,3,1,8,3,994,"{""quick_respawn"":1.3,""quick_super_jump"":0.6,""swim_speed_up"":0.6,""ink_resistance_up"":0.3,""ink_saver_main"":0.3,""ink_saver_sub"":0.3,""intensify_action"":0.3,""comeback"":true,""stealth_jump"":true}",silver,#1 Ink Consumer,gold,#1 Super Jump Spot,gold,#1 Clam Carrier,
Sizzle Season 2025,2025-06-30T12:00:00+00:00,10.0.1,bankara_open,asari,decaline,300,bravo,FALSE,,,4345,,29,3a0ccdff,,4481,,68,d0bf08ff,,hokusai_hue,2,2,0,7,5,1095,"{""sub_power_up"":1.3,""special_power_up"":0.6,""special_saver"":0.6,""swim_speed_up"":0.6,""ink_saver_sub"":0.3,""comeback"":true,""ninja_squid"":true}",bucketslosher,11,7,4,9,3,1201,"{""quick_respawn"":1.9,""quick_super_jump"":0.6,""ink_recovery_up"":0.3,""ink_resistance_up"":0.3,""special_saver"":0.3,""sub_resistance_up"":0.3,""comeback"":true,""stealth_jump"":true}",hissen,10,9,1,9,4,945,"{""special_power_up"":0.6,""swim_speed_up"":0.6,""ink_resistance_up"":0.3,""ink_saver_main"":0.3,""quick_respawn"":0.3,""quick_super_jump"":0.3,""sub_resistance_up"":0.3,""comeback"":true,""ninja_squid"":true,""stealth_jump"":true}",order_shooter_replica,8,8,0,8,4,1104,"{""swim_speed_up"":1.6,""intensify_action"":0.9,""ink_resistance_up"":0.6,""quick_super_jump"":0.3,""special_saver"":0.3,""comeback"":true,""stealth_jump"":true}",longblaster_custom,13,13,0,8,1,879,"{""special_power_up"":1,""swim_speed_up"":1,""intensify_action"":0.9,""ink_saver_sub"":0.6,""ink_resistance_up"":0.3,""quick_super_jump"":0.3,""special_saver"":0.3,""sub_resistance_up"":0.3,""stealth_jump"":true}",dentalwiper_mint,11,9,2,6,4,1370,"{""swim_speed_up"":1,""ink_saver_sub"":0.6,""quick_super_jump"":0.6,""special_charge_up"":0.6,""special_saver"":0.6,""ink_resistance_up"":0.3,""comeback"":true,""stealth_jump"":true}",sshooter_kou,13,7,6,4,4,1238,"{""special_power_up"":1,""intensify_action"":0.9,""special_charge_up"":0.6,""ink_resistance_up"":0.3,""quick_super_jump"":0.3,""special_saver"":0.3,""swim_speed_up"":0.3,""opening_gambit"":true,""stealth_jump"":true}",maneuver,4,3,1,8,3,994,"{""quick_respawn"":1.3,""quick_super_jump"":0.6,""swim_speed_up"":0.6,""ink_resistance_up"":0.3,""ink_saver_main"":0.3,""ink_saver_sub"":0.3,""intensify_action"":0.3,""comeback"":true,""stealth_jump"":true}",silver,#1 Ink Consumer,gold,#1 Super Jump Spot,gold,#1 Clam Carrier,
Sizzle Season 2025,2025-06-30T12:00:00+00:00,10.0.1,bankara_challenge,area,takaashi,235,bravo,TRUE,S,,4532,,0,6e04b6ff,,4387,,100,cd510aff,,sharp_geck,10,4,6,5,4,996,"{""swim_speed_up"":3.7,""intensify_action"":1,""ninja_squid"":true}",wakaba,10,10,0,5,3,1047,"{""swim_speed_up"":2.9,""ink_saver_sub"":0.6,""intensify_action"":0.6,""ink_resistance_up"":0.3,""run_speed_up"":0.3,""ninja_squid"":true}",furo,9,6,3,4,5,1479,"{""swim_speed_up"":3.2,""run_speed_up"":1.9,""intensify_action"":0.6}",sshooter_collabo,3,2,1,0,6,1010,"{""ink_saver_sub"":2.9,""swim_speed_up"":1.9,""quick_respawn"":0.3,""special_saver"":0.3,""sub_power_up"":0.3}",dentalwiper_mint,5,5,0,8,3,937,"{""quick_respawn"":1.6,""quick_super_jump"":0.6,""swim_speed_up"":0.6,""ink_resistance_up"":0.3,""ink_saver_main"":0.3,""special_saver"":0.3,""comeback"":true,""stealth_jump"":true}",sharp_neo,4,2,2,4,6,1261,"{""ink_saver_sub"":1.9,""special_charge_up"":1.5,""special_power_up"":1.3,""ink_recovery_up"":1}",furo,4,3,1,3,5,1449,"{""ink_saver_main"":1.9,""special_charge_up"":1.3,""swim_speed_up"":0.6,""ink_recovery_up"":0.3,""ink_resistance_up"":0.3,""quick_super_jump"":0.3,""thermal_ink"":true}",fincent_brnz,4,4,0,7,2,740,"{""ink_saver_main"":2,""ink_resistance_up"":1,""intensify_action"":0.6,""special_power_up"":0.6,""ink_recovery_up"":0.3,""quick_super_jump"":0.3,""run_speed_up"":0.3,""special_saver"":0.3,""sub_power_up"":0.3}",gold,#1 Overall Splatter,gold,#1 Splat Assister,gold,#1 Splat Zone Guard,
Sizzle Season 2025,2025-06-30T12:00:00+00:00,10.0.1,bankara_open,asari,decaline,302,bravo,FALSE,S+ 18,,4413,,30,a0c937ff,,4067,,50,ba30b0ff,,screwslosher_neo,17,10,7,8,3,1186,"{""ink_saver_main"":1.9,""swim_speed_up"":1,""run_speed_up"":0.9,""ink_resistance_up"":0.3,""quick_super_jump"":0.3,""special_saver"":0.3,""stealth_jump"":true}",hissen_hue,9,6,3,11,4,902,"{""special_charge_up"":1.9,""special_saver"":1.9,""swim_speed_up"":1.9}",promodeler_rg,5,5,0,7,6,1462,"{""special_charge_up"":1.9,""ink_saver_main"":1,""run_speed_up"":1,""special_saver"":0.9,""ink_saver_sub"":0.3,""special_power_up"":0.3,""swim_speed_up"":0.3}",order_roller_replica,11,9,2,9,3,863,"{""swim_speed_up"":1.6,""ink_saver_sub"":0.9,""ink_resistance_up"":0.6,""special_charge_up"":0.3,""sub_resistance_up"":0.3,""ninja_squid"":true,""stealth_jump"":true}",hissen_hue,19,15,4,11,2,958,"{""special_power_up"":1.3,""ink_recovery_up"":1,""ink_resistance_up"":0.3,""ink_saver_sub"":0.3,""quick_respawn"":0.3,""special_saver"":0.3,""comeback"":true}",promodeler_mg,9,4,5,5,4,1488,"{""ink_saver_sub"":2.9,""special_power_up"":1,""ink_recovery_up"":0.6,""quick_respawn"":0.6,""quick_super_jump"":0.6}",splatroller,9,9,0,9,1,545,"{""quick_respawn"":1,""swim_speed_up"":0.9,""ink_saver_sub"":0.6,""sub_power_up"":0.6,""quick_super_jump"":0.3,""special_saver"":0.3,""comeback"":true,""stealth_jump"":true}",maneuver_collabo,10,7,3,5,4,1076,"{""ink_resistance_up"":1,""ink_saver_main"":1,""special_charge_up"":1,""ink_recovery_up"":0.3,""ink_saver_sub"":0.3,""quick_super_jump"":0.3,""special_power_up"":0.3,""sub_power_up"":0.3,""sub_resistance_up"":0.3}",gold,#1 Score Booster,gold,#1 Popular Target,gold,#1 Overall Splatter,
Sizzle Season 2025,2025-06-30T12:00:00+00:00,10.0.1,xmatch,yagura,mategai,304,bravo,FALSE,,1742.1,4472,,50,a0c937ff,,4614,,80,ba30b0ff,,sharp,12,8,4,10,3,1055,"{""swim_speed_up"":1.6,""ink_recovery_up"":0.6,""ink_resistance_up"":0.6,""run_speed_up"":0.6,""ink_saver_sub"":0.3,""ninja_squid"":true,""stealth_jump"":true}",variableroller,12,10,2,10,4,1422,"{""ink_saver_main"":1.8,""special_charge_up"":0.9,""comeback"":true,""drop_roller"":true,""ninja_squid"":true}",clashblaster,12,10,2,9,2,795,"{""ink_saver_sub"":2.9,""ink_recovery_up"":0.6,""special_charge_up"":0.6,""special_saver"":0.3,""sub_resistance_up"":0.3,""ninja_squid"":true}",sshooter,8,5,3,7,5,1200,"{""swim_speed_up"":2.3,""intensify_action"":0.9,""quick_super_jump"":0.6,""run_speed_up"":0.6,""ink_resistance_up"":0.3,""stealth_jump"":true}",nzap89,15,9,6,8,4,1205,"{""quick_respawn"":1,""quick_super_jump"":0.9,""swim_speed_up"":0.9,""sub_resistance_up"":0.6,""run_speed_up"":0.3,""ninja_squid"":true,""stealth_jump"":true}",nova_neo,14,14,0,11,3,815,"{""swim_speed_up"":0.9,""ink_saver_main"":0.6,""ink_saver_sub"":0.3,""quick_super_jump"":0.3,""special_charge_up"":0.3,""sub_resistance_up"":0.3,""comeback"":true,""ninja_squid"":true,""stealth_jump"":true}",hokusai_sui,13,8,5,5,4,1169,"{""swim_speed_up"":1.5,""ink_recovery_up"":0.3,""ink_resistance_up"":0.3,""quick_super_jump"":0.3,""sub_resistance_up"":0.3,""drop_roller"":true,""last_ditch_effort"":true,""ninja_squid"":true}",jimuwiper_fuu,10,5,5,9,5,1425,"{""swim_speed_up"":1.2,""ink_saver_main"":1,""ink_resistance_up"":0.6,""quick_super_jump"":0.6,""special_charge_up"":0.3,""comeback"":true,""stealth_jump"":true}",gold,#1 Overall Splatter,gold,#1 Splat Assister,silver,#1 Tower Stopper,
Sizzle Season 2025,2025-06-30T12:00:00+00:00,10.0.1,bankara_open,asari,decaline,317,alpha,FALSE,,,4407,,36,df6624ff,,4491,,0,343bc4ff,,dualsweeper_tei,8,3,5,1,5,1574,"{""ink_saver_main"":1,""ink_saver_sub"":1,""ink_recovery_up"":0.6,""intensify_action"":0.6,""ink_resistance_up"":0.3,""quick_super_jump"":0.3,""special_power_up"":0.3,""sub_power_up"":0.3,""stealth_jump"":true}",hotblaster_en,14,12,2,5,2,915,"{""sub_power_up"":1.9,""ink_recovery_up"":0.6,""ink_resistance_up"":0.3,""quick_super_jump"":0.3,""special_saver"":0.3,""swim_speed_up"":0.3,""comeback"":true,""stealth_jump"":true}",longblaster,14,10,4,7,2,864,"{""swim_speed_up"":1,""intensify_action"":0.6,""quick_super_jump"":0.6,""special_saver"":0.6,""ink_resistance_up"":0.3,""sub_power_up"":0.3,""sub_resistance_up"":0.3,""comeback"":true,""stealth_jump"":true}",fincent_brnz,7,7,0,10,3,1054,"{""swim_speed_up"":1.3,""ink_saver_main"":0.9,""special_charge_up"":0.9,""ink_saver_sub"":0.3,""special_saver"":0.3,""ninja_squid"":true,""stealth_jump"":true}",dynamo_mei,10,6,4,8,6,1251,"{""ink_saver_main"":1.9,""quick_super_jump"":0.6,""swim_speed_up"":0.6,""ink_resistance_up"":0.3,""sub_resistance_up"":0.3,""stealth_jump"":true,""tenacity"":true}",prime_frzn,6,5,1,6,6,1529,"{""ink_saver_sub"":1.6,""ink_recovery_up"":1,""ink_saver_main"":1,""special_charge_up"":0.6,""sub_power_up"":0.6,""special_power_up"":0.3,""special_saver"":0.3,""sub_resistance_up"":0.3}",clashblaster,7,6,1,5,5,1000,"{""ink_recovery_up"":1,""ink_saver_sub"":1,""run_speed_up"":1,""quick_respawn"":0.6,""sub_power_up"":0.6,""ink_resistance_up"":0.3,""special_power_up"":0.3}",splatroller,7,6,1,13,0,711,"{""special_charge_up"":2.3,""swim_speed_up"":1,""ink_saver_main"":0.9,""quick_super_jump"":0.6,""ink_resistance_up"":0.3,""special_saver"":0.3,""sub_resistance_up"":0.3}",gold,#1 Score Booster,gold,#1 Turf Inker,gold,#1 Clam Carrier,
Sizzle Season 2025,2025-06-30T12:00:00+00:00,10.0.1,xmatch,yagura,mategai,300,alpha,FALSE,,1535.8,4521,,87,c43a6eff,,4346,,68,1bbfabff,,sshooter_collabo,12,11,1,6,6,1493,"{""swim_speed_up"":1.6,""special_saver"":1,""special_charge_up"":0.6,""ink_recovery_up"":0.3,""ink_resistance_up"":0.3,""intensify_action"":0.3,""quick_super_jump"":0.3,""sub_power_up"":0.3,""comeback"":true}",sharp_geck,10,6,4,7,3,958,"{""ink_saver_sub"":3.5,""sub_power_up"":1.9,""ink_recovery_up"":0.3}",barrelspinner,7,5,2,5,6,1317,"{""run_speed_up"":3.6,""quick_respawn"":0.9,""ink_saver_main"":0.3,""special_charge_up"":0.3,""special_saver"":0.3,""swim_speed_up"":0.3}",carbon_deco,9,8,1,9,3,753,"{""ink_saver_sub"":1.9,""quick_super_jump"":0.9,""sub_resistance_up"":0.6,""ninja_squid"":true,""stealth_jump"":true}",tristringer,9,3,6,6,5,810,"{""ink_saver_main"":3.2,""ink_saver_sub"":1,""special_charge_up"":0.9,""ink_resistance_up"":0.3,""swim_speed_up"":0.3}",fincent_hue,12,10,2,8,4,979,"{""special_saver"":1.6,""special_charge_up"":0.6,""swim_speed_up"":0.6,""ink_resistance_up"":0.3,""quick_super_jump"":0.3,""special_power_up"":0.3,""ninja_squid"":true,""stealth_jump"":true}",maneuver_collabo,11,7,4,9,4,1274,"{""ink_saver_sub"":1.9,""ink_saver_main"":0.9,""swim_speed_up"":0.9,""ninja_squid"":true,""stealth_jump"":true}",bold,8,7,1,7,7,1283,"{""swim_speed_up"":3,""ink_recovery_up"":0.3,""intensify_action"":0.3,""quick_respawn"":0.3,""quick_super_jump"":0.3,""run_speed_up"":0.3,""special_charge_up"":0.3,""special_saver"":0.3,""sub_power_up"":0.3,""sub_resistance_up"":0.3}",gold,#1 Overall Splatter,gold,#1 Super Jump Spot,gold,#1 Turf Inker,
Sizzle Season 2025,2025-06-30T12:00:00+00:00,10.0.1,bankara_open,asari,negitoro,320,alpha,FALSE,,,4839,,80,cd510aff,,4622,,0,6e04b6ff,,hokusai_hue,11,9,2,9,3,970,"{""sub_power_up"":1.3,""special_power_up"":0.6,""special_saver"":0.6,""swim_speed_up"":0.6,""ink_saver_sub"":0.3,""comeback"":true,""ninja_squid"":true}",jimuwiper_fuu,20,17,3,10,5,1270,"{""swim_speed_up"":1,""ink_saver_main"":0.6,""special_power_up"":0.6,""sub_power_up"":0.6,""ink_resistance_up"":0.3,""quick_super_jump"":0.3,""sub_resistance_up"":0.3,""comeback"":true,""stealth_jump"":true}",splatscope_frst,14,11,3,5,3,1206,"{""ink_resistance_up"":0.3,""ink_saver_sub"":0.3,""quick_respawn"":0.3,""quick_super_jump"":0.3,""run_speed_up"":0.3,""swim_speed_up"":0.3,""comeback"":true,""haunt"":true,""object_shredder"":true}",order_shooter_replica,11,9,2,5,5,1393,"{""swim_speed_up"":1.6,""intensify_action"":0.9,""ink_resistance_up"":0.6,""quick_super_jump"":0.3,""special_saver"":0.3,""comeback"":true,""stealth_jump"":true}",nzap85,14,9,5,11,4,1422,"{""swim_speed_up"":1.6,""special_charge_up"":1.3,""ink_resistance_up"":0.6,""ink_saver_main"":0.3,""quick_respawn"":0.3,""run_speed_up"":0.3,""special_saver"":0.3,""stealth_jump"":true}",carbon_angl,13,9,4,10,5,1317,"{""special_saver"":0.9,""ink_resistance_up"":0.6,""swim_speed_up"":0.6,""quick_super_jump"":0.3,""sub_resistance_up"":0.3,""comeback"":true,""ninja_squid"":true,""stealth_jump"":true}",52gal,7,4,3,12,2,904,"{""swim_speed_up"":2,""intensify_action"":0.9,""quick_super_jump"":0.6,""ink_recovery_up"":0.3,""ink_resistance_up"":0.3,""special_saver"":0.3,""sub_resistance_up"":0.3,""stealth_jump"":true}",sshooter_kou,10,6,4,13,3,979,"{""swim_speed_up"":1.6,""intensify_action"":0.6,""special_power_up"":0.6,""ink_resistance_up"":0.3,""quick_super_jump"":0.3,""special_saver"":0.3,""comeback"":true,""stealth_jump"":true}",gold,#1 Super Jump Spot,silver,#1 Ground Traveler,silver,#1 Clam Stopper,
Sizzle Season 2025,2025-06-30T12:00:00+00:00,10.0.1,bankara_open,asari,negitoro,320,alpha,FALSE,S,,4839,,80,cd510aff,,4622,,0,6e04b6ff,,hokusai_hue,11,9,2,9,3,970,"{""sub_power_up"":1.3,""special_power_up"":0.6,""special_saver"":0.6,""swim_speed_up"":0.6,""ink_saver_sub"":0.3,""comeback"":true,""ninja_squid"":true}",jimuwiper_fuu,20,17,3,10,5,1270,"{""swim_speed_up"":1,""ink_saver_main"":0.6,""special_power_up"":0.6,""sub_power_up"":0.6,""ink_resistance_up"":0.3,""quick_super_jump"":0.3,""sub_resistance_up"":0.3,""comeback"":true,""stealth_jump"":true}",splatscope_frst,14,11,3,5,3,1206,"{""ink_resistance_up"":0.3,""ink_saver_sub"":0.3,""quick_respawn"":0.3,""quick_super_jump"":0.3,""run_speed_up"":0.3,""swim_speed_up"":0.3,""comeback"":true,""haunt"":true,""object_shredder"":true}",order_shooter_replica,11,9,2,5,5,1393,"{""swim_speed_up"":1.6,""intensify_action"":0.9,""ink_resistance_up"":0.6,""quick_super_jump"":0.3,""special_saver"":0.3,""comeback"":true,""stealth_jump"":true}",nzap85,14,9,5,11,4,1422,"{""swim_speed_up"":1.6,""special_charge_up"":1.3,""ink_resistance_up"":0.6,""ink_saver_main"":0.3,""quick_respawn"":0.3,""run_speed_up"":0.3,""special_saver"":0.3,""stealth_jump"":true}",carbon_angl,13,9,4,10,5,1317,"{""special_saver"":0.9,""ink_resistance_up"":0.6,""swim_speed_up"":0.6,""quick_super_jump"":0.3,""sub_resistance_up"":0.3,""comeback"":true,""ninja_squid"":true,""stealth_jump"":true}",52gal,7,4,3,12,2,904,"{""swim_speed_up"":2,""intensify_action"":0.9,""quick_super_jump"":0.6,""ink_recovery_up"":0.3,""ink_resistance_up"":0.3,""special_saver"":0.3,""sub_resistance_up"":0.3,""stealth_jump"":true}",sshooter_kou,10,6,4,13,3,979,"{""swim_speed_up"":1.6,""intensify_action"":0.6,""special_power_up"":0.6,""ink_resistance_up"":0.3,""quick_super_jump"":0.3,""special_saver"":0.3,""comeback"":true,""stealth_jump"":true}",gold,#1 Super Jump Spot,silver,#1 Ground Traveler,silver,#1 Clam Stopper,
Sizzle Season 2025,2025-06-30T12:00:00+00:00,10.0.1,xmatch,yagura,mategai,287,bravo,TRUE,,1742.1,4125,,0,1ec0adff,,4951,,100,d74b31ff,,sharp,14,11,3,9,3,1016,"{""swim_speed_up"":1.6,""ink_recovery_up"":0.6,""ink_resistance_up"":0.6,""run_speed_up"":0.6,""ink_saver_sub"":0.3,""ninja_squid"":true,""stealth_jump"":true}",hydra_atsu,9,8,1,9,2,691,"{""run_speed_up"":1.9,""quick_super_jump"":1,""swim_speed_up"":1,""intensify_action"":0.9,""special_charge_up"":0.9}",furo,8,6,2,7,6,1913,"{""ink_saver_main"":1.3,""quick_respawn"":0.6,""sub_resistance_up"":0.6,""swim_speed_up"":0.6,""quick_super_jump"":0.3,""special_saver"":0.3,""object_shredder"":true,""thermal_ink"":true}",splatcharger,2,2,0,14,0,505,"{""ink_recovery_up"":1.9,""ink_saver_main"":1.9,""sub_resistance_up"":1.9}",prime_collabo,18,16,2,9,4,1206,"{""ink_saver_main"":1.6,""swim_speed_up"":1.3,""ink_recovery_up"":0.3,""ink_resistance_up"":0.3,""ink_saver_sub"":0.3,""run_speed_up"":0.3,""special_charge_up"":0.3,""sub_resistance_up"":0.3,""stealth_jump"":true}",promodeler_rg,12,10,2,5,10,1944,"{""special_charge_up"":5.4,""special_saver"":0.3}",kugelschreiber,12,11,1,6,5,1193,"{""run_speed_up"":2.9,""ink_resistance_up"":0.6,""special_power_up"":0.6,""intensify_action"":0.3,""quick_super_jump"":0.3,""drop_roller"":true}",liter4k,3,2,1,7,2,608,"{""ink_saver_main"":1.3,""ink_resistance_up"":0.9,""ink_saver_sub"":0.6,""quick_super_jump"":0.3,""special_saver"":0.3,""sub_resistance_up"":0.3,""object_shredder"":true,""respawn_punisher"":true}",gold,#1 Overall Splatter,gold,#1 Enemy Splatter,gold,#1 Splat Assister,
Sizzle Season 2025,2025-06-30T12:00:00+00:00,10.0.1,bankara_open,asari,negitoro,300,alpha,FALSE,S+ 18,,3926,,66,ba30b0ff,,3878,,0,a0c937ff,,screwslosher_neo,11,9,2,5,3,1132,"{""ink_saver_main"":1.9,""swim_speed_up"":1,""run_speed_up"":0.9,""ink_resistance_up"":0.3,""quick_super_jump"":0.3,""special_saver"":0.3,""stealth_jump"":true}",order_roller_replica,12,12,0,7,3,835,"{""swim_speed_up"":1.6,""ink_saver_sub"":0.9,""ink_resistance_up"":0.6,""special_charge_up"":0.3,""sub_resistance_up"":0.3,""ninja_squid"":true,""stealth_jump"":true}",bold,5,5,0,6,3,1176,"{""ink_saver_main"":2.3,""intensify_action"":1.6,""swim_speed_up"":0.9,""ink_recovery_up"":0.3,""ink_resistance_up"":0.3,""run_speed_up"":0.3}",variableroller,7,6,1,4,2,783,"{""ink_saver_main"":1.3,""swim_speed_up"":1.3,""run_speed_up"":0.6,""special_charge_up"":0.6,""special_power_up"":0.6,""ink_recovery_up"":0.3,""ninja_squid"":true}",hokusai_hue,12,11,1,11,3,959,"{""run_speed_up"":2.2,""swim_speed_up"":2.2,""intensify_action"":1,""ink_recovery_up"":0.3}",prime_frzn,9,5,4,8,4,919,"{""swim_speed_up"":1.3,""ink_saver_main"":1,""quick_respawn"":0.6,""ink_recovery_up"":0.3,""ink_resistance_up"":0.3,""ink_saver_sub"":0.3,""quick_super_jump"":0.3,""special_charge_up"":0.3,""special_saver"":0.3,""stealth_jump"":true}",bold,2,1,1,8,5,1070,"{""special_charge_up"":1.9,""swim_speed_up"":1,""ink_recovery_up"":0.6,""ink_resistance_up"":0.3,""ink_saver_sub"":0.3,""special_power_up"":0.3,""special_saver"":0.3,""ninja_squid"":true}",hokusai,7,5,2,5,4,930,"{""swim_speed_up"":2.6,""intensify_action"":0.9,""special_power_up"":0.6,""quick_super_jump"":0.3,""run_speed_up"":0.3,""ninja_squid"":true}",gold,#1 Score Booster,gold,#1 Popular Target,gold,#1 Splat Assister,
Sizzle Season 2025,2025-06-30T12:00:00+00:00,10.0.1,bankara_open,asari,decaline,300,bravo,FALSE,,,4468,,20,1ec0adff,,4265,,53,d74b31ff,,dualsweeper_tei,10,5,5,4,4,1360,"{""ink_saver_main"":1,""ink_saver_sub"":1,""ink_recovery_up"":0.6,""intensify_action"":0.6,""ink_resistance_up"":0.3,""quick_super_jump"":0.3,""special_power_up"":0.3,""sub_power_up"":0.3,""sub_resistance_up"":0.3,""stealth_jump"":true}",fincent_brnz,16,14,2,7,5,1053,"{""swim_speed_up"":1.3,""ink_saver_main"":0.9,""special_charge_up"":0.9,""ink_saver_sub"":0.3,""special_saver"":0.3,""ninja_squid"":true,""stealth_jump"":true}",sshooter_collabo,9,6,3,9,4,1210,"{""ink_saver_sub"":2.2,""swim_speed_up"":1,""quick_respawn"":0.9,""quick_super_jump"":0.3,""sub_resistance_up"":0.3,""stealth_jump"":true}",carbon_deco,12,10,2,10,2,845,"{""ink_saver_sub"":2,""ink_saver_main"":1.2,""ink_resistance_up"":0.6,""sub_power_up"":0.6,""quick_super_jump"":0.3,""stealth_jump"":true}",dualsweeper_tei,15,10,5,10,2,1145,"{""quick_respawn"":1.9,""intensify_action"":0.9,""ink_resistance_up"":0.3,""quick_super_jump"":0.3,""sub_resistance_up"":0.3,""comeback"":true,""stealth_jump"":true}",sputtery_owl,10,8,2,7,4,1184,"{""quick_respawn"":1.6,""quick_super_jump"":0.6,""special_charge_up"":0.6,""swim_speed_up"":0.6,""special_saver"":0.3,""comeback"":true,""stealth_jump"":true}",rapid_elite_wntr,10,4,6,8,2,870,"{""special_charge_up"":1.6,""intensify_action"":1.2,""swim_speed_up"":0.9,""last_ditch_effort"":true,""stealth_jump"":true}",maneuver_collabo,13,8,5,10,2,1066,"{""quick_respawn"":1.6,""quick_super_jump"":0.6,""swim_speed_up"":0.6,""ink_resistance_up"":0.3,""intensify_action"":0.3,""special_saver"":0.3,""comeback"":true,""stealth_jump"":true}",gold,#1 Score Booster,gold,#1 Turf Inker,gold,#1 Clam Carrier,
Sizzle Season 2025,2025-06-30T14:00:00+00:00,10.0.1,bankara_challenge,hoko,sumeshi,277,bravo,TRUE,S,,4383,,0,ba30b0ff,,4330,,100,a0c937ff,,sharp_geck,10,6,4,10,1,848,"{""swim_speed_up"":3.7,""intensify_action"":1,""ninja_squid"":true}",prime_collabo,12,10,2,6,5,1282,"{""special_charge_up"":1.9,""ink_recovery_up"":1.3,""swim_speed_up"":1.3,""quick_respawn"":0.6,""ink_saver_sub"":0.3,""special_saver"":0.3}",lact450_milk,8,7,1,5,2,1328,"{""ink_saver_sub"":3.5,""run_speed_up"":1.3,""swim_speed_up"":0.6,""sub_resistance_up"":0.3}",sputtery_owl,5,3,2,7,5,925,"{""special_charge_up"":2.3,""quick_super_jump"":0.6,""ink_resistance_up"":0.3,""intensify_action"":0.3,""stealth_jump"":true}",sshooter,13,11,2,9,4,1031,"{""run_speed_up"":2.5,""intensify_action"":1.3,""special_saver"":1,""quick_respawn"":0.3,""quick_super_jump"":0.3,""swim_speed_up"":0.3}",prime_frzn,11,9,2,2,4,1087,"{""swim_speed_up"":3.2,""intensify_action"":0.6,""ink_saver_sub"":0.3,""run_speed_up"":0.3,""special_power_up"":0.3,""ninja_squid"":true}",prime_frzn,4,3,1,10,0,862,"{""ink_saver_main"":4.5,""ink_saver_sub"":0.6,""ink_recovery_up"":0.3,""run_speed_up"":0.3}",furo,6,5,1,5,4,1350,"{""sub_power_up"":1.3,""special_charge_up"":1,""ink_saver_main"":0.3,""ink_saver_sub"":0.3,""run_speed_up"":0.3,""special_power_up"":0.3,""special_saver"":0.3,""sub_resistance_up"":0.3,""swim_speed_up"":0.3,""ninja_squid"":true}",gold,#1 Popular Target,gold,Record-Score Setter,gold,#1 Score Booster,
Sizzle Season 2025,2025-06-30T14:00:00+00:00,10.0.1,bankara_open,yagura,masaba,91,alpha,TRUE,S,,1900,,100,ba30b0ff,,1477,,0,a0c937ff,,hokusai_hue,8,6,2,2,2,629,"{""sub_power_up"":1.3,""special_power_up"":0.6,""special_saver"":0.6,""swim_speed_up"":0.6,""ink_saver_sub"":0.3,""comeback"":true,""ninja_squid"":true}",nova_neo,7,6,1,2,2,400,"{""swim_speed_up"":2.5,""quick_super_jump"":0.6,""special_saver"":0.6,""ninja_squid"":true,""stealth_jump"":true}",splatcharger_frst,2,2,0,1,2,404,"{""special_charge_up"":1.9,""special_power_up"":1,""quick_super_jump"":0.6,""special_saver"":0.6,""swim_speed_up"":0.6,""stealth_jump"":true}",order_shooter_replica,2,1,1,2,1,467,"{""swim_speed_up"":1.6,""intensify_action"":0.9,""ink_resistance_up"":0.6,""quick_super_jump"":0.3,""special_saver"":0.3,""comeback"":true,""stealth_jump"":true}",lact450_milk,5,3,2,2,1,519,"{""quick_respawn"":1.9,""special_charge_up"":1,""quick_super_jump"":0.6,""swim_speed_up"":0.6,""ink_resistance_up"":0.3,""sub_resistance_up"":0.3,""stealth_jump"":true}",carbon_deco,3,3,0,6,0,197,"{""ink_saver_main"":0.9,""swim_speed_up"":0.6,""ink_resistance_up"":0.3,""ink_saver_sub"":0.3,""quick_respawn"":0.3,""quick_super_jump"":0.3,""ninja_squid"":true,""opening_gambit"":true,""stealth_jump"":true}",dualsweeper_tei,2,0,2,2,2,478,"{""swim_speed_up"":1,""intensify_action"":0.9,""ink_resistance_up"":0.6,""special_power_up"":0.6,""quick_super_jump"":0.3,""sub_resistance_up"":0.3,""comeback"":true,""stealth_jump"":true}",dualsweeper,2,1,1,5,0,283,"{""quick_respawn"":1.3,""ink_saver_main"":0.6,""intensify_action"":0.6,""swim_speed_up"":0.6,""ink_resistance_up"":0.3,""quick_super_jump"":0.3,""comeback"":true,""stealth_jump"":true}",gold,#1 Overall Splatter,gold,#1 Enemy Splatter,gold,#1 Turf Inker,
Sizzle Season 2025,2025-06-30T14:00:00+00:00,10.0.1,bankara_open,yagura,masaba,91,alpha,TRUE,,,1900,,100,ba30b0ff,,1477,,0,a0c937ff,,hokusai_hue,8,6,2,2,2,629,"{""sub_power_up"":1.3,""special_power_up"":0.6,""special_saver"":0.6,""swim_speed_up"":0.6,""ink_saver_sub"":0.3,""comeback"":true,""ninja_squid"":true}",nova_neo,7,6,1,2,2,400,"{""swim_speed_up"":2.5,""quick_super_jump"":0.6,""special_saver"":0.6,""ninja_squid"":true,""stealth_jump"":true}",splatcharger_frst,2,2,0,1,2,404,"{""special_charge_up"":1.9,""special_power_up"":1,""quick_super_jump"":0.6,""special_saver"":0.6,""swim_speed_up"":0.6,""stealth_jump"":true}",order_shooter_replica,2,1,1,2,1,467,"{""swim_speed_up"":1.6,""intensify_action"":0.9,""ink_resistance_up"":0.6,""quick_super_jump"":0.3,""special_saver"":0.3,""comeback"":true,""stealth_jump"":true}",lact450_milk,5,3,2,2,1,519,"{""quick_respawn"":1.9,""special_charge_up"":1,""quick_super_jump"":0.6,""swim_speed_up"":0.6,""ink_resistance_up"":0.3,""sub_resistance_up"":0.3,""stealth_jump"":true}",carbon_deco,3,3,0,6,0,197,"{""ink_saver_main"":0.9,""swim_speed_up"":0.6,""ink_resistance_up"":0.3,""ink_saver_sub"":0.3,""quick_respawn"":0.3,""quick_super_jump"":0.3,""ninja_squid"":true,""opening_gambit"":true,""stealth_jump"":true}",dualsweeper_tei,2,0,2,2,2,478,"{""swim_speed_up"":1,""intensify_action"":0.9,""ink_resistance_up"":0.6,""special_power_up"":0.6,""quick_super_jump"":0.3,""sub_resistance_up"":0.3,""comeback"":true,""stealth_jump"":true}",dualsweeper,2,1,1,5,0,283,"{""quick_respawn"":1.3,""ink_saver_main"":0.6,""intensify_action"":0.6,""swim_speed_up"":0.6,""ink_resistance_up"":0.3,""quick_super_jump"":0.3,""comeback"":true,""stealth_jump"":true}",gold,#1 Overall Splatter,gold,#1 Enemy Splatter,gold,#1 Turf Inker,
Sizzle Season 2025,2025-06-30T14:00:00+00:00,10.0.1,bankara_open,yagura,nampla,300,alpha,FALSE,,,4940,,55,a0c937ff,,4584,,43,ba30b0ff,,sshooter_collabo,14,12,2,4,8,1624,"{""swim_speed_up"":1.6,""special_saver"":1,""special_charge_up"":0.6,""ink_recovery_up"":0.3,""ink_resistance_up"":0.3,""intensify_action"":0.3,""quick_super_jump"":0.3,""sub_power_up"":0.3,""comeback"":true}",hokusai_hue,15,9,6,8,3,865,"{""sub_power_up"":1.2,""swim_speed_up"":0.6,""ink_recovery_up"":0.3,""ink_resistance_up"":0.3,""quick_super_jump"":0.3,""comeback"":true,""ninja_squid"":true,""stealth_jump"":true}",sshooter_collabo,9,6,3,2,8,1431,"{""swim_speed_up"":1.6,""ink_resistance_up"":0.6,""intensify_action"":0.6,""quick_super_jump"":0.3,""special_saver"":0.3,""sub_resistance_up"":0.3,""comeback"":true,""stealth_jump"":true}",tristringer_tou,11,7,4,5,5,1020,"{""swim_speed_up"":1,""ink_resistance_up"":0.6,""quick_super_jump"":0.6,""run_speed_up"":0.6,""special_charge_up"":0.6,""special_power_up"":0.3,""drop_roller"":true,""thermal_ink"":true}",rapid_elite_wntr,10,5,5,9,5,1095,"{""special_charge_up"":1.9,""intensify_action"":0.9,""special_power_up"":0.6,""special_saver"":0.3,""last_ditch_effort"":true,""stealth_jump"":true}",hydra_atsu,8,6,2,7,5,1223,"{""run_speed_up"":1.9,""special_charge_up"":0.9,""ink_resistance_up"":0.6,""sub_resistance_up"":0.3,""last_ditch_effort"":true,""object_shredder"":true}",sshooter_kou,8,4,4,7,5,1192,"{""swim_speed_up"":1.9,""intensify_action"":0.9,""ink_resistance_up"":0.6,""quick_super_jump"":0.3,""comeback"":true,""stealth_jump"":true}",hissen_ash,4,4,0,11,4,1074,"{""ink_saver_sub"":1.9,""swim_speed_up"":1.6,""sub_power_up"":0.6,""quick_super_jump"":0.3,""special_charge_up"":0.3,""stealth_jump"":true}",silver,#1 Ground Traveler,gold,#1 Enemy Splatter,gold,#1 Turf Inker,
Sizzle Season 2025,2025-06-30T14:00:00+00:00,10.0.1,bankara_challenge,hoko,negitoro,133,alpha,TRUE,S,,2389,,100,1a1aafff,,1870,,0,e38d24ff,,sharp_geck,9,3,6,2,1,630,"{""swim_speed_up"":3.7,""intensify_action"":1,""ninja_squid"":true}",lact450_milk,7,6,1,2,2,943,"{""ink_saver_sub"":3.5,""run_speed_up"":1.3,""swim_speed_up"":0.6,""sub_resistance_up"":0.3}",clashblaster,8,7,1,3,1,390,"{""swim_speed_up"":1.6,""ink_resistance_up"":1.3,""run_speed_up"":0.9,""special_power_up"":0.6,""sub_power_up"":0.3,""ninja_squid"":true}",nzap85,5,3,2,4,0,426,"{""swim_speed_up"":1.6,""special_power_up"":1.2,""ink_resistance_up"":0.6,""ink_saver_main"":0.3,""comeback"":true,""ninja_squid"":true}",bold,6,5,1,6,1,592,"{""sub_power_up"":1.6,""special_charge_up"":1.3,""special_power_up"":1.3,""intensify_action"":0.3,""quick_respawn"":0.3,""special_saver"":0.3}",jimuwiper,3,1,2,3,1,400,"{""ink_saver_main"":1.6,""quick_super_jump"":1.3,""special_saver"":1.2,""run_speed_up"":1,""ink_recovery_up"":0.3,""intensify_action"":0.3}",maneuver,0,0,0,4,1,366,"{""swim_speed_up"":1.9,""special_saver"":1.3,""ink_saver_main"":1,""special_charge_up"":0.9,""quick_respawn"":0.3,""quick_super_jump"":0.3}",sharp_neo,5,5,0,6,0,512,"{""swim_speed_up"":1.5,""quick_respawn"":1,""run_speed_up"":1,""ink_recovery_up"":0.9,""special_power_up"":0.3,""drop_roller"":true}",gold,#1 Overall Splatter,gold,Record-Score Setter,gold,#1 Score Booster,
Sizzle Season 2025,2025-06-30T14:00:00+00:00,10.0.1,bankara_open,yagura,nampla,282,bravo,TRUE,S,,4540,,0,a0c937ff,,4628,,100,ba30b0ff,,hokusai_hue,6,5,1,13,3,944,"{""sub_power_up"":1.3,""special_power_up"":0.6,""special_saver"":0.6,""swim_speed_up"":0.6,""ink_saver_sub"":0.3,""comeback"":true,""ninja_squid"":true}",order_shooter_replica,12,10,2,4,7,1502,"{""swim_speed_up"":1.6,""intensify_action"":0.9,""ink_resistance_up"":0.6,""quick_super_jump"":0.3,""special_saver"":0.3,""comeback"":true,""stealth_jump"":true}",splatroller,7,5,2,9,2,848,"{""swim_speed_up"":1.3,""quick_super_jump"":0.9,""quick_respawn"":0.6,""ink_resistance_up"":0.3,""ink_saver_main"":0.3,""sub_resistance_up"":0.3,""ninja_squid"":true,""stealth_jump"":true}",sshooter,11,9,2,10,4,1246,"{""swim_speed_up"":1,""intensify_action"":0.9,""quick_super_jump"":0.6,""run_speed_up"":0.6,""ink_resistance_up"":0.3,""sub_resistance_up"":0.3,""comeback"":true,""stealth_jump"":true}",jetsweeper_cobr,17,13,4,6,5,1260,"{""quick_super_jump"":1,""sub_power_up"":1,""swim_speed_up"":0.9,""ink_saver_main"":0.6,""intensify_action"":0.6,""ink_saver_sub"":0.3,""sub_resistance_up"":0.3,""stealth_jump"":true}",sshooter,11,9,2,7,6,1237,"{""swim_speed_up"":1.3,""intensify_action"":0.9,""ink_resistance_up"":0.6,""special_charge_up"":0.6,""quick_super_jump"":0.3,""comeback"":true,""stealth_jump"":true}",campingshelter_crem,8,6,2,10,3,1061,"{""quick_respawn"":1,""ink_saver_main"":0.6,""quick_super_jump"":0.6,""sub_resistance_up"":0.6,""swim_speed_up"":0.6,""ink_recovery_up"":0.3,""last_ditch_effort"":true,""stealth_jump"":true}",furo_deco,11,8,3,6,4,1070,"{""special_power_up"":1.9,""swim_speed_up"":1,""ink_saver_sub"":0.6,""ink_resistance_up"":0.3,""quick_respawn"":0.3,""quick_super_jump"":0.3,""sub_resistance_up"":0.3,""stealth_jump"":true}",gold,#1 Super Jump Spot,gold,Record-Score Setter,silver,#1 Tower Stopper,
Sizzle Season 2025,2025-06-30T14:00:00+00:00,10.0.1,bankara_open,yagura,nampla,282,bravo,TRUE,,,4540,,0,a0c937ff,,4628,,100,ba30b0ff,,hokusai_hue,6,5,1,13,3,944,"{""sub_power_up"":1.3,""special_power_up"":0.6,""special_saver"":0.6,""swim_speed_up"":0.6,""ink_saver_sub"":0.3,""comeback"":true,""ninja_squid"":true}",order_shooter_replica,12,10,2,4,7,1502,"{""swim_speed_up"":1.6,""intensify_action"":0.9,""ink_resistance_up"":0.6,""quick_super_jump"":0.3,""special_saver"":0.3,""comeback"":true,""stealth_jump"":true}",splatroller,7,5,2,9,2,848,"{""swim_speed_up"":1.3,""quick_super_jump"":0.9,""quick_respawn"":0.6,""ink_resistance_up"":0.3,""ink_saver_main"":0.3,""sub_resistance_up"":0.3,""ninja_squid"":true,""stealth_jump"":true}",sshooter,11,9,2,10,4,1246,"{""swim_speed_up"":1,""intensify_action"":0.9,""quick_super_jump"":0.6,""run_speed_up"":0.6,""ink_resistance_up"":0.3,""sub_resistance_up"":0.3,""comeback"":true,""stealth_jump"":true}",jetsweeper_cobr,17,13,4,6,5,1260,"{""quick_super_jump"":1,""sub_power_up"":1,""swim_speed_up"":0.9,""ink_saver_main"":0.6,""intensify_action"":0.6,""ink_saver_sub"":0.3,""sub_resistance_up"":0.3,""stealth_jump"":true}",sshooter,11,9,2,7,6,1237,"{""swim_speed_up"":1.3,""intensify_action"":0.9,""ink_resistance_up"":0.6,""special_charge_up"":0.6,""quick_super_jump"":0.3,""comeback"":true,""stealth_jump"":true}",campingshelter_crem,8,6,2,10,3,1061,"{""quick_respawn"":1,""ink_saver_main"":0.6,""quick_super_jump"":0.6,""sub_resistance_up"":0.6,""swim_speed_up"":0.6,""ink_recovery_up"":0.3,""last_ditch_effort"":true,""stealth_jump"":true}",furo_deco,11,8,3,6,4,1070,"{""special_power_up"":1.9,""swim_speed_up"":1,""ink_saver_sub"":0.6,""ink_resistance_up"":0.3,""quick_respawn"":0.3,""quick_super_jump"":0.3,""sub_resistance_up"":0.3,""stealth_jump"":true}",gold,#1 Super Jump Spot,gold,Record-Score Setter,silver,#1 Tower Stopper,
Sizzle Season 2025,2025-06-30T14:00:00+00:00,10.0.1,bankara_challenge,hoko,sumeshi,304,bravo,FALSE,S,,4635,,49,a0c937ff,,4485,,55,ba30b0ff,,sharp_geck,11,7,4,9,3,1244,"{""swim_speed_up"":3.7,""intensify_action"":1,""ninja_squid"":true}",lact450_milk,11,7,4,7,3,1489,"{""ink_saver_sub"":3.5,""run_speed_up"":1.3,""swim_speed_up"":0.6,""sub_resistance_up"":0.3}",nzap85,9,7,2,7,3,1161,"{""swim_speed_up"":1.6,""special_power_up"":1.2,""ink_resistance_up"":0.6,""ink_saver_main"":0.3,""comeback"":true,""ninja_squid"":true}",clashblaster,9,6,3,11,1,741,"{""swim_speed_up"":1.6,""ink_resistance_up"":1.3,""run_speed_up"":0.9,""special_power_up"":0.6,""sub_power_up"":0.3,""ninja_squid"":true}",fincent_hue,17,16,1,8,3,922,"{""quick_respawn"":1,""swim_speed_up"":0.9,""quick_super_jump"":0.6,""ink_resistance_up"":0.3,""ink_saver_main"":0.3,""special_charge_up"":0.3,""special_saver"":0.3,""comeback"":true,""drop_roller"":true}",sharp,9,7,2,9,2,938,"{""swim_speed_up"":1.6,""sub_power_up"":1,""ink_recovery_up"":0.3,""intensify_action"":0.3,""run_speed_up"":0.3,""special_charge_up"":0.3,""stealth_jump"":true}",furo,8,5,3,5,4,1611,"{""ink_recovery_up"":1,""ink_saver_main"":1,""swim_speed_up"":1,""special_power_up"":0.9,""sub_resistance_up"":0.9,""run_speed_up"":0.3,""special_charge_up"":0.3,""special_saver"":0.3}",hokusai_sui,7,6,1,5,4,1014,"{""ink_saver_sub"":2.6,""ink_saver_main"":1.3,""special_saver"":0.6,""ink_resistance_up"":0.3,""quick_respawn"":0.3,""run_speed_up"":0.3,""sub_power_up"":0.3}",gold,#1 Overall Splatter,gold,#1 Super Jump Spot,gold,Record-Score Setter,
Sizzle Season 2025,2025-06-30T14:00:00+00:00,10.0.1,bankara_open,yagura,masaba,300,alpha,FALSE,,,4868,,90,a0c937ff,,4810,,59,ba30b0ff,,sshooter_collabo,8,5,3,8,6,1500,"{""swim_speed_up"":1.6,""special_saver"":1,""special_charge_up"":0.6,""ink_recovery_up"":0.3,""ink_resistance_up"":0.3,""intensify_action"":0.3,""quick_super_jump"":0.3,""sub_power_up"":0.3,""comeback"":true}",tristringer_tou,14,8,6,7,4,986,"{""swim_speed_up"":1,""ink_resistance_up"":0.6,""quick_super_jump"":0.6,""run_speed_up"":0.6,""special_charge_up"":0.6,""special_power_up"":0.3,""drop_roller"":true,""thermal_ink"":true}",hokusai_hue,13,10,3,8,4,966,"{""sub_power_up"":1.2,""swim_speed_up"":0.6,""ink_recovery_up"":0.3,""ink_resistance_up"":0.3,""quick_super_jump"":0.3,""comeback"":true,""ninja_squid"":true,""stealth_jump"":true}",sshooter_collabo,7,7,0,6,7,1416,"{""swim_speed_up"":1.6,""ink_resistance_up"":0.6,""intensify_action"":0.6,""quick_super_jump"":0.3,""special_saver"":0.3,""sub_resistance_up"":0.3,""comeback"":true,""stealth_jump"":true}",longblaster,15,11,4,6,3,1135,"{""intensify_action"":2.2,""swim_speed_up"":1,""ink_resistance_up"":0.6,""quick_super_jump"":0.6,""special_saver"":0.3,""stealth_jump"":true}",hydra_atsu,10,5,5,6,3,1238,"{""run_speed_up"":2.3,""intensify_action"":0.9,""ink_resistance_up"":0.3,""quick_super_jump"":0.3,""special_power_up"":0.3,""special_saver"":0.3,""swim_speed_up"":0.3,""object_shredder"":true}",sharp,12,10,2,10,3,1491,"{""swim_speed_up"":1.3,""special_charge_up"":1,""ink_saver_sub"":0.9,""quick_super_jump"":0.6,""sub_power_up"":0.6,""special_saver"":0.3,""stealth_jump"":true}",sshooter_collabo,5,3,2,8,3,946,"{""ink_recovery_up"":1.6,""run_speed_up"":1.5,""ink_saver_main"":1.3,""intensify_action"":0.3,""last_ditch_effort"":true}",silver,#1 Ink Consumer,gold,#1 Turf Inker,silver,#1 Checkpoint Breaker,
Sizzle Season 2025,2025-06-30T14:00:00+00:00,10.0.1,bankara_open,yagura,nampla,95,alpha,TRUE,,,1892,,100,a0c937ff,,1492,,0,ba30b0ff,,hokusai_hue,4,4,0,2,2,521,"{""sub_power_up"":1.3,""special_power_up"":0.6,""special_saver"":0.6,""swim_speed_up"":0.6,""ink_saver_sub"":0.3,""comeback"":true,""ninja_squid"":true}",sshooter,12,10,2,3,2,580,"{""swim_speed_up"":1,""intensify_action"":0.9,""quick_super_jump"":0.6,""run_speed_up"":0.6,""ink_resistance_up"":0.3,""sub_resistance_up"":0.3,""comeback"":true,""stealth_jump"":true}",hotblaster_custom,6,2,4,3,1,280,"{""quick_respawn"":1.3,""swim_speed_up"":0.9,""quick_super_jump"":0.6,""ink_resistance_up"":0.3,""ink_saver_main"":0.3,""sub_resistance_up"":0.3,""comeback"":true,""stealth_jump"":true}",order_shooter_replica,5,2,3,2,2,511,"{""swim_speed_up"":1.6,""intensify_action"":0.9,""ink_resistance_up"":0.6,""quick_super_jump"":0.3,""special_saver"":0.3,""comeback"":true,""stealth_jump"":true}",liter4k_scope,3,3,0,2,1,441,"{""ink_saver_main"":2,""swim_speed_up"":1.5,""ink_recovery_up"":1,""ink_resistance_up"":0.6,""quick_super_jump"":0.3,""sub_resistance_up"":0.3}",sputtery_hue,3,1,2,5,0,255,"{""quick_respawn"":1.9,""quick_super_jump"":0.6,""ink_resistance_up"":0.3,""special_saver"":0.3,""sub_resistance_up"":0.3,""swim_speed_up"":0.3,""comeback"":true,""stealth_jump"":true}",52gal,3,3,0,4,1,416,"{""swim_speed_up"":1.9,""intensify_action"":0.9,""ink_resistance_up"":0.3,""quick_super_jump"":0.3,""sub_resistance_up"":0.3,""opening_gambit"":true,""stealth_jump"":true}",quadhopper_black,3,3,0,7,0,380,"{""quick_respawn"":2.2,""quick_super_jump"":0.9,""ink_resistance_up"":0.3,""sub_resistance_up"":0.3,""comeback"":true,""stealth_jump"":true}",gold,#1 Score Booster,gold,#1 Super Jump Spot,gold,Record-Score Setter,
Sizzle Season 2025,2025-06-30T14:00:00+00:00,10.0.1,bankara_open,yagura,nampla,95,alpha,TRUE,S,,1892,,100,a0c937ff,,1492,,0,ba30b0ff,,hokusai_hue,4,4,0,2,2,521,"{""sub_power_up"":1.3,""special_power_up"":0.6,""special_saver"":0.6,""swim_speed_up"":0.6,""ink_saver_sub"":0.3,""comeback"":true,""ninja_squid"":true}",sshooter,12,10,2,3,2,580,"{""swim_speed_up"":1,""intensify_action"":0.9,""quick_super_jump"":0.6,""run_speed_up"":0.6,""ink_resistance_up"":0.3,""sub_resistance_up"":0.3,""comeback"":true,""stealth_jump"":true}",hotblaster_custom,6,2,4,3,1,280,"{""quick_respawn"":1.3,""swim_speed_up"":0.9,""quick_super_jump"":0.6,""ink_resistance_up"":0.3,""ink_saver_main"":0.3,""sub_resistance_up"":0.3,""comeback"":true,""stealth_jump"":true}",order_shooter_replica,5,2,3,2,2,511,"{""swim_speed_up"":1.6,""intensify_action"":0.9,""ink_resistance_up"":0.6,""quick_super_jump"":0.3,""special_saver"":0.3,""comeback"":true,""stealth_jump"":true}",liter4k_scope,3,3,0,2,1,441,"{""ink_saver_main"":2,""swim_speed_up"":1.5,""ink_recovery_up"":1,""ink_resistance_up"":0.6,""quick_super_jump"":0.3,""sub_resistance_up"":0.3}",sputtery_hue,3,1,2,5,0,255,"{""quick_respawn"":1.9,""quick_super_jump"":0.6,""ink_resistance_up"":0.3,""special_saver"":0.3,""sub_resistance_up"":0.3,""swim_speed_up"":0.3,""comeback"":true,""stealth_jump"":true}",52gal,3,3,0,4,1,416,"{""swim_speed_up"":1.9,""intensify_action"":0.9,""ink_resistance_up"":0.3,""quick_super_jump"":0.3,""sub_resistance_up"":0.3,""opening_gambit"":true,""stealth_jump"":true}",quadhopper_black,3,3,0,7,0,380,"{""quick_respawn"":2.2,""quick_super_jump"":0.9,""ink_resistance_up"":0.3,""sub_resistance_up"":0.3,""comeback"":true,""stealth_jump"":true}",gold,#1 Score Booster,gold,#1 Super Jump Spot,gold,Record-Score Setter,
Sizzle Season 2025,2025-06-30T14:00:00+00:00,10.0.1,regular,nawabari,hirame,180,alpha,,,,2822,51.8,,343bc4ff,,2621,32.6,,df6624ff,,carbon_deco,10,10,0,6,0,500,"{""run_speed_up"":1.3,""swim_speed_up"":1.2,""quick_super_jump"":0.9,""ink_saver_sub"":0.3,""ninja_squid"":true,""stealth_jump"":true}",hissen_hue,10,7,3,2,2,1067,"{""run_speed_up"":1.3,""ink_saver_sub"":0.9,""intensify_action"":0.9,""quick_super_jump"":0.3,""last_ditch_effort"":true,""stealth_jump"":true}",sshooter_kou,9,7,2,2,3,920,"{""quick_super_jump"":1.3,""special_power_up"":1,""quick_respawn"":0.6,""ink_recovery_up"":0.3,""ink_resistance_up"":0.3,""run_speed_up"":0.3,""swim_speed_up"":0.3,""tenacity"":true}",splatcharger,1,0,1,5,2,335,"{""ink_recovery_up"":1.3,""quick_respawn"":1,""special_saver"":1,""ink_resistance_up"":0.3,""swim_speed_up"":0.3}",sharp_geck,7,6,1,5,3,977,"{""quick_respawn"":2,""run_speed_up"":1,""ink_recovery_up"":0.6,""ink_saver_main"":0.6,""special_power_up"":0.6,""ink_resistance_up"":0.3,""quick_super_jump"":0.3,""special_charge_up"":0.3}",soytuber_custom,3,2,1,3,1,575,"{""special_power_up"":1.3,""sub_power_up"":1.3,""ink_resistance_up"":1,""run_speed_up"":0.9,""ink_recovery_up"":0.3,""intensify_action"":0.3,""quick_respawn"":0.3}",sshooter_kou,3,2,1,7,0,543,"{""ink_saver_main"":1,""sub_resistance_up"":1,""ink_recovery_up"":0.3,""ink_resistance_up"":0.3,""stealth_jump"":true}",variableroller,5,5,0,9,0,526,"{""quick_respawn"":1.9,""run_speed_up"":1,""ink_saver_main"":0.6,""ink_saver_sub"":0.3,""intensify_action"":0.3,""quick_super_jump"":0.3,""swim_speed_up"":0.3,""ninja_squid"":true}",gold,#1 Overall Splatter,gold,#1 Enemy Splatter,gold,#1 Popular Target,
Sizzle Season 2025,2025-06-30T14:00:00+00:00,10.0.1,bankara_open,yagura,nampla,316,bravo,FALSE,,,5166,,67,1ec0adff,,4837,,71,d74b31ff,,sshooter_collabo,10,7,3,4,8,1648,"{""swim_speed_up"":1.6,""special_saver"":1,""special_charge_up"":0.6,""ink_recovery_up"":0.3,""ink_resistance_up"":0.3,""intensify_action"":0.3,""quick_super_jump"":0.3,""sub_power_up"":0.3,""comeback"":true}",tristringer_tou,19,14,5,5,7,1267,"{""swim_speed_up"":1,""ink_resistance_up"":0.6,""quick_super_jump"":0.6,""run_speed_up"":0.6,""special_charge_up"":0.6,""special_power_up"":0.3,""drop_roller"":true,""thermal_ink"":true}",hokusai_hue,10,5,5,8,5,1210,"{""sub_power_up"":1.2,""swim_speed_up"":0.6,""ink_recovery_up"":0.3,""ink_resistance_up"":0.3,""quick_super_jump"":0.3,""comeback"":true,""ninja_squid"":true,""stealth_jump"":true}",sshooter_collabo,3,1,2,9,3,1041,"{""swim_speed_up"":1.6,""ink_resistance_up"":0.6,""intensify_action"":0.6,""quick_super_jump"":0.3,""special_saver"":0.3,""sub_resistance_up"":0.3,""comeback"":true,""stealth_jump"":true}",liter4k_scope,12,11,1,5,4,1294,"{""ink_saver_main"":2.8,""special_charge_up"":1.9,""special_power_up"":1}",prime_frzn,5,4,1,6,6,1543,"{""swim_speed_up"":2.9,""special_charge_up"":1,""ink_resistance_up"":0.6,""ink_saver_sub"":0.3,""quick_respawn"":0.3,""special_saver"":0.3,""sub_power_up"":0.3}",splatspinner_collabo,5,2,3,8,3,923,"{""run_speed_up"":5.4,""ink_saver_main"":0.3}",sshooter_kou,10,9,1,8,3,1077,"{""swim_speed_up"":2.6,""intensify_action"":1.2,""ink_resistance_up"":0.3,""special_power_up"":0.3,""sub_resistance_up"":0.3,""ninja_squid"":true}",silver,#1 Ground Traveler,gold,#1 Turf Inker,gold,#1 Popular Target,
Sizzle Season 2025,2025-06-30T14:00:00+00:00,10.0.1,bankara_challenge,hoko,negitoro,313,alpha,FALSE,S,,4254,,85,1a1aafff,,4290,,56,e38d24ff,,sharp_geck,12,10,2,7,5,1486,"{""swim_speed_up"":3.7,""intensify_action"":1,""ninja_squid"":true}",96gal_sou,8,6,2,8,0,990,"{""intensify_action"":1.8,""ink_resistance_up"":1,""swim_speed_up"":1,""ink_recovery_up"":0.3,""ink_saver_main"":0.3,""sub_resistance_up"":0.3,""ninja_squid"":true}",liter4k,11,8,3,4,2,766,"{""quick_super_jump"":1.6,""ink_saver_main"":1.3,""swim_speed_up"":1,""ink_recovery_up"":0.3,""ink_resistance_up"":0.3,""intensify_action"":0.3,""quick_respawn"":0.3,""special_charge_up"":0.3,""sub_resistance_up"":0.3}",nzap85,10,6,4,9,2,1012,"{""swim_speed_up"":1.6,""special_power_up"":1.2,""ink_resistance_up"":0.6,""ink_saver_main"":0.3,""comeback"":true,""ninja_squid"":true}",sputtery_owl,9,4,5,8,4,1280,"{""swim_speed_up"":2.2,""ink_resistance_up"":0.3,""special_charge_up"":0.3,""special_power_up"":0.3,""sub_power_up"":0.3,""sub_resistance_up"":0.3,""comeback"":true,""ninja_squid"":true}",prime_frzn,13,11,2,7,4,1087,"{""swim_speed_up"":1,""ink_saver_main"":0.6,""intensify_action"":0.6,""run_speed_up"":0.6,""ink_saver_sub"":0.3,""quick_super_jump"":0.3,""special_saver"":0.3,""comeback"":true,""stealth_jump"":true}",maneuver_collabo,8,7,1,11,2,1071,"{""intensify_action"":1.3,""ink_saver_main"":1,""sub_power_up"":1,""ink_recovery_up"":0.9,""swim_speed_up"":0.6,""ink_saver_sub"":0.3,""quick_respawn"":0.3,""sub_resistance_up"":0.3}",liter4k,7,6,1,5,2,852,"{""swim_speed_up"":1.2,""ink_saver_main"":0.3,""quick_super_jump"":0.3,""special_charge_up"":0.3,""sub_power_up"":0.3,""sub_resistance_up"":0.3,""last_ditch_effort"":true,""object_shredder"":true,""respawn_punisher"":true}",gold,#1 Overall Splatter,gold,#1 Popular Target,gold,#1 Turf Inker,
Sizzle Season 2025,2025-06-30T14:00:00+00:00,10.0.1,bankara_open,yagura,nampla,65,bravo,TRUE,,,1250,,0,df6624ff,,1406,,100,343bc4ff,,hokusai_hue,1,0,1,3,1,335,"{""sub_power_up"":1.3,""special_power_up"":0.6,""special_saver"":0.6,""swim_speed_up"":0.6,""ink_saver_sub"":0.3,""comeback"":true,""ninja_squid"":true}",splatroller,2,2,0,2,1,338,"{""swim_speed_up"":1.9,""quick_super_jump"":0.6,""sub_resistance_up"":0.6,""ink_saver_sub"":0.3,""special_saver"":0.3,""ninja_squid"":true,""stealth_jump"":true}",order_shooter_replica,1,1,0,3,1,356,"{""swim_speed_up"":1.6,""intensify_action"":0.9,""ink_resistance_up"":0.6,""quick_super_jump"":0.3,""special_saver"":0.3,""comeback"":true,""stealth_jump"":true}",heroshooter_replica,0,0,0,3,0,221,"{""swim_speed_up"":1.6,""intensify_action"":0.6,""special_charge_up"":0.6,""ink_resistance_up"":0.3,""quick_super_jump"":0.3,""special_saver"":0.3,""comeback"":true,""stealth_jump"":true}",order_wiper_replica,7,4,3,1,2,395,"{""quick_respawn"":2.2,""ink_saver_main"":0.6,""swim_speed_up"":0.6,""special_saver"":0.3,""comeback"":true,""stealth_jump"":true}",rapid_elite_wntr,10,3,7,1,1,346,"{""swim_speed_up"":1,""intensify_action"":0.9,""special_power_up"":0.6,""ink_resistance_up"":0.3,""opening_gambit"":true,""stealth_jump"":true}",explosher_custom,2,2,0,0,1,343,"{""quick_super_jump"":1.5,""ink_saver_main"":1,""ink_recovery_up"":0.3,""intensify_action"":0.3,""quick_respawn"":0.3,""special_saver"":0.3,""comeback"":true,""stealth_jump"":true}",jimuwiper,3,2,1,1,1,322,"{""swim_speed_up"":1.6,""ink_saver_main"":0.6,""quick_super_jump"":0.6,""ink_recovery_up"":0.3,""ink_resistance_up"":0.3,""sub_resistance_up"":0.3,""comeback"":true,""stealth_jump"":true}",gold,#1 Splat Assister,silver,#2 Overall Splatter,,,
Sizzle Season 2025,2025-06-30T14:00:00+00:00,10.0.1,bankara_open,yagura,nampla,65,bravo,TRUE,S,,1250,,0,df6624ff,,1406,,100,343bc4ff,,hokusai_hue,1,0,1,3,1,335,"{""sub_power_up"":1.3,""special_power_up"":0.6,""special_saver"":0.6,""swim_speed_up"":0.6,""ink_saver_sub"":0.3,""comeback"":true,""ninja_squid"":true}",splatroller,2,2,0,2,1,338,"{""swim_speed_up"":1.9,""quick_super_jump"":0.6,""sub_resistance_up"":0.6,""ink_saver_sub"":0.3,""special_saver"":0.3,""ninja_squid"":true,""stealth_jump"":true}",order_shooter_replica,1,1,0,3,1,356,"{""swim_speed_up"":1.6,""intensify_action"":0.9,""ink_resistance_up"":0.6,""quick_super_jump"":0.3,""special_saver"":0.3,""comeback"":true,""stealth_jump"":true}",heroshooter_replica,0,0,0,3,0,221,"{""swim_speed_up"":1.6,""intensify_action"":0.6,""special_charge_up"":0.6,""ink_resistance_up"":0.3,""quick_super_jump"":0.3,""special_saver"":0.3,""comeback"":true,""stealth_jump"":true}",order_wiper_replica,7,4,3,1,2,395,"{""quick_respawn"":2.2,""ink_saver_main"":0.6,""swim_speed_up"":0.6,""special_saver"":0.3,""comeback"":true,""stealth_jump"":true}",rapid_elite_wntr,10,3,7,1,1,346,"{""swim_speed_up"":1,""intensify_action"":0.9,""special_power_up"":0.6,""ink_resistance_up"":0.3,""opening_gambit"":true,""stealth_jump"":true}",explosher_custom,2,2,0,0,1,343,"{""quick_super_jump"":1.5,""ink_saver_main"":1,""ink_recovery_up"":0.3,""intensify_action"":0.3,""quick_respawn"":0.3,""special_saver"":0.3,""comeback"":true,""stealth_jump"":true}",jimuwiper,3,2,1,1,1,322,"{""swim_speed_up"":1.6,""ink_saver_main"":0.6,""quick_super_jump"":0.6,""ink_recovery_up"":0.3,""ink_resistance_up"":0.3,""sub_resistance_up"":0.3,""comeback"":true,""stealth_jump"":true}",gold,#1 Splat Assister,silver,#2 Overall Splatter,,,
Sizzle Season 2025,2025-06-30T14:00:00+00:00,10.0.1,bankara_open,yagura,masaba,280,alpha,TRUE,,,4830,,100,df6624ff,,4705,,0,343bc4ff,,nzap85,16,12,4,10,3,1216,"{""special_charge_up"":1,""swim_speed_up"":0.9,""run_speed_up"":0.6,""ink_resistance_up"":0.3,""quick_super_jump"":0.3,""special_saver"":0.3,""sub_power_up"":0.3,""comeback"":true,""stealth_jump"":true}",hydra_atsu,15,11,4,4,2,1171,"{""run_speed_up"":3.7,""special_charge_up"":1,""object_shredder"":true}",sharp,11,6,5,7,2,1075,"{""swim_speed_up"":1.2,""ink_recovery_up"":1,""ink_saver_main"":0.3,""ink_saver_sub"":0.3,""intensify_action"":0.3,""quick_respawn"":0.3,""quick_super_jump"":0.3,""haunt"":true,""stealth_jump"":true}",jimuwiper_fuu,4,2,2,3,5,1368,"{""swim_speed_up"":1.9,""ink_saver_main"":1.6,""ink_recovery_up"":0.6,""ink_resistance_up"":0.6,""stealth_jump"":true}",campingshelter_sorella,12,10,2,5,6,1315,"{""quick_respawn"":1.9,""quick_super_jump"":0.6,""ink_resistance_up"":0.3,""ink_saver_sub"":0.3,""special_saver"":0.3,""swim_speed_up"":0.3,""comeback"":true,""stealth_jump"":true}",prime_collabo,6,3,3,10,4,1189,"{""swim_speed_up"":2,""ink_saver_sub"":0.6,""intensify_action"":0.6,""quick_super_jump"":0.6,""ink_saver_main"":0.3,""sub_power_up"":0.3,""sub_resistance_up"":0.3,""stealth_jump"":true}",dynamo,8,4,4,6,6,1250,"{""ink_recovery_up"":1.9,""swim_speed_up"":1.9,""special_power_up"":1,""special_charge_up"":0.9}",sputtery_owl,9,7,2,10,3,951,"{""ink_recovery_up"":0.6,""ink_saver_sub"":0.6,""special_charge_up"":0.6,""special_power_up"":0.6,""ink_saver_main"":0.3,""comeback"":true,""ninja_squid"":true,""stealth_jump"":true}",gold,#1 Overall Splatter,gold,#1 Enemy Splatter,silver,#1 Tower Stopper,
Sizzle Season 2025,2025-06-30T14:00:00+00:00,10.0.1,bankara_challenge,hoko,negitoro,299,bravo,TRUE,,,4516,,0,df6624ff,,4879,,100,343bc4ff,,sshooter_collabo,13,12,1,11,5,1303,"{""swim_speed_up"":1,""ink_saver_sub"":0.9,""ink_resistance_up"":0.6,""sub_resistance_up"":0.6,""intensify_action"":0.3,""quick_super_jump"":0.3,""comeback"":true,""stealth_jump"":true}",jetsweeper_cobr,9,4,5,8,4,1036,"{""swim_speed_up"":1.3,""ink_saver_sub"":1,""ink_saver_main"":0.9,""quick_super_jump"":0.6,""special_charge_up"":0.3,""special_saver"":0.3,""sub_resistance_up"":0.3,""stealth_jump"":true}",nzap85,12,6,6,6,4,1261,"{""quick_respawn"":2.3,""intensify_action"":1.2,""swim_speed_up"":1,""special_power_up"":0.6,""quick_super_jump"":0.3,""special_saver"":0.3}",drivewiper_rust,6,5,1,7,4,916,"{""quick_respawn"":1.6,""quick_super_jump"":0.6,""special_saver"":0.6,""ink_resistance_up"":0.3,""sub_resistance_up"":0.3,""swim_speed_up"":0.3,""comeback"":true,""stealth_jump"":true}",nautilus79,14,14,0,6,4,1329,"{""swim_speed_up"":1.2,""run_speed_up"":0.9,""ink_recovery_up"":0.3,""ink_resistance_up"":0.3,""comeback"":true,""ninja_squid"":true,""stealth_jump"":true}",maneuver,12,7,5,6,4,1316,"{""quick_respawn"":1.9,""quick_super_jump"":0.6,""ink_resistance_up"":0.3,""ink_saver_sub"":0.3,""intensify_action"":0.3,""special_saver"":0.3,""comeback"":true,""stealth_jump"":true}",carbon_deco,12,9,3,6,3,1051,"{""ink_saver_sub"":1.9,""swim_speed_up"":0.9,""ink_saver_main"":0.6,""intensify_action"":0.3,""ninja_squid"":true,""stealth_jump"":true}",promodeler_sai,4,2,2,11,3,1183,"{""swim_speed_up"":2.2,""quick_respawn"":1.6,""ink_recovery_up"":0.3,""ink_resistance_up"":0.3,""sub_resistance_up"":0.3,""comeback"":true}",gold,#1 Overall Splatter,gold,#1 Turf Inker,gold,#1 Popular Target,
Sizzle Season 2025,2025-06-30T14:00:00+00:00,10.0.1,regular,nawabari,amabi,180,alpha,,,,3345,49.4,,df6624ff,,3176,35.2,,343bc4ff,,carbon_deco,11,10,1,7,0,657,"{""run_speed_up"":1.3,""swim_speed_up"":1.2,""quick_super_jump"":0.9,""ink_saver_sub"":0.3,""ninja_squid"":true,""stealth_jump"":true}",bamboo14mk1,1,1,0,4,3,950,"{""ink_saver_sub"":1.9,""special_charge_up"":1.9,""ink_saver_main"":1.3,""ink_recovery_up"":0.6}",sshooter_kou,8,7,1,3,3,923,"{""quick_super_jump"":1.3,""special_power_up"":1,""quick_respawn"":0.6,""ink_recovery_up"":0.3,""ink_resistance_up"":0.3,""run_speed_up"":0.3,""swim_speed_up"":0.3,""tenacity"":true}",wideroller_waku,2,1,1,4,2,815,"{""ink_resistance_up"":1.9,""swim_speed_up"":1.3,""ink_recovery_up"":0.3,""quick_super_jump"":0.3,""special_charge_up"":0.3,""special_power_up"":0.3,""sub_power_up"":0.3,""ninja_squid"":true}",explosher,5,3,2,3,2,953,"{""ink_recovery_up"":2.2,""special_charge_up"":1,""swim_speed_up"":1,""ink_resistance_up"":0.3,""ink_saver_main"":0.3,""intensify_action"":0.3,""special_power_up"":0.3,""sub_power_up"":0.3}",prime_collabo,6,5,1,5,2,874,"{""special_power_up"":1.6,""quick_super_jump"":1,""ink_saver_main"":0.9,""swim_speed_up"":0.9,""special_charge_up"":0.3,""haunt"":true}",sharp_geck,4,2,2,7,1,691,"{""quick_respawn"":2,""run_speed_up"":1,""ink_recovery_up"":0.6,""ink_saver_main"":0.6,""special_power_up"":0.6,""ink_resistance_up"":0.3,""quick_super_jump"":0.3,""special_charge_up"":0.3}",sshooter_kou,9,8,1,4,0,658,"{""ink_saver_main"":1,""sub_resistance_up"":1,""ink_recovery_up"":0.3,""ink_resistance_up"":0.3,""ink_saver_sub"":0.3,""special_charge_up"":0.3,""stealth_jump"":true}",gold,#1 Overall Splatter,gold,#1 Super Jump Spot,gold,#1 Popular Target,
Sizzle Season 2025,2025-06-30T14:00:00+00:00,10.0.1,bankara_open,yagura,nampla,171,bravo,TRUE,,,2749,,0,1ec0adff,,2757,,100,d74b31ff,,hokusai_hue,7,5,2,8,2,772,"{""sub_power_up"":1.3,""special_power_up"":0.6,""special_saver"":0.6,""swim_speed_up"":0.6,""ink_saver_sub"":0.3,""comeback"":true,""ninja_squid"":true}",order_shooter_replica,7,5,2,4,2,831,"{""swim_speed_up"":1.6,""intensify_action"":0.9,""ink_resistance_up"":0.6,""quick_super_jump"":0.3,""special_saver"":0.3,""comeback"":true,""stealth_jump"":true}",nova_neo,4,4,0,6,1,580,"{""swim_speed_up"":1,""ink_resistance_up"":0.6,""special_saver"":0.6,""ink_saver_sub"":0.3,""intensify_action"":0.3,""quick_respawn"":0.3,""quick_super_jump"":0.3,""run_speed_up"":0.3,""ninja_squid"":true,""stealth_jump"":true}",prime_frzn,4,3,1,8,1,566,"{""swim_speed_up"":1,""quick_super_jump"":0.9,""ink_resistance_up"":0.6,""special_charge_up"":0.6,""sub_resistance_up"":0.6,""last_ditch_effort"":true,""stealth_jump"":true}",prime_frzn,14,13,1,4,4,1004,"{""swim_speed_up"":1.6,""ink_saver_main"":0.6,""intensify_action"":0.6,""ink_resistance_up"":0.3,""quick_super_jump"":0.3,""sub_resistance_up"":0.3,""last_ditch_effort"":true,""stealth_jump"":true}",sputtery,11,4,7,4,4,623,"{""sub_power_up"":1.3,""quick_super_jump"":0.6,""special_power_up"":0.6,""special_saver"":0.6,""ink_resistance_up"":0.3,""sub_resistance_up"":0.3,""comeback"":true,""stealth_jump"":true}",gaen_ff_custom,11,6,5,5,2,663,"{""ink_saver_main"":1,""ink_saver_sub"":0.6,""quick_super_jump"":0.6,""swim_speed_up"":0.6,""ink_resistance_up"":0.3,""special_saver"":0.3,""sub_resistance_up"":0.3,""comeback"":true,""stealth_jump"":true}",campingshelter,6,3,3,4,3,467,"{""ink_saver_main"":1.3,""swim_speed_up"":1,""quick_super_jump"":0.9,""sub_resistance_up"":0.9,""quick_respawn"":0.6,""object_shredder"":true}",gold,#1 Super Jump Spot,gold,#1 Overall Splatter,gold,#1 Enemy Splatter,
Sizzle Season 2025,2025-06-30T14:00:00+00:00,10.0.1,bankara_open,yagura,nampla,171,bravo,TRUE,S,,2749,,0,1ec0adff,,2757,,100,d74b31ff,,hokusai_hue,7,5,2,8,2,772,"{""sub_power_up"":1.3,""special_power_up"":0.6,""special_saver"":0.6,""swim_speed_up"":0.6,""ink_saver_sub"":0.3,""comeback"":true,""ninja_squid"":true}",order_shooter_replica,7,5,2,4,2,831,"{""swim_speed_up"":1.6,""intensify_action"":0.9,""ink_resistance_up"":0.6,""quick_super_jump"":0.3,""special_saver"":0.3,""comeback"":true,""stealth_jump"":true}",nova_neo,4,4,0,6,1,580,"{""swim_speed_up"":1,""ink_resistance_up"":0.6,""special_saver"":0.6,""ink_saver_sub"":0.3,""intensify_action"":0.3,""quick_respawn"":0.3,""quick_super_jump"":0.3,""run_speed_up"":0.3,""ninja_squid"":true,""stealth_jump"":true}",prime_frzn,4,3,1,8,1,566,"{""swim_speed_up"":1,""quick_super_jump"":0.9,""ink_resistance_up"":0.6,""special_charge_up"":0.6,""sub_resistance_up"":0.6,""last_ditch_effort"":true,""stealth_jump"":true}",prime_frzn,14,13,1,4,4,1004,"{""swim_speed_up"":1.6,""ink_saver_main"":0.6,""intensify_action"":0.6,""ink_resistance_up"":0.3,""quick_super_jump"":0.3,""sub_resistance_up"":0.3,""last_ditch_effort"":true,""stealth_jump"":true}",sputtery,11,4,7,4,4,623,"{""sub_power_up"":1.3,""quick_super_jump"":0.6,""special_power_up"":0.6,""special_saver"":0.6,""ink_resistance_up"":0.3,""sub_resistance_up"":0.3,""comeback"":true,""stealth_jump"":true}",gaen_ff_custom,11,6,5,5,2,663,"{""ink_saver_main"":1,""ink_saver_sub"":0.6,""quick_super_jump"":0.6,""swim_speed_up"":0.6,""ink_resistance_up"":0.3,""special_saver"":0.3,""sub_resistance_up"":0.3,""comeback"":true,""stealth_jump"":true}",campingshelter,6,3,3,4,3,467,"{""ink_saver_main"":1.3,""swim_speed_up"":1,""quick_super_jump"":0.9,""sub_resistance_up"":0.9,""quick_respawn"":0.6,""object_shredder"":true}",gold,#1 Super Jump Spot,gold,#1 Overall Splatter,gold,#1 Enemy Splatter,
Sizzle Season 2025,2025-06-30T14:00:00+00:00,10.0.1,bankara_challenge,hoko,sumeshi,308,bravo,FALSE,,,4833,,66,a0c937ff,,5205,,84,ba30b0ff,,furuido,6,5,1,5,2,1111,"{""quick_respawn"":2.2,""swim_speed_up"":1.6,""ink_saver_main"":0.3,""quick_super_jump"":0.3,""run_speed_up"":0.3,""stealth_jump"":true}",prime_frzn,15,12,3,8,3,1260,"{""ink_saver_sub"":1.6,""ink_saver_main"":1,""swim_speed_up"":1,""sub_resistance_up"":0.6,""intensify_action"":0.3,""quick_respawn"":0.3,""run_speed_up"":0.3,""special_charge_up"":0.3,""sub_power_up"":0.3}",nzap85,7,3,4,7,3,1225,"{""swim_speed_up"":2.6,""ink_saver_main"":1.6,""ink_recovery_up"":0.3,""intensify_action"":0.3,""special_charge_up"":0.3}",prime_frzn,9,8,1,9,3,1237,"{""swim_speed_up"":1.3,""quick_super_jump"":0.9,""intensify_action"":0.6,""special_charge_up"":0.3,""special_saver"":0.3,""sub_resistance_up"":0.3,""comeback"":true,""object_shredder"":true}",furo,4,4,0,8,5,1706,"{""ink_saver_main"":1.3,""ink_saver_sub"":1.3,""swim_speed_up"":1.3,""ink_resistance_up"":0.6,""ink_recovery_up"":0.3,""run_speed_up"":0.3,""special_charge_up"":0.3,""special_saver"":0.3}",sblast91,15,13,2,5,5,1128,"{""special_power_up"":1,""special_saver"":1,""swim_speed_up"":0.6,""ink_recovery_up"":0.3,""ink_resistance_up"":0.3,""ink_saver_main"":0.3,""ink_saver_sub"":0.3,""quick_respawn"":0.3,""special_charge_up"":0.3,""sub_resistance_up"":0.3,""stealth_jump"":true}",explosher_custom,10,6,4,8,4,1620,"{""ink_saver_main"":2.9,""swim_speed_up"":1.9,""ink_recovery_up"":0.3,""ink_resistance_up"":0.3,""quick_super_jump"":0.3}",96gal_sou,11,6,5,7,2,751,"{""ink_saver_sub"":1,""special_charge_up"":1,""ink_saver_main"":0.9,""ink_recovery_up"":0.6,""quick_super_jump"":0.6,""special_power_up"":0.6,""respawn_punisher"":true}",gold,#1 Score Booster,gold,#1 Super Jump Spot,silver,#1 Rainmaker Stopper,
Sizzle Season 2025,2025-06-30T14:00:00+00:00,10.0.1,bankara_open,yagura,masaba,134,bravo,TRUE,,,2434,,0,ba30b0ff,,2468,,100,a0c937ff,,sshooter_collabo,4,3,1,5,2,667,"{""swim_speed_up"":1.6,""special_saver"":1,""special_charge_up"":0.6,""ink_recovery_up"":0.3,""ink_resistance_up"":0.3,""intensify_action"":0.3,""quick_super_jump"":0.3,""sub_power_up"":0.3,""comeback"":true}",sshooter_collabo,1,1,0,2,3,839,"{""swim_speed_up"":1.6,""ink_resistance_up"":0.6,""intensify_action"":0.6,""quick_super_jump"":0.3,""special_saver"":0.3,""sub_resistance_up"":0.3,""comeback"":true,""stealth_jump"":true}",tristringer_tou,2,1,1,4,2,438,"{""swim_speed_up"":1,""ink_resistance_up"":0.6,""quick_super_jump"":0.6,""run_speed_up"":0.6,""special_charge_up"":0.6,""special_power_up"":0.3,""drop_roller"":true,""thermal_ink"":true}",hokusai_hue,1,1,0,4,1,490,"{""sub_power_up"":1.2,""swim_speed_up"":0.6,""ink_recovery_up"":0.3,""ink_resistance_up"":0.3,""quick_super_jump"":0.3,""comeback"":true,""ninja_squid"":true,""stealth_jump"":true}",explosher_custom,7,5,2,1,4,807,"{""ink_saver_main"":1,""special_charge_up"":1,""quick_super_jump"":0.9,""special_power_up"":0.9,""swim_speed_up"":0.9,""stealth_jump"":true}",hydra_atsu,3,3,0,1,2,550,"{""run_speed_up"":3.9,""swim_speed_up"":0.9,""ink_resistance_up"":0.3,""quick_super_jump"":0.3,""special_saver"":0.3}",prime_collabo,5,4,1,2,3,585,"{""ink_saver_main"":1.3,""intensify_action"":1.3,""swim_speed_up"":0.9,""ink_saver_sub"":0.6,""ink_recovery_up"":0.3,""special_saver"":0.3,""stealth_jump"":true}",splatspinner_pytn,4,3,1,2,3,526,"{""special_charge_up"":1.6,""run_speed_up"":1.3,""ink_resistance_up"":0.9,""quick_super_jump"":0.3,""sub_resistance_up"":0.3,""swim_speed_up"":0.3,""stealth_jump"":true}",gold,#1 Overall Splatter,gold,#1 Enemy Splatter,gold,#1 Splat Assister,
Sizzle Season 2025,2025-06-30T14:00:00+00:00,10.0.1,bankara_challenge,hoko,sumeshi,306,bravo,FALSE,S,,5012,,49,d74b31ff,,5147,,92,1ec0adff,,sharp_geck,16,8,8,10,2,1183,"{""swim_speed_up"":3.7,""intensify_action"":1,""ninja_squid"":true}",52gal,8,7,1,9,5,1521,"{""swim_speed_up"":2.9,""ink_resistance_up"":0.6,""intensify_action"":0.6,""quick_super_jump"":0.3,""sub_resistance_up"":0.3,""stealth_jump"":true}",dynamo_mei,11,8,3,10,7,1231,"{""ink_saver_main"":2.8,""special_saver"":1.3,""special_power_up"":1,""special_charge_up"":0.6}",sshooter,5,3,2,13,2,1077,"{""special_charge_up"":1.3,""quick_respawn"":1,""intensify_action"":0.6,""run_speed_up"":0.6,""swim_speed_up"":0.6,""ink_saver_sub"":0.3,""quick_super_jump"":0.3,""stealth_jump"":true}",furo,14,9,5,7,3,1572,"{""ink_saver_main"":2.2,""swim_speed_up"":1.9,""ink_resistance_up"":0.3,""special_charge_up"":0.3,""thermal_ink"":true}",bold,20,18,2,6,3,1235,"{""swim_speed_up"":3.5,""quick_respawn"":0.6,""quick_super_jump"":0.3,""special_saver"":0.3,""ninja_squid"":true}",furuido_custom,17,6,11,2,6,1561,"{""special_saver"":1.3,""special_power_up"":0.9,""ink_saver_main"":0.6,""ink_resistance_up"":0.3,""intensify_action"":0.3,""swim_speed_up"":0.3,""last_ditch_effort"":true,""thermal_ink"":true}",clashblaster_neo,11,9,2,11,1,779,"{""run_speed_up"":1.3,""ink_resistance_up"":1,""quick_respawn"":0.6,""ink_recovery_up"":0.3,""ink_saver_main"":0.3,""special_power_up"":0.3,""sub_power_up"":0.3,""swim_speed_up"":0.3,""thermal_ink"":true}",gold,#1 Overall Splatter,gold,#1 Enemy Splatter,gold,#1 Super Jump Spot,
Sizzle Season 2025,2025-06-30T14:00:00+00:00,10.0.1,regular,nawabari,amabi,180,alpha,,,,3467,50.6,,cd510aff,,3122,31.5,,6e04b6ff,,carbon_deco,6,4,2,3,1,541,"{""run_speed_up"":1.3,""swim_speed_up"":1.2,""quick_super_jump"":0.9,""ink_saver_sub"":0.3,""ninja_squid"":true,""stealth_jump"":true}",bamboo14mk1,4,3,1,2,4,996,"{""ink_saver_sub"":1.9,""special_charge_up"":1.9,""ink_saver_main"":1.3,""ink_recovery_up"":0.6}",sshooter_kou,9,8,1,5,3,994,"{""quick_super_jump"":1.3,""special_power_up"":1,""quick_respawn"":0.6,""ink_recovery_up"":0.3,""ink_resistance_up"":0.3,""run_speed_up"":0.3,""special_saver"":0.3,""swim_speed_up"":0.3,""tenacity"":true}",wideroller_waku,7,5,2,3,3,936,"{""ink_resistance_up"":1.9,""swim_speed_up"":1.3,""ink_recovery_up"":0.3,""quick_super_jump"":0.3,""special_charge_up"":0.3,""special_power_up"":0.3,""sub_power_up"":0.3,""ninja_squid"":true}",prime_collabo,5,5,0,3,4,1036,"{""special_power_up"":1.6,""quick_super_jump"":1,""ink_saver_main"":0.9,""swim_speed_up"":0.9,""special_charge_up"":0.3,""haunt"":true}",explosher,3,0,3,4,3,1007,"{""ink_recovery_up"":2.2,""special_charge_up"":1,""swim_speed_up"":1,""ink_resistance_up"":0.3,""ink_saver_main"":0.3,""intensify_action"":0.3,""special_power_up"":0.3,""sub_power_up"":0.3}",carbon_deco,8,6,2,7,0,567,"{""swim_speed_up"":1.9,""ink_saver_sub"":0.6,""ink_resistance_up"":0.3,""quick_super_jump"":0.3,""special_saver"":0.3,""sub_power_up"":0.3,""ninja_squid"":true,""stealth_jump"":true}",sshooter_kou,2,2,0,6,2,512,"{""ink_saver_sub"":1,""special_charge_up"":1,""quick_respawn"":0.6,""ink_resistance_up"":0.3,""quick_super_jump"":0.3,""run_speed_up"":0.3,""special_power_up"":0.3,""special_saver"":0.3,""sub_resistance_up"":0.3,""swim_speed_up"":0.3,""drop_roller"":true}",gold,#1 Splat Assister,silver,#1 Damage Taker,silver,#2 Popular Target,
Sizzle Season 2025,2025-06-30T14:00:00+00:00,10.0.1,bankara_open,yagura,nampla,307,alpha,FALSE,S,,5048,,60,1a1aafff,,4891,,46,e38d24ff,,hokusai_hue,12,9,3,11,4,1090,"{""sub_power_up"":1.3,""special_power_up"":0.6,""special_saver"":0.6,""swim_speed_up"":0.6,""ink_saver_sub"":0.3,""comeback"":true,""ninja_squid"":true}",sblast92,13,12,1,8,4,1094,"{""ink_recovery_up"":1,""special_charge_up"":1,""intensify_action"":0.9,""ink_saver_main"":0.6,""quick_respawn"":0.6,""special_saver"":0.6,""comeback"":true}",splatspinner_pytn,8,4,4,9,7,1427,"{""run_speed_up"":2.9,""quick_super_jump"":0.6,""sub_power_up"":0.6,""swim_speed_up"":0.6,""stealth_jump"":true}",order_shooter_replica,13,10,3,7,5,1437,"{""swim_speed_up"":1.6,""intensify_action"":0.9,""ink_resistance_up"":0.6,""quick_super_jump"":0.3,""special_saver"":0.3,""comeback"":true,""stealth_jump"":true}",splatspinner_pytn,15,14,1,6,8,1717,"{""run_speed_up"":1.9,""special_charge_up"":1,""intensify_action"":0.9,""ink_resistance_up"":0.3,""special_saver"":0.3,""swim_speed_up"":0.3,""object_shredder"":true}",rapid_elite_deco,14,4,10,9,5,919,"{""ink_saver_main"":1.3,""swim_speed_up"":1,""intensify_action"":0.6,""quick_super_jump"":0.6,""run_speed_up"":0.6,""ink_recovery_up"":0.3,""ink_resistance_up"":0.3,""stealth_jump"":true}",pablo_hue,10,10,0,10,5,1309,"{""quick_respawn"":2.2,""swim_speed_up"":1.3,""quick_super_jump"":0.6,""ink_saver_main"":0.3,""special_charge_up"":0.3,""stealth_jump"":true}",sharp,9,7,2,10,2,946,"{""swim_speed_up"":2,""ink_saver_sub"":0.9,""sub_power_up"":0.6,""ink_recovery_up"":0.3,""ink_resistance_up"":0.3,""quick_super_jump"":0.3,""special_saver"":0.3,""stealth_jump"":true}",gold,#1 Super Jump Spot,silver,#1 Checkpoint Breaker,silver,#2 Splat Assister,
Sizzle Season 2025,2025-06-30T14:00:00+00:00,10.0.1,bankara_open,yagura,nampla,307,alpha,FALSE,,,5048,,60,1a1aafff,,4891,,46,e38d24ff,,hokusai_hue,12,9,3,11,4,1090,"{""sub_power_up"":1.3,""special_power_up"":0.6,""special_saver"":0.6,""swim_speed_up"":0.6,""ink_saver_sub"":0.3,""comeback"":true,""ninja_squid"":true}",sblast92,13,12,1,8,4,1094,"{""ink_recovery_up"":1,""special_charge_up"":1,""intensify_action"":0.9,""ink_saver_main"":0.6,""quick_respawn"":0.6,""special_saver"":0.6,""comeback"":true}",splatspinner_pytn,8,4,4,9,7,1427,"{""run_speed_up"":2.9,""quick_super_jump"":0.6,""sub_power_up"":0.6,""swim_speed_up"":0.6,""stealth_jump"":true}",order_shooter_replica,13,10,3,7,5,1437,"{""swim_speed_up"":1.6,""intensify_action"":0.9,""ink_resistance_up"":0.6,""quick_super_jump"":0.3,""special_saver"":0.3,""comeback"":true,""stealth_jump"":true}",splatspinner_pytn,15,14,1,6,8,1717,"{""run_speed_up"":1.9,""special_charge_up"":1,""intensify_action"":0.9,""ink_resistance_up"":0.3,""special_saver"":0.3,""swim_speed_up"":0.3,""object_shredder"":true}",rapid_elite_deco,14,4,10,9,5,919,"{""ink_saver_main"":1.3,""swim_speed_up"":1,""intensify_action"":0.6,""quick_super_jump"":0.6,""run_speed_up"":0.6,""ink_recovery_up"":0.3,""ink_resistance_up"":0.3,""stealth_jump"":true}",pablo_hue,10,10,0,10,5,1309,"{""quick_respawn"":2.2,""swim_speed_up"":1.3,""quick_super_jump"":0.6,""ink_saver_main"":0.3,""special_charge_up"":0.3,""stealth_jump"":true}",sharp,9,7,2,10,2,946,"{""swim_speed_up"":2,""ink_saver_sub"":0.9,""sub_power_up"":0.6,""ink_recovery_up"":0.3,""ink_resistance_up"":0.3,""quick_super_jump"":0.3,""special_saver"":0.3,""stealth_jump"":true}",gold,#1 Super Jump Spot,silver,#1 Checkpoint Breaker,silver,#2 Splat Assister,
Sizzle Season 2025,2025-06-30T14:00:00+00:00,10.0.1,bankara_challenge,hoko,negitoro,300,alpha,FALSE,,,4214,,58,6e04b6ff,,4314,,56,cd510aff,,sshooter_collabo,13,11,2,10,3,1230,"{""swim_speed_up"":1,""ink_saver_sub"":0.9,""ink_resistance_up"":0.6,""sub_resistance_up"":0.6,""intensify_action"":0.3,""quick_super_jump"":0.3,""comeback"":true,""stealth_jump"":true}",bold,14,12,2,11,6,1280,"{""quick_super_jump"":1.6,""special_charge_up"":1.2,""swim_speed_up"":0.9,""drop_roller"":true,""ninja_squid"":true}",liter4k,10,9,1,5,3,885,"{""swim_speed_up"":1.3,""ink_recovery_up"":1,""ink_saver_main"":0.9,""special_charge_up"":0.9,""quick_super_jump"":0.3,""sub_power_up"":0.3,""object_shredder"":true}",maneuver_collabo,8,4,4,10,2,819,"{""ink_resistance_up"":1.3,""sub_resistance_up"":1.3,""ink_saver_main"":1.2,""special_charge_up"":1,""intensify_action"":0.3,""special_power_up"":0.3,""special_saver"":0.3}",quadhopper_black,18,14,4,11,3,1304,"{""quick_respawn"":3.1,""ink_resistance_up"":0.3,""quick_super_jump"":0.3,""comeback"":true,""stealth_jump"":true}",spaceshooter,12,8,4,7,2,1193,"{""special_charge_up"":1.9,""run_speed_up"":1,""swim_speed_up"":1,""special_saver"":0.9,""ink_resistance_up"":0.6,""sub_resistance_up"":0.3}",sshooter_kou,10,6,4,8,3,1058,"{""swim_speed_up"":2,""ink_saver_main"":1.3,""ink_saver_sub"":0.6,""ink_recovery_up"":0.3,""intensify_action"":0.3,""special_charge_up"":0.3,""special_saver"":0.3,""sub_power_up"":0.3,""sub_resistance_up"":0.3}",liter4k,8,7,1,10,0,759,"{""special_charge_up"":1.3,""ink_saver_sub"":1,""ink_saver_main"":0.3,""intensify_action"":0.3,""quick_respawn"":0.3,""run_speed_up"":0.3,""sub_resistance_up"":0.3,""swim_speed_up"":0.3,""ninja_squid"":true}",silver,#1 Ink Consumer,gold,#1 Popular Target,silver,#1 Triple Inkstrike User,
Sizzle Season 2025,2025-06-30T14:00:00+00:00,10.0.1,bankara_open,yagura,nampla,300,bravo,FALSE,,,3886,,38,df6624ff,,3678,,94,343bc4ff,,nzap85,5,2,3,7,6,1342,"{""special_charge_up"":1,""swim_speed_up"":0.9,""run_speed_up"":0.6,""ink_resistance_up"":0.3,""quick_super_jump"":0.3,""special_saver"":0.3,""sub_power_up"":0.3,""comeback"":true,""stealth_jump"":true}",96gal_sou,13,8,5,7,4,975,"{""special_charge_up"":1,""swim_speed_up"":1,""ink_recovery_up"":0.6,""ink_resistance_up"":0.6,""ink_saver_sub"":0.6,""quick_super_jump"":0.3,""special_saver"":0.3,""sub_resistance_up"":0.3,""stealth_jump"":true}",carbon_deco,12,10,2,14,3,678,"{""swim_speed_up"":4.7,""ninja_squid"":true}",splatroller,8,7,1,11,3,891,"{""swim_speed_up"":3.2,""ink_resistance_up"":0.3,""intensify_action"":0.3,""quick_super_jump"":0.3,""special_saver"":0.3,""ninja_squid"":true}",hotblaster_custom,22,11,11,5,4,837,"{""ink_saver_main"":1.2,""special_charge_up"":1.2,""ink_saver_sub"":0.3,""comeback"":true,""ninja_squid"":true,""stealth_jump"":true}",sshooter_kou,15,12,3,3,6,1218,"{""ink_saver_sub"":1,""ink_recovery_up"":0.6,""ink_resistance_up"":0.6,""intensify_action"":0.6,""swim_speed_up"":0.6,""quick_super_jump"":0.3,""comeback"":true,""stealth_jump"":true}",liter4k,11,8,3,8,3,782,"{""ink_saver_main"":1,""swim_speed_up"":1,""ink_resistance_up"":0.9,""quick_super_jump"":0.6,""special_power_up"":0.3,""special_saver"":0.3,""sub_power_up"":0.3,""sub_resistance_up"":0.3,""object_shredder"":true}",hokusai_hue,10,8,2,11,3,841,"{""swim_speed_up"":2.8,""sub_power_up"":0.9,""ninja_squid"":true,""stealth_jump"":true}",gold,#1 Score Booster,gold,#1 Super Jump Spot,gold,#1 Turf Inker,
Sizzle Season 2025,2025-06-30T14:00:00+00:00,10.0.1,bankara_challenge,hoko,negitoro,114,alpha,TRUE,,,2371,,100,ba30b0ff,,2270,,0,a0c937ff,,furuido,5,3,2,2,1,521,"{""quick_respawn"":2.2,""swim_speed_up"":1.6,""ink_saver_main"":0.3,""quick_super_jump"":0.3,""run_speed_up"":0.3,""stealth_jump"":true}",prime_frzn,4,4,0,1,2,586,"{""intensify_action"":1,""special_charge_up"":0.9,""ink_resistance_up"":0.6,""run_speed_up"":0.6,""quick_super_jump"":0.3,""special_power_up"":0.3,""comeback"":true,""stealth_jump"":true}",maneuver_collabo,6,5,1,3,1,392,"{""quick_respawn"":1.9,""special_saver"":0.9,""swim_speed_up"":0.6,""quick_super_jump"":0.3,""comeback"":true,""stealth_jump"":true}",promodeler_mg,3,2,1,3,2,872,"{""quick_super_jump"":1.3,""special_power_up"":1.3,""special_charge_up"":0.6,""ink_resistance_up"":0.3,""ink_saver_sub"":0.3,""special_saver"":0.3,""sub_power_up"":0.3,""sub_resistance_up"":0.3,""stealth_jump"":true}",furuido_custom,5,5,0,3,2,587,"{""swim_speed_up"":3.5,""sub_power_up"":1.3,""run_speed_up"":0.9}",momiji,3,2,1,2,2,698,"{""run_speed_up"":1.3,""swim_speed_up"":1.2,""special_saver"":0.6,""ink_saver_sub"":0.3,""special_charge_up"":0.3,""last_ditch_effort"":true,""thermal_ink"":true}",prime_frzn,2,1,1,4,1,463,"{""special_saver"":1.3,""sub_resistance_up"":1,""special_power_up"":0.9,""ink_recovery_up"":0.3,""ink_resistance_up"":0.3,""run_speed_up"":0.3,""comeback"":true}",sputtery_hue,1,1,0,5,1,522,"{""special_charge_up"":1.6,""ink_saver_sub"":0.9,""ink_recovery_up"":0.6,""ink_saver_main"":0.6,""last_ditch_effort"":true,""ninja_squid"":true}",gold,#1 Popular Target,gold,#1 Splat Assister,silver,#1 Checkpoint Breaker,
Sizzle Season 2025,2025-06-30T14:00:00+00:00,10.0.1,bankara_challenge,hoko,sumeshi,316,bravo,FALSE,,,5230,,23,df6624ff,,5264,,43,343bc4ff,,furuido,4,4,0,8,2,1125,"{""quick_respawn"":2.2,""swim_speed_up"":1.6,""ink_saver_main"":0.3,""quick_super_jump"":0.3,""run_speed_up"":0.3,""stealth_jump"":true}",rapid_elite_wntr,8,5,3,5,4,1243,"{""quick_respawn"":1.9,""ink_recovery_up"":1,""intensify_action"":1,""ink_saver_sub"":0.9,""quick_super_jump"":0.6,""sub_power_up"":0.3}",nzap89,8,6,2,6,5,1520,"{""ink_saver_sub"":2.6,""sub_power_up"":1,""swim_speed_up"":0.9,""ink_recovery_up"":0.6,""ink_saver_main"":0.6}",52gal,9,8,1,8,5,1342,"{""swim_speed_up"":2,""intensify_action"":1.2,""ink_recovery_up"":0.6,""quick_respawn"":0.3,""quick_super_jump"":0.3,""special_power_up"":0.3,""stealth_jump"":true}",sshooter,15,14,1,7,4,1357,"{""swim_speed_up"":1.3,""ink_recovery_up"":0.6,""intensify_action"":0.6,""ink_resistance_up"":0.3,""quick_super_jump"":0.3,""special_saver"":0.3,""sub_resistance_up"":0.3,""comeback"":true,""stealth_jump"":true}",screwslosher,8,5,3,4,4,1329,"{""run_speed_up"":1.6,""swim_speed_up"":1.3,""quick_super_jump"":0.9,""ink_saver_main"":0.6,""ink_recovery_up"":0.3,""stealth_jump"":true}",bold,4,2,2,6,5,1508,"{""swim_speed_up"":4.1,""ink_resistance_up"":0.3,""quick_super_jump"":0.3,""stealth_jump"":true}",prime_frzn,7,6,1,6,4,1070,"{""ink_recovery_up"":1.3,""swim_speed_up"":1.3,""special_power_up"":0.9,""ink_saver_main"":0.6,""special_saver"":0.6,""ninja_squid"":true}",silver,First Splat!,silver,#2 Super Jump Spot,silver,#1 Rainmaker Stopper,
Sizzle Season 2025,2025-06-30T14:00:00+00:00,10.0.1,bankara_challenge,hoko,sumeshi,300,alpha,FALSE,,,4128,,95,e38d24ff,,3970,,21,1a1aafff,,sshooter_collabo,7,6,1,6,4,1266,"{""swim_speed_up"":1,""ink_saver_sub"":0.9,""ink_resistance_up"":0.6,""sub_resistance_up"":0.6,""intensify_action"":0.3,""quick_super_jump"":0.3,""comeback"":true,""stealth_jump"":true}",sharp_neo,13,10,3,7,2,1000,"{""swim_speed_up"":4.7,""ninja_squid"":true}",liter4k,10,7,3,3,3,746,"{""ink_saver_main"":1.9,""quick_super_jump"":0.9,""special_saver"":0.9,""last_ditch_effort"":true,""respawn_punisher"":true}",jetsweeper_cobr,9,8,1,7,2,1116,"{""ink_saver_sub"":3.2,""sub_power_up"":1.6,""ink_recovery_up"":0.6,""swim_speed_up"":0.3}",l3reelgun_haku,13,10,3,7,2,1330,"{""special_charge_up"":1.3,""quick_respawn"":1,""swim_speed_up"":1,""ink_saver_sub"":0.6,""sub_power_up"":0.3}",momiji,8,3,5,7,5,1087,"{""swim_speed_up"":2.2,""ink_recovery_up"":1.6,""ink_saver_main"":0.6,""special_charge_up"":0.3,""ninja_squid"":true}",spaceshooter,8,5,3,10,4,767,"{""special_charge_up"":1.9,""run_speed_up"":1,""swim_speed_up"":1,""special_saver"":0.9,""ink_resistance_up"":0.6,""sub_resistance_up"":0.3}",liter4k,6,5,1,7,2,786,"{""special_charge_up"":1.3,""ink_saver_sub"":1,""ink_saver_main"":0.3,""intensify_action"":0.3,""quick_respawn"":0.3,""run_speed_up"":0.3,""sub_resistance_up"":0.3,""swim_speed_up"":0.3,""ninja_squid"":true}",gold,#1 Score Booster,gold,Record-Score Setter,gold,#1 Turf Inker,
Sizzle Season 2025,2025-06-30T14:00:00+00:00,10.0.1,bankara_open,yagura,nampla,81,alpha,TRUE,S+ 9,,1441,,100,a0c937ff,,1170,,0,ba30b0ff,,sshooter,5,4,1,2,1,335,"{""intensify_action"":1.6,""swim_speed_up"":1.5,""quick_super_jump"":0.6,""ninja_squid"":true,""stealth_jump"":true}",hissen_hue,6,4,2,2,2,399,"{""special_charge_up"":1,""special_power_up"":0.9,""swim_speed_up"":0.6,""ink_resistance_up"":0.3,""quick_super_jump"":0.3,""special_saver"":0.3,""sub_power_up"":0.3,""comeback"":true,""stealth_jump"":true}",dynamo,4,3,1,2,1,398,"{""ink_saver_main"":1.9,""swim_speed_up"":0.9,""quick_super_jump"":0.6,""special_saver"":0.3,""comeback"":true,""stealth_jump"":true}",order_shooter_replica,3,3,0,3,1,309,"{""special_charge_up"":1,""ink_resistance_up"":0.9,""intensify_action"":0.6,""special_saver"":0.6,""quick_super_jump"":0.3,""sub_resistance_up"":0.3,""last_ditch_effort"":true,""stealth_jump"":true}",splatroller_collabo,5,5,0,5,0,173,"{""quick_respawn"":1.6,""special_saver"":1.6,""sub_power_up"":1.6,""ink_resistance_up"":0.6,""sub_resistance_up"":0.3}",octoshooter_replica,4,1,3,3,0,361,"{""swim_speed_up"":1.6,""quick_super_jump"":0.9,""intensify_action"":0.6,""ink_resistance_up"":0.3,""sub_resistance_up"":0.3,""last_ditch_effort"":true,""stealth_jump"":true}",jimuwiper_fuu,3,2,1,4,0,315,"{""quick_respawn"":1.6,""ink_saver_main"":0.6,""quick_super_jump"":0.6,""ink_resistance_up"":0.3,""special_saver"":0.3,""sub_resistance_up"":0.3,""comeback"":true,""stealth_jump"":true}",splatscope_collabo,0,0,0,2,1,321,"{""special_charge_up"":1.3,""swim_speed_up"":1.3,""ink_saver_main"":0.9,""quick_super_jump"":0.9,""ink_resistance_up"":0.3,""object_shredder"":true}",gold,#1 Super Jump Spot,gold,Record-Score Setter,gold,#1 Enemy Splatter,
Sizzle Season 2025,2025-06-30T14:00:00+00:00,10.0.1,bankara_open,yagura,masaba,307,bravo,FALSE,,,5366,,55,d0bf08ff,,5471,,76,3a0ccdff,,hokusai_hue,5,4,1,11,5,1209,"{""sub_power_up"":1.3,""special_power_up"":0.6,""special_saver"":0.6,""swim_speed_up"":0.6,""ink_saver_sub"":0.3,""comeback"":true,""ninja_squid"":true}",prime_frzn,16,12,4,10,3,1265,"{""special_charge_up"":1.6,""swim_speed_up"":1,""ink_saver_sub"":0.6,""sub_resistance_up"":0.6,""ink_resistance_up"":0.3,""quick_super_jump"":0.3,""stealth_jump"":true}",order_shooter_replica,10,7,3,3,7,1673,"{""swim_speed_up"":1.6,""intensify_action"":0.9,""ink_resistance_up"":0.6,""quick_super_jump"":0.3,""special_saver"":0.3,""comeback"":true,""stealth_jump"":true}",maneuver,8,6,2,8,3,1219,"{""quick_respawn"":1.6,""quick_super_jump"":0.6,""swim_speed_up"":0.6,""ink_resistance_up"":0.3,""intensify_action"":0.3,""special_saver"":0.3,""comeback"":true,""stealth_jump"":true}",sputtery_hue,15,13,2,9,5,1597,"{""special_power_up"":1.9,""quick_super_jump"":0.6,""intensify_action"":0.3,""quick_respawn"":0.3,""special_saver"":0.3,""sub_resistance_up"":0.3,""comeback"":true,""stealth_jump"":true}",nzap85,6,1,5,7,6,1274,"{""special_charge_up"":1,""swim_speed_up"":0.9,""intensify_action"":0.6,""special_saver"":0.6,""ink_resistance_up"":0.3,""quick_super_jump"":0.3,""comeback"":true,""stealth_jump"":true}",hissen,14,10,4,6,5,1294,"{""swim_speed_up"":1.9,""special_power_up"":1.2,""quick_super_jump"":0.3,""special_saver"":0.3,""ninja_squid"":true,""stealth_jump"":true}",sshooter_kou,12,8,4,7,5,1306,"{""swim_speed_up"":1,""ink_saver_main"":0.6,""special_power_up"":0.6,""sub_power_up"":0.6,""ink_recovery_up"":0.3,""ink_resistance_up"":0.3,""quick_super_jump"":0.3,""comeback"":true,""stealth_jump"":true}",gold,#1 Score Booster,gold,#1 Super Jump Spot,gold,Record-Score Setter,
Sizzle Season 2025,2025-06-30T14:00:00+00:00,10.0.1,bankara_open,yagura,masaba,307,bravo,FALSE,S,,5366,,55,d0bf08ff,,5471,,76,3a0ccdff,,hokusai_hue,5,4,1,11,5,1209,"{""sub_power_up"":1.3,""special_power_up"":0.6,""special_saver"":0.6,""swim_speed_up"":0.6,""ink_saver_sub"":0.3,""comeback"":true,""ninja_squid"":true}",prime_frzn,16,12,4,10,3,1265,"{""special_charge_up"":1.6,""swim_speed_up"":1,""ink_saver_sub"":0.6,""sub_resistance_up"":0.6,""ink_resistance_up"":0.3,""quick_super_jump"":0.3,""stealth_jump"":true}",order_shooter_replica,10,7,3,3,7,1673,"{""swim_speed_up"":1.6,""intensify_action"":0.9,""ink_resistance_up"":0.6,""quick_super_jump"":0.3,""special_saver"":0.3,""comeback"":true,""stealth_jump"":true}",maneuver,8,6,2,8,3,1219,"{""quick_respawn"":1.6,""quick_super_jump"":0.6,""swim_speed_up"":0.6,""ink_resistance_up"":0.3,""intensify_action"":0.3,""special_saver"":0.3,""comeback"":true,""stealth_jump"":true}",sputtery_hue,15,13,2,9,5,1597,"{""special_power_up"":1.9,""quick_super_jump"":0.6,""intensify_action"":0.3,""quick_respawn"":0.3,""special_saver"":0.3,""sub_resistance_up"":0.3,""comeback"":true,""stealth_jump"":true}",nzap85,6,1,5,7,6,1274,"{""special_charge_up"":1,""swim_speed_up"":0.9,""intensify_action"":0.6,""special_saver"":0.6,""ink_resistance_up"":0.3,""quick_super_jump"":0.3,""comeback"":true,""stealth_jump"":true}",hissen,14,10,4,6,5,1294,"{""swim_speed_up"":1.9,""special_power_up"":1.2,""quick_super_jump"":0.3,""special_saver"":0.3,""ninja_squid"":true,""stealth_jump"":true}",sshooter_kou,12,8,4,7,5,1306,"{""swim_speed_up"":1,""ink_saver_main"":0.6,""special_power_up"":0.6,""sub_power_up"":0.6,""ink_recovery_up"":0.3,""ink_resistance_up"":0.3,""quick_super_jump"":0.3,""comeback"":true,""stealth_jump"":true}",gold,#1 Score Booster,gold,#1 Super Jump Spot,gold,Record-Score Setter,
Sizzle Season 2025,2025-06-30T14:00:00+00:00,10.0.1,regular,nawabari,hirame,180,alpha,,,,3116,58.4,,ba30b0ff,,2698,30.3,,a0c937ff,,hissen_hue,8,5,3,2,2,746,"{""swim_speed_up"":1,""special_charge_up"":0.9,""ink_recovery_up"":0.6,""quick_super_jump"":0.6,""ink_resistance_up"":0.3,""sub_resistance_up"":0.3,""last_ditch_effort"":true,""stealth_jump"":true}",pablo,2,2,0,2,5,1053,"{""ink_recovery_up"":1.9,""special_charge_up"":1,""ink_saver_main"":0.9,""ink_saver_sub"":0.3,""quick_super_jump"":0.3,""sub_power_up"":0.3,""drop_roller"":true}",liter4k_scope,4,3,1,0,3,689,"{""special_power_up"":4.5,""special_charge_up"":0.6,""ink_recovery_up"":0.3,""ink_saver_main"":0.3}",liter4k,0,0,0,0,2,628,"{""ink_saver_main"":2.6,""ink_recovery_up"":0.6,""intensify_action"":0.6,""quick_super_jump"":0.3,""sub_resistance_up"":0.3,""swim_speed_up"":0.3,""respawn_punisher"":true}",sharp_neo,0,0,0,2,3,850,"{""swim_speed_up"":1.9,""ink_saver_sub"":1.6,""quick_super_jump"":0.6,""special_charge_up"":0.6,""comeback"":true}",squiclean_a,4,4,0,2,2,725,"{""ink_saver_sub"":2.2,""special_charge_up"":1,""quick_super_jump"":0.6,""special_saver"":0.6,""sub_power_up"":0.3,""stealth_jump"":true}",liter4k_scope,0,0,0,1,2,656,"{""swim_speed_up"":2.3,""special_saver"":0.3,""comeback"":true}",wakaba,0,0,0,5,0,467,"{""ink_saver_sub"":1.9,""ink_resistance_up"":1.6,""special_saver"":1.6,""run_speed_up"":0.3,""special_power_up"":0.3}",gold,#1 Overall Splatter,gold,#1 Enemy-Base Inker,gold,#1 Popular Target,
Sizzle Season 2025,2025-06-30T14:00:00+00:00,10.0.1,bankara_open,yagura,masaba,300,alpha,FALSE,S+ 9,,5207,,84,343bc4ff,,4784,,47,df6624ff,,sshooter,13,11,2,8,3,1191,"{""intensify_action"":1.6,""swim_speed_up"":1.5,""quick_super_jump"":0.6,""ninja_squid"":true,""stealth_jump"":true}",dynamo,12,7,5,4,7,1708,"{""ink_saver_main"":1.9,""swim_speed_up"":0.9,""quick_super_jump"":0.6,""special_saver"":0.3,""comeback"":true,""stealth_jump"":true}",tristringer_tou,12,9,3,8,4,1129,"{""special_power_up"":1,""swim_speed_up"":1,""ink_recovery_up"":0.6,""run_speed_up"":0.6,""ink_resistance_up"":0.3,""ink_saver_main"":0.3,""quick_super_jump"":0.3,""special_charge_up"":0.3,""special_saver"":0.3,""stealth_jump"":true}",maneuver_you,10,7,3,5,4,1179,"{""swim_speed_up"":1.3,""quick_super_jump"":0.6,""special_charge_up"":0.6,""ink_recovery_up"":0.3,""ink_resistance_up"":0.3,""intensify_action"":0.3,""sub_resistance_up"":0.3,""comeback"":true,""stealth_jump"":true}",order_slosher_replica,12,12,0,7,6,1701,"{""quick_respawn"":1.3,""swim_speed_up"":0.9,""quick_super_jump"":0.6,""ink_resistance_up"":0.3,""ink_saver_sub"":0.3,""sub_resistance_up"":0.3,""comeback"":true,""stealth_jump"":true}",liter4k,4,2,2,6,3,891,"{""quick_super_jump"":1.2,""ink_saver_main"":1,""ink_resistance_up"":0.6,""sub_resistance_up"":0.6,""special_charge_up"":0.3,""respawn_punisher"":true,""stealth_jump"":true}",jetsweeper_cobr,5,4,1,9,6,1459,"{""swim_speed_up"":1,""special_saver"":0.9,""ink_resistance_up"":0.6,""intensify_action"":0.6,""quick_super_jump"":0.6,""comeback"":true,""stealth_jump"":true}",splatroller,7,7,0,12,2,733,"{""quick_super_jump"":1.9,""swim_speed_up"":0.9,""ink_saver_sub"":0.3,""special_saver"":0.3,""sub_resistance_up"":0.3,""ninja_squid"":true,""stealth_jump"":true}",silver,#1 Checkpoint Breaker,gold,#1 Overall Splatter,gold,#1 Enemy Splatter,
Sizzle Season 2025,2025-06-30T14:00:00+00:00,10.0.1,bankara_challenge,hoko,negitoro,305,bravo,FALSE,,,4956,,62,df6624ff,,5238,,63,343bc4ff,,furuido,7,5,2,8,3,1345,"{""quick_respawn"":2.2,""swim_speed_up"":1.6,""ink_saver_main"":0.3,""quick_super_jump"":0.3,""run_speed_up"":0.3,""stealth_jump"":true}",prime_frzn,13,12,1,7,4,1217,"{""ink_saver_main"":1.9,""ink_saver_sub"":1.9,""swim_speed_up"":1.9}",variableroller,5,2,3,9,5,1398,"{""quick_respawn"":1.6,""sub_power_up"":0.9,""swim_speed_up"":0.9,""ink_saver_sub"":0.3,""ninja_squid"":true,""stealth_jump"":true}",order_shooter_replica,9,8,1,10,3,996,"{""swim_speed_up"":1.6,""ink_saver_sub"":0.6,""ink_resistance_up"":0.3,""intensify_action"":0.3,""quick_respawn"":0.3,""quick_super_jump"":0.3,""special_charge_up"":0.3,""comeback"":true,""stealth_jump"":true}",sshooter,4,3,1,2,6,1715,"{""ink_saver_sub"":1.9,""special_charge_up"":1.9,""swim_speed_up"":0.9,""comeback"":true}",hissen,17,16,1,8,3,1028,"{""swim_speed_up"":2.2,""special_power_up"":0.9,""ink_saver_sub"":0.6,""ninja_squid"":true,""stealth_jump"":true}",jetsweeper_cobr,7,1,6,8,4,1157,"{""quick_super_jump"":1.3,""ink_resistance_up"":1,""special_charge_up"":0.6,""swim_speed_up"":0.6,""ink_recovery_up"":0.3,""ink_saver_main"":0.3,""run_speed_up"":0.3,""comeback"":true}",maneuver_collabo,12,11,1,11,5,1338,"{""special_charge_up"":1.3,""swim_speed_up"":1.2,""special_saver"":1,""ink_resistance_up"":0.3,""comeback"":true}",gold,#1 Super Jump Spot,silver,First Splat!,silver,#1 Rainmaker Carrier,
Sizzle Season 2025,2025-06-30T14:00:00+00:00,10.0.1,bankara_challenge,hoko,sumeshi,300,bravo,FALSE,,,4174,,16,ba30b0ff,,4276,,71,a0c937ff,,sshooter_collabo,9,8,1,10,3,1227,"{""swim_speed_up"":1,""ink_saver_sub"":0.9,""ink_resistance_up"":0.6,""sub_resistance_up"":0.6,""intensify_action"":0.3,""quick_super_jump"":0.3,""comeback"":true,""stealth_jump"":true}",jetsweeper_cobr,9,8,1,8,3,1193,"{""ink_saver_sub"":3.2,""sub_power_up"":1.6,""ink_recovery_up"":0.6,""swim_speed_up"":0.3}",bold,8,4,4,11,2,966,"{""swim_speed_up"":3.2,""quick_super_jump"":0.6,""ink_resistance_up"":0.3,""special_power_up"":0.3,""special_saver"":0.3,""stealth_jump"":true}",hotblaster_custom,6,5,1,9,3,788,"{""quick_respawn"":1.9,""quick_super_jump"":0.9,""special_saver"":0.9,""comeback"":true,""stealth_jump"":true}",52gal,13,11,2,4,5,1347,"{""swim_speed_up"":1.9,""special_charge_up"":1,""intensify_action"":0.9,""ink_resistance_up"":0.3,""quick_super_jump"":0.3,""special_saver"":0.3,""stealth_jump"":true}",hissen,10,8,2,4,3,877,"{""swim_speed_up"":2.2,""special_power_up"":0.6,""special_saver"":0.6,""special_charge_up"":0.3,""ninja_squid"":true,""stealth_jump"":true}",sshooter,12,11,1,10,2,1027,"{""quick_respawn"":1.3,""ink_saver_sub"":1,""sub_power_up"":0.9,""special_saver"":0.6,""ink_resistance_up"":0.3,""quick_super_jump"":0.3,""run_speed_up"":0.3,""stealth_jump"":true}",longblaster_custom,8,7,1,7,1,1025,"{""swim_speed_up"":1.3,""ink_recovery_up"":0.6,""quick_respawn"":0.3,""special_power_up"":0.3,""special_saver"":0.3,""comeback"":true,""stealth_jump"":true}",gold,#1 Overall Splatter,gold,#1 Enemy Splatter,gold,#1 Turf Inker,
Sizzle Season 2025,2025-06-30T14:00:00+00:00,10.0.1,bankara_open,yagura,nampla,300,bravo,FALSE,,,4388,,52,a0c937ff,,4538,,80,ba30b0ff,,nzap85,12,9,3,10,3,1172,"{""special_charge_up"":1,""swim_speed_up"":0.9,""run_speed_up"":0.6,""ink_resistance_up"":0.3,""quick_super_jump"":0.3,""special_saver"":0.3,""sub_power_up"":0.3,""comeback"":true,""stealth_jump"":true}",wakaba,9,6,3,11,4,1162,"{""ink_saver_sub"":4.5,""sub_power_up"":1.2}",sshooter,7,4,3,8,6,1312,"{""swim_speed_up"":1.9,""intensify_action"":1.3,""run_speed_up"":1.3,""ink_saver_main"":0.9,""special_saver"":0.3}",liter4k_custom,8,7,1,4,3,742,"{""swim_speed_up"":1.2,""ink_saver_main"":0.9,""quick_super_jump"":0.6,""last_ditch_effort"":true,""object_shredder"":true,""respawn_punisher"":true}",pablo,15,11,4,7,4,1245,"{""swim_speed_up"":3.5,""ink_saver_sub"":1.2,""ninja_squid"":true}",maneuver_collabo,13,11,2,7,4,1332,"{""run_speed_up"":1.9,""intensify_action"":1,""quick_respawn"":1,""ink_resistance_up"":0.9,""ink_saver_main"":0.9}",brella24mk2,11,8,3,5,5,955,"{""ink_saver_main"":2.6,""special_power_up"":0.9,""ink_recovery_up"":0.6,""sub_power_up"":0.6,""opening_gambit"":true}",wideroller_waku,4,3,1,7,2,1006,"{""swim_speed_up"":1.3,""quick_respawn"":1,""quick_super_jump"":0.9,""ink_recovery_up"":0.6,""ink_resistance_up"":0.6,""special_charge_up"":0.3,""stealth_jump"":true}",gold,#1 Overall Splatter,gold,#1 Enemy Splatter,gold,#1 Splat Assister,
Sizzle Season 2025,2025-06-30T14:00:00+00:00,10.0.1,regular,nawabari,hirame,180,bravo,,,,2714,31.6,,ba30b0ff,,2999,56.3,,a0c937ff,,bucketslosher,3,2,1,4,1,646,"{""quick_respawn"":1.9,""swim_speed_up"":1.3,""ink_saver_sub"":0.9,""ink_saver_main"":0.3,""quick_super_jump"":0.3,""stealth_jump"":true}",promodeler_sai,0,0,0,6,2,881,"{""run_speed_up"":2,""special_charge_up"":1.9,""ink_saver_main"":0.3,""quick_super_jump"":0.3}",dynamo_tesla,4,4,0,5,2,713,"{""ink_saver_main"":1,""special_saver"":1,""swim_speed_up"":1,""sub_power_up"":0.9,""ink_resistance_up"":0.3,""sub_resistance_up"":0.3}",sblast91,1,1,0,3,1,474,"{""intensify_action"":1,""swim_speed_up"":1,""ink_saver_main"":0.6,""quick_super_jump"":0.6,""sub_resistance_up"":0.6,""ink_resistance_up"":0.3,""ink_saver_sub"":0.3,""run_speed_up"":0.3,""thermal_ink"":true}",tristringer,11,7,4,1,4,1081,"{""run_speed_up"":2.2,""swim_speed_up"":1.6,""ink_saver_main"":0.9,""thermal_ink"":true}",sshooter_collabo,4,2,2,1,3,794,"{""ink_saver_sub"":4.2,""sub_power_up"":1.5}",sshooter,6,6,0,0,2,631,"{""ink_saver_sub"":1.9,""ink_saver_main"":0.9,""ink_resistance_up"":0.3,""quick_super_jump"":0.3,""swim_speed_up"":0.3,""stealth_jump"":true,""thermal_ink"":true}",fincent_brnz,3,2,1,5,1,493,"{""ink_saver_main"":3.5,""swim_speed_up"":1.6,""ink_recovery_up"":0.3,""intensify_action"":0.3}",gold,#1 Super Jump Spot,gold,#1 Popular Target,gold,#1 Splat Assister,
Sizzle Season 2025,2025-06-30T14:00:00+00:00,10.0.1,bankara_open,yagura,nampla,332,bravo,FALSE,,,5821,,91,a0c937ff,,5429,,98,ba30b0ff,,hokusai_hue,5,5,0,9,6,1449,"{""sub_power_up"":1.3,""special_power_up"":0.6,""special_saver"":0.6,""swim_speed_up"":0.6,""ink_saver_sub"":0.3,""comeback"":true,""ninja_squid"":true}",order_shooter_replica,10,7,3,7,7,1568,"{""swim_speed_up"":1.6,""intensify_action"":0.9,""ink_resistance_up"":0.6,""quick_super_jump"":0.3,""special_saver"":0.3,""comeback"":true,""stealth_jump"":true}",tristringer,8,4,4,7,5,1189,"{""run_speed_up"":1.6,""swim_speed_up"":0.9,""quick_super_jump"":0.6,""ink_resistance_up"":0.3,""ink_saver_main"":0.3,""stealth_jump"":true,""thermal_ink"":true}",maneuver,8,7,1,9,6,1615,"{""quick_respawn"":1.6,""quick_super_jump"":0.6,""swim_speed_up"":0.6,""ink_resistance_up"":0.3,""intensify_action"":0.3,""special_saver"":0.3,""comeback"":true,""stealth_jump"":true}",prime_collabo,14,11,3,5,7,1662,"{""special_saver"":1,""swim_speed_up"":1,""ink_resistance_up"":0.6,""ink_saver_main"":0.6,""quick_super_jump"":0.6,""special_power_up"":0.6,""sub_resistance_up"":0.3,""last_ditch_effort"":true}",hydra_atsu,8,4,4,8,5,1006,"{""run_speed_up"":2.6,""swim_speed_up"":0.9,""ink_resistance_up"":0.3,""quick_super_jump"":0.3,""special_saver"":0.3,""sub_resistance_up"":0.3,""object_shredder"":true}",tristringer_tou,13,8,5,5,4,1115,"{""special_charge_up"":1.9,""ink_recovery_up"":1.2,""drop_roller"":true,""respawn_punisher"":true}",pablo_hue,12,8,4,5,8,1646,"{""quick_respawn"":2.5,""quick_super_jump"":0.6,""swim_speed_up"":0.6,""comeback"":true,""stealth_jump"":true}",gold,#1 Super Jump Spot,silver,#1 Ink Storm User,,,
Sizzle Season 2025,2025-06-30T14:00:00+00:00,10.0.1,bankara_open,yagura,nampla,332,bravo,FALSE,S,,5821,,91,a0c937ff,,5429,,98,ba30b0ff,,hokusai_hue,5,5,0,9,6,1449,"{""sub_power_up"":1.3,""special_power_up"":0.6,""special_saver"":0.6,""swim_speed_up"":0.6,""ink_saver_sub"":0.3,""comeback"":true,""ninja_squid"":true}",order_shooter_replica,10,7,3,7,7,1568,"{""swim_speed_up"":1.6,""intensify_action"":0.9,""ink_resistance_up"":0.6,""quick_super_jump"":0.3,""special_saver"":0.3,""comeback"":true,""stealth_jump"":true}",tristringer,8,4,4,7,5,1189,"{""run_speed_up"":1.6,""swim_speed_up"":0.9,""quick_super_jump"":0.6,""ink_resistance_up"":0.3,""ink_saver_main"":0.3,""stealth_jump"":true,""thermal_ink"":true}",maneuver,8,7,1,9,6,1615,"{""quick_respawn"":1.6,""quick_super_jump"":0.6,""swim_speed_up"":0.6,""ink_resistance_up"":0.3,""intensify_action"":0.3,""special_saver"":0.3,""comeback"":true,""stealth_jump"":true}",prime_collabo,14,11,3,5,7,1662,"{""special_saver"":1,""swim_speed_up"":1,""ink_resistance_up"":0.6,""ink_saver_main"":0.6,""quick_super_jump"":0.6,""special_power_up"":0.6,""sub_resistance_up"":0.3,""last_ditch_effort"":true}",hydra_atsu,8,4,4,8,5,1006,"{""run_speed_up"":2.6,""swim_speed_up"":0.9,""ink_resistance_up"":0.3,""quick_super_jump"":0.3,""special_saver"":0.3,""sub_resistance_up"":0.3,""object_shredder"":true}",tristringer_tou,13,8,5,5,4,1115,"{""special_charge_up"":1.9,""ink_recovery_up"":1.2,""drop_roller"":true,""respawn_punisher"":true}",pablo_hue,12,8,4,5,8,1646,"{""quick_respawn"":2.5,""quick_super_jump"":0.6,""swim_speed_up"":0.6,""comeback"":true,""stealth_jump"":true}",gold,#1 Super Jump Spot,silver,#1 Ink Storm User,,,
Sizzle Season 2025,2025-06-30T14:00:00+00:00,10.0.1,bankara_open,yagura,masaba,315,bravo,FALSE,S+ 9,,5781,,53,df6624ff,,6025,,88,343bc4ff,,sshooter,9,8,1,10,4,1239,"{""intensify_action"":1.6,""swim_speed_up"":1.5,""quick_super_jump"":0.6,""ninja_squid"":true,""stealth_jump"":true}",sputtery_owl,10,7,3,7,6,1584,"{""ink_saver_sub"":1,""sub_power_up"":0.9,""ink_resistance_up"":0.6,""special_power_up"":0.6,""quick_super_jump"":0.3,""special_saver"":0.3,""last_ditch_effort"":true,""stealth_jump"":true}",dynamo,9,6,3,12,5,1429,"{""ink_saver_main"":1.9,""swim_speed_up"":0.9,""quick_super_jump"":0.6,""special_saver"":0.3,""comeback"":true,""stealth_jump"":true}",jetsweeper_cobr,2,2,0,10,5,1529,"{""ink_saver_main"":1.3,""ink_resistance_up"":1,""special_saver"":1,""intensify_action"":0.9,""ink_saver_sub"":0.3,""quick_super_jump"":0.3,""special_power_up"":0.3}",squiclean_a,17,11,6,6,4,963,"{""special_charge_up"":1,""quick_respawn"":0.6,""quick_super_jump"":0.6,""swim_speed_up"":0.6,""ink_saver_sub"":0.3,""sub_power_up"":0.3,""sub_resistance_up"":0.3,""comeback"":true,""stealth_jump"":true}",sharp,15,10,5,4,8,2020,"{""swim_speed_up"":1.9,""special_charge_up"":1,""ink_resistance_up"":0.6,""sub_power_up"":0.6,""special_saver"":0.3,""sub_resistance_up"":0.3,""stealth_jump"":true}",dentalwiper_mint,9,7,2,6,5,1471,"{""ink_saver_sub"":2.2,""swim_speed_up"":1,""ink_recovery_up"":0.9,""ink_resistance_up"":0.3,""quick_super_jump"":0.3,""ninja_squid"":true}",prime_frzn,12,11,1,7,6,1571,"{""swim_speed_up"":1,""intensify_action"":0.9,""ink_recovery_up"":0.3,""ink_resistance_up"":0.3,""ink_saver_main"":0.3,""quick_super_jump"":0.3,""special_saver"":0.3,""sub_resistance_up"":0.3,""comeback"":true,""stealth_jump"":true}",silver,#1 Tower Stopper,gold,#1 Enemy Splatter,silver,#1 Trizooka User,
Sizzle Season 2025,2025-06-30T14:00:00+00:00,10.0.1,bankara_challenge,hoko,sumeshi,333,alpha,FALSE,,,5187,,91,343bc4ff,,5138,,78,df6624ff,,sshooter_collabo,14,13,1,6,6,1568,"{""swim_speed_up"":1,""ink_saver_sub"":0.9,""ink_resistance_up"":0.6,""sub_resistance_up"":0.6,""intensify_action"":0.3,""quick_super_jump"":0.3,""comeback"":true,""stealth_jump"":true}",prime_frzn,13,11,2,9,4,1198,"{""swim_speed_up"":1.9,""ink_saver_main"":1.3,""run_speed_up"":0.6,""ink_recovery_up"":0.3,""ink_resistance_up"":0.3,""ink_saver_sub"":0.3,""comeback"":true}",bold,8,7,1,10,6,1356,"{""special_charge_up"":1.9,""special_saver"":1.9,""ink_resistance_up"":0.3,""quick_respawn"":0.3,""swim_speed_up"":0.3,""ninja_squid"":true}",hydra_atsu,3,3,0,8,1,1065,"{""run_speed_up"":2.5,""ink_resistance_up"":1.3,""ink_saver_main"":0.6,""intensify_action"":0.3,""object_shredder"":true}",sharp_neo,18,17,1,7,3,1397,"{""swim_speed_up"":4.7,""ninja_squid"":true}",tristringer_tou,7,3,4,9,6,1387,"{""special_power_up"":2.3,""ink_saver_main"":1.2,""special_charge_up"":1,""ink_resistance_up"":0.6,""special_saver"":0.6}",wideroller_waku,9,6,3,8,3,1272,"{""swim_speed_up"":1.3,""ink_saver_sub"":1,""quick_respawn"":1,""run_speed_up"":0.9,""ink_resistance_up"":0.6,""ink_recovery_up"":0.3,""special_charge_up"":0.3,""sub_resistance_up"":0.3}",sshooter,9,7,2,10,3,1082,"{""swim_speed_up"":3.5,""intensify_action"":0.9,""sub_resistance_up"":0.3,""ninja_squid"":true}",gold,#1 Overall Splatter,gold,#1 Turf Inker,gold,#1 Popular Target,
Sizzle Season 2025,2025-06-30T14:00:00+00:00,10.0.1,bankara_challenge,hoko,negitoro,305,alpha,FALSE,,,4746,,85,cd510aff,,4939,,47,6e04b6ff,,furuido,7,5,2,5,4,1278,"{""quick_respawn"":2.2,""swim_speed_up"":1.6,""ink_saver_main"":0.3,""quick_super_jump"":0.3,""run_speed_up"":0.3,""stealth_jump"":true}",prime_frzn,13,11,2,6,5,1334,"{""ink_saver_main"":1.9,""ink_saver_sub"":1.9,""swim_speed_up"":1.9}",fincent_hue,5,5,0,9,3,950,"{""quick_respawn"":3,""ink_saver_main"":0.6,""special_saver"":0.6,""ink_saver_sub"":0.3,""quick_super_jump"":0.3,""run_speed_up"":0.3,""sub_resistance_up"":0.3,""swim_speed_up"":0.3}",nzap85,12,6,6,6,4,1184,"{""swim_speed_up"":0.9,""ink_resistance_up"":0.3,""intensify_action"":0.3,""quick_super_jump"":0.3,""special_charge_up"":0.3,""special_power_up"":0.3,""sub_resistance_up"":0.3,""comeback"":true,""ninja_squid"":true,""stealth_jump"":true}",bold_neo,8,8,0,10,3,996,"{""sub_power_up"":1.5,""swim_speed_up"":0.9,""quick_super_jump"":0.3,""comeback"":true,""ninja_squid"":true,""stealth_jump"":true}",squiclean_a,10,6,4,7,4,921,"{""special_charge_up"":1.3,""ink_saver_main"":0.6,""special_power_up"":0.6,""quick_super_jump"":0.3,""run_speed_up"":0.3,""sub_resistance_up"":0.3,""swim_speed_up"":0.3,""ninja_squid"":true,""stealth_jump"":true}",furo,9,5,4,6,5,1816,"{""swim_speed_up"":1.3,""ink_saver_main"":1,""special_charge_up"":0.9,""special_power_up"":0.9,""ink_resistance_up"":0.3,""special_saver"":0.3,""object_shredder"":true}",sshooter,8,7,1,6,3,1206,"{""swim_speed_up"":2.2,""intensify_action"":0.9,""quick_super_jump"":0.3,""special_charge_up"":0.3,""ninja_squid"":true,""stealth_jump"":true}",gold,#1 Super Jump Spot,gold,#1 Popular Target,silver,#1 Checkpoint Breaker,
Sizzle Season 2025,2025-06-30T14:00:00+00:00,10.0.1,regular,nawabari,hirame,180,alpha,,,,3002,42.0,,343bc4ff,,2904,38.7,,df6624ff,,bucketslosher,5,5,0,3,1,669,"{""quick_respawn"":1.9,""swim_speed_up"":1.3,""ink_saver_sub"":0.9,""ink_saver_main"":0.3,""quick_super_jump"":0.3,""stealth_jump"":true}",maneuver_collabo,5,4,1,4,3,1053,"{""swim_speed_up"":2.6,""ink_saver_main"":1.8,""ink_resistance_up"":0.3,""comeback"":true}",hydra_atsu,1,1,0,4,1,653,"{""swim_speed_up"":1.6,""run_speed_up"":1,""special_charge_up"":1,""quick_respawn"":0.6,""ink_resistance_up"":0.3,""intensify_action"":0.3,""sub_resistance_up"":0.3}",hissen_hue,6,5,1,4,2,627,"{""special_charge_up"":1.3,""quick_respawn"":1,""special_power_up"":0.9,""swim_speed_up"":0.6,""ink_resistance_up"":0.3,""quick_super_jump"":0.3,""sub_resistance_up"":0.3,""stealth_jump"":true}",lact450,3,3,0,2,3,938,"{""run_speed_up"":2,""special_charge_up"":1.9,""ink_saver_main"":0.3,""quick_super_jump"":0.3}",52gal,6,3,3,4,3,844,"{""swim_speed_up"":1,""intensify_action"":0.9,""ink_recovery_up"":0.6,""sub_resistance_up"":0.6,""ink_resistance_up"":0.3,""special_saver"":0.3,""comeback"":true,""stealth_jump"":true}",bottlegeyser,6,5,1,4,2,629,"{""run_speed_up"":1.8,""ink_saver_main"":1,""special_charge_up"":1,""swim_speed_up"":1,""special_saver"":0.6,""quick_super_jump"":0.3}",sblast91,7,4,3,5,1,493,"{""quick_respawn"":1.6,""quick_super_jump"":0.6,""swim_speed_up"":0.6,""ink_resistance_up"":0.3,""special_saver"":0.3,""sub_resistance_up"":0.3,""comeback"":true,""stealth_jump"":true}",gold,#1 Enemy Splatter,silver,#1 Base Defender,gold,#1 Popular Target,
Sizzle Season 2025,2025-06-30T14:00:00+00:00,10.0.1,bankara_open,yagura,masaba,314,alpha,FALSE,,,4938,,66,6e04b6ff,,4945,,65,cd510aff,,hotblaster,11,8,3,8,2,1028,"{""quick_respawn"":1.6,""swim_speed_up"":0.9,""special_saver"":0.6,""ink_resistance_up"":0.3,""quick_super_jump"":0.3,""comeback"":true,""stealth_jump"":true}",longblaster,17,14,3,8,4,1071,"{""quick_respawn"":1.6,""intensify_action"":0.9,""quick_super_jump"":0.6,""ink_resistance_up"":0.3,""sub_resistance_up"":0.3,""comeback"":true,""stealth_jump"":true}",wideroller_waku,13,10,3,7,2,1344,"{""swim_speed_up"":1.9,""ink_recovery_up"":0.3,""ink_resistance_up"":0.3,""quick_respawn"":0.3,""sub_power_up"":0.3,""ninja_squid"":true,""stealth_jump"":true}",maneuver,8,5,3,7,5,1495,"{""quick_respawn"":2.2,""special_saver"":0.6,""ink_resistance_up"":0.3,""quick_super_jump"":0.3,""sub_resistance_up"":0.3,""comeback"":true,""stealth_jump"":true}",nzap89,14,10,4,12,6,1552,"{""special_charge_up"":4.5,""special_saver"":1.2}",sshooter_collabo,14,12,2,9,5,1299,"{""swim_speed_up"":2.2,""intensify_action"":1,""quick_respawn"":1,""run_speed_up"":0.6,""ink_recovery_up"":0.3,""special_charge_up"":0.3,""special_saver"":0.3}",l3reelgun_haku,8,4,4,8,4,1371,"{""special_power_up"":1.3,""ink_resistance_up"":0.6,""ink_saver_sub"":0.6,""swim_speed_up"":0.6,""quick_super_jump"":0.3,""sub_power_up"":0.3,""comeback"":true,""stealth_jump"":true}",squiclean_a,7,4,3,8,3,723,"{""swim_speed_up"":1.6,""special_saver"":0.6,""ink_recovery_up"":0.3,""intensify_action"":0.3,""quick_super_jump"":0.3,""special_charge_up"":0.3,""sub_resistance_up"":0.3,""ninja_squid"":true,""stealth_jump"":true}",gold,#1 Splat Assister,silver,#1 Damage Taker,silver,#1 Checkpoint Breaker,
Sizzle Season 2025,2025-06-30T14:00:00+00:00,10.0.1,bankara_open,yagura,nampla,307,bravo,FALSE,S+ 9,,5314,,70,cd510aff,,5124,,80,6e04b6ff,,sshooter,9,7,2,6,5,1371,"{""intensify_action"":1.6,""swim_speed_up"":1.5,""quick_super_jump"":0.6,""ninja_squid"":true,""stealth_jump"":true}",dynamo,9,5,4,8,7,1599,"{""ink_saver_main"":1.9,""swim_speed_up"":0.9,""quick_super_jump"":0.6,""special_saver"":0.3,""comeback"":true,""stealth_jump"":true}",liter4k_custom,7,7,0,2,3,977,"{""ink_recovery_up"":1,""sub_power_up"":1,""ink_saver_main"":0.9,""swim_speed_up"":0.9,""quick_super_jump"":0.3,""special_saver"":0.3,""sub_resistance_up"":0.3,""object_shredder"":true}",dualsweeper,5,4,1,6,7,1367,"{""quick_respawn"":1.6,""ink_saver_main"":0.6,""intensify_action"":0.6,""quick_super_jump"":0.6,""ink_recovery_up"":0.3,""opening_gambit"":true,""stealth_jump"":true}",jimuwiper_fuu,10,9,1,4,7,1809,"{""swim_speed_up"":1.6,""quick_respawn"":0.6,""quick_super_jump"":0.6,""ink_saver_main"":0.3,""special_charge_up"":0.3,""special_saver"":0.3,""comeback"":true,""stealth_jump"":true}",campingshelter,4,3,1,7,4,1021,"{""quick_respawn"":1.6,""sub_power_up"":1.6,""ink_saver_main"":0.6,""swim_speed_up"":0.6,""quick_super_jump"":0.3,""stealth_jump"":true}",sharp_neo,3,2,1,5,4,1438,"{""special_charge_up"":1,""ink_recovery_up"":0.6,""special_saver"":0.6,""sub_power_up"":0.6,""swim_speed_up"":0.6,""quick_super_jump"":0.3,""comeback"":true,""stealth_jump"":true}",splatroller,8,8,0,7,2,856,"{""quick_super_jump"":1.2,""swim_speed_up"":1.2,""ink_saver_sub"":1,""ink_resistance_up"":0.3,""ninja_squid"":true,""stealth_jump"":true}",gold,Record-Score Setter,gold,#1 Overall Splatter,gold,#1 Enemy Splatter,
Sizzle Season 2025,2025-06-30T14:00:00+00:00,10.0.1,bankara_open,yagura,nampla,300,bravo,FALSE,S,,4633,,73,ba30b0ff,,4577,,99,a0c937ff,,hokusai_hue,5,3,2,8,5,1155,"{""sub_power_up"":1.3,""special_power_up"":0.6,""special_saver"":0.6,""swim_speed_up"":0.6,""ink_saver_sub"":0.3,""comeback"":true,""ninja_squid"":true}",liter4k_scope_custom,8,8,0,4,3,1085,"{""swim_speed_up"":1.3,""ink_saver_main"":1,""special_power_up"":1,""ink_recovery_up"":0.9,""quick_super_jump"":0.6,""sub_power_up"":0.6,""ink_resistance_up"":0.3}",maneuver,7,4,3,10,4,1201,"{""quick_respawn"":1.6,""quick_super_jump"":0.6,""swim_speed_up"":0.6,""ink_resistance_up"":0.3,""intensify_action"":0.3,""special_saver"":0.3,""comeback"":true,""stealth_jump"":true}",order_shooter_replica,7,6,1,8,4,1192,"{""swim_speed_up"":1.6,""intensify_action"":0.9,""ink_resistance_up"":0.6,""quick_super_jump"":0.3,""special_saver"":0.3,""comeback"":true,""stealth_jump"":true}",52gal_deco,17,15,2,6,3,1337,"{""swim_speed_up"":2.8,""ink_resistance_up"":0.3,""quick_super_jump"":0.3,""sub_resistance_up"":0.3,""ninja_squid"":true,""stealth_jump"":true}",promodeler_mg,5,4,1,6,5,1792,"{""special_power_up"":2.9,""special_charge_up"":1.6,""ink_recovery_up"":0.3,""ink_saver_sub"":0.3,""run_speed_up"":0.3,""special_saver"":0.3}",longblaster,9,8,1,7,3,801,"{""swim_speed_up"":1,""special_power_up"":0.6,""ink_resistance_up"":0.3,""ink_saver_main"":0.3,""ink_saver_sub"":0.3,""intensify_action"":0.3,""quick_super_jump"":0.3,""run_speed_up"":0.3,""special_charge_up"":0.3,""ninja_squid"":true,""stealth_jump"":true}",liter4k_custom,4,3,1,2,3,647,"{""ink_saver_main"":1,""special_power_up"":0.9,""swim_speed_up"":0.9,""quick_super_jump"":0.6,""ink_resistance_up"":0.3,""object_shredder"":true,""respawn_punisher"":true}",gold,#1 Score Booster,gold,#1 Super Jump Spot,silver,#1 Checkpoint Breaker,
Sizzle Season 2025,2025-06-30T14:00:00+00:00,10.0.1,bankara_open,yagura,nampla,300,bravo,FALSE,,,4633,,73,ba30b0ff,,4577,,99,a0c937ff,,hokusai_hue,5,3,2,8,5,1155,"{""sub_power_up"":1.3,""special_power_up"":0.6,""special_saver"":0.6,""swim_speed_up"":0.6,""ink_saver_sub"":0.3,""comeback"":true,""ninja_squid"":true}",liter4k_scope_custom,8,8,0,4,3,1085,"{""swim_speed_up"":1.3,""ink_saver_main"":1,""special_power_up"":1,""ink_recovery_up"":0.9,""quick_super_jump"":0.6,""sub_power_up"":0.6,""ink_resistance_up"":0.3}",maneuver,7,4,3,10,4,1201,"{""quick_respawn"":1.6,""quick_super_jump"":0.6,""swim_speed_up"":0.6,""ink_resistance_up"":0.3,""intensify_action"":0.3,""special_saver"":0.3,""comeback"":true,""stealth_jump"":true}",order_shooter_replica,7,6,1,8,4,1192,"{""swim_speed_up"":1.6,""intensify_action"":0.9,""ink_resistance_up"":0.6,""quick_super_jump"":0.3,""special_saver"":0.3,""comeback"":true,""stealth_jump"":true}",52gal_deco,17,15,2,6,3,1337,"{""swim_speed_up"":2.8,""ink_resistance_up"":0.3,""quick_super_jump"":0.3,""sub_resistance_up"":0.3,""ninja_squid"":true,""stealth_jump"":true}",promodeler_mg,5,4,1,6,5,1792,"{""special_power_up"":2.9,""special_charge_up"":1.6,""ink_recovery_up"":0.3,""ink_saver_sub"":0.3,""run_speed_up"":0.3,""special_saver"":0.3}",longblaster,9,8,1,7,3,801,"{""swim_speed_up"":1,""special_power_up"":0.6,""ink_resistance_up"":0.3,""ink_saver_main"":0.3,""ink_saver_sub"":0.3,""intensify_action"":0.3,""quick_super_jump"":0.3,""run_speed_up"":0.3,""special_charge_up"":0.3,""ninja_squid"":true,""stealth_jump"":true}",liter4k_custom,4,3,1,2,3,647,"{""ink_saver_main"":1,""special_power_up"":0.9,""swim_speed_up"":0.9,""quick_super_jump"":0.6,""ink_resistance_up"":0.3,""object_shredder"":true,""respawn_punisher"":true}",gold,#1 Score Booster,gold,#1 Super Jump Spot,silver,#1 Checkpoint Breaker,
Sizzle Season 2025,2025-06-30T14:00:00+00:00,10.0.1,regular,nawabari,hirame,180,bravo,,,,3009,36.9,,6e04b6ff,,3075,50.3,,cd510aff,,bucketslosher,10,9,1,5,1,697,"{""quick_respawn"":1.9,""swim_speed_up"":1.3,""ink_saver_sub"":0.9,""ink_saver_main"":0.3,""quick_super_jump"":0.3,""stealth_jump"":true}",sshooter_collabo,2,1,1,1,3,854,"{""swim_speed_up"":3.5,""ink_saver_main"":1.9,""ink_saver_sub"":0.3}",hydra_atsu,1,1,0,1,2,770,"{""swim_speed_up"":1.6,""run_speed_up"":1,""special_charge_up"":1,""quick_respawn"":0.6,""ink_resistance_up"":0.3,""intensify_action"":0.3,""sub_resistance_up"":0.3}",tristringer_tou,5,2,3,1,2,688,"{""run_speed_up"":1.3,""special_charge_up"":1,""ink_recovery_up"":0.3,""ink_saver_main"":0.3,""ink_saver_sub"":0.3,""quick_respawn"":0.3,""quick_super_jump"":0.3,""special_power_up"":0.3,""swim_speed_up"":0.3,""drop_roller"":true}",momiji,2,0,2,5,2,827,"{""swim_speed_up"":1.9,""ink_saver_sub"":1.6,""run_speed_up"":0.6,""intensify_action"":0.3,""special_charge_up"":0.3,""ninja_squid"":true}",bold,3,3,0,5,2,813,"{""run_speed_up"":2.3,""swim_speed_up"":1.3,""quick_super_jump"":0.6,""ink_saver_main"":0.3}",fincent_brnz,2,2,0,2,2,763,"{""ink_saver_main"":1.6,""run_speed_up"":1.6,""sub_power_up"":1,""special_power_up"":0.6,""ink_resistance_up"":0.3,""intensify_action"":0.3}",tristringer_tou,4,3,1,1,2,672,"{""run_speed_up"":1.5,""intensify_action"":1,""special_charge_up"":1,""special_power_up"":0.6,""sub_resistance_up"":0.3,""swim_speed_up"":0.3,""drop_roller"":true}",gold,#1 Overall Splatter,gold,#1 Enemy Splatter,gold,#1 Popular Target,
Sizzle Season 2025,2025-06-30T14:00:00+00:00,10.0.1,bankara_challenge,hoko,sumeshi,252,alpha,TRUE,,,4243,,100,3a0ccdff,,3963,,0,d0bf08ff,,furuido,8,6,2,6,1,1132,"{""quick_respawn"":2.2,""swim_speed_up"":1.6,""ink_saver_main"":0.3,""quick_super_jump"":0.3,""run_speed_up"":0.3,""stealth_jump"":true}",prime_collabo,16,13,3,3,2,1089,"{""intensify_action"":1.9,""ink_resistance_up"":0.6,""special_saver"":0.6,""swim_speed_up"":0.6,""comeback"":true,""stealth_jump"":true}",nautilus79,11,11,0,5,3,1035,"{""run_speed_up"":2,""swim_speed_up"":1.9,""ink_resistance_up"":0.6,""intensify_action"":0.6,""quick_super_jump"":0.3,""sub_resistance_up"":0.3}",momiji,9,5,4,4,4,987,"{""ink_saver_sub"":2.2,""intensify_action"":1,""special_saver"":1,""special_charge_up"":0.9,""ink_saver_main"":0.3,""swim_speed_up"":0.3}",bold,10,8,2,8,4,1254,"{""swim_speed_up"":1,""ink_saver_main"":0.9,""special_charge_up"":0.9,""sub_resistance_up"":0.6,""ink_resistance_up"":0.3,""comeback"":true,""stealth_jump"":true}",fincent_hue,8,6,2,9,4,899,"{""quick_respawn"":3,""ink_saver_main"":0.6,""special_saver"":0.6,""ink_saver_sub"":0.3,""quick_super_jump"":0.3,""run_speed_up"":0.3,""sub_resistance_up"":0.3,""swim_speed_up"":0.3}",nzap85,4,2,2,9,2,1002,"{""swim_speed_up"":0.9,""ink_resistance_up"":0.3,""intensify_action"":0.3,""quick_super_jump"":0.3,""special_charge_up"":0.3,""special_power_up"":0.3,""sub_resistance_up"":0.3,""comeback"":true,""ninja_squid"":true,""stealth_jump"":true}",prime_frzn,2,2,0,9,2,808,"{""swim_speed_up"":1,""ink_resistance_up"":0.6,""ink_saver_main"":0.6,""intensify_action"":0.6,""quick_super_jump"":0.6,""special_saver"":0.3,""comeback"":true,""stealth_jump"":true}",gold,#1 Score Booster,gold,#1 Turf Inker,gold,#1 Popular Target,
Sizzle Season 2025,2025-06-30T14:00:00+00:00,10.0.1,bankara_challenge,hoko,sumeshi,77,bravo,TRUE,,,1397,,0,ba30b0ff,,1522,,100,a0c937ff,,sshooter_collabo,1,1,0,3,0,302,"{""swim_speed_up"":1,""ink_saver_sub"":0.9,""ink_resistance_up"":0.6,""sub_resistance_up"":0.6,""intensify_action"":0.3,""quick_super_jump"":0.3,""comeback"":true,""stealth_jump"":true}",prime_frzn,0,0,0,2,1,441,"{""swim_speed_up"":1.9,""ink_saver_main"":1.3,""run_speed_up"":0.6,""ink_recovery_up"":0.3,""ink_resistance_up"":0.3,""ink_saver_sub"":0.3,""comeback"":true}",hydra_atsu,0,0,0,2,1,346,"{""run_speed_up"":2.5,""ink_resistance_up"":1.3,""ink_saver_main"":0.6,""intensify_action"":0.3,""object_shredder"":true}",bold,0,0,0,3,2,308,"{""special_charge_up"":1.9,""special_saver"":1.9,""ink_resistance_up"":0.3,""quick_respawn"":0.3,""swim_speed_up"":0.3,""ninja_squid"":true}",splatcharger,3,3,0,0,1,424,"{""quick_super_jump"":1.9,""swim_speed_up"":1.3,""ink_saver_main"":0.6,""special_charge_up"":0.6,""run_speed_up"":0.3,""stealth_jump"":true}",prime_frzn,5,3,2,0,1,396,"{""ink_saver_main"":1,""swim_speed_up"":1,""quick_respawn"":0.9,""special_power_up"":0.6,""sub_resistance_up"":0.6,""intensify_action"":0.3,""special_saver"":0.3,""comeback"":true}",sshooter_kou,4,3,1,0,1,423,"{""swim_speed_up"":1.6,""intensify_action"":1,""ink_saver_main"":0.6,""ink_saver_sub"":0.6,""quick_respawn"":0.3,""quick_super_jump"":0.3,""special_power_up"":0.3,""stealth_jump"":true}",maneuver_you,4,1,3,1,1,279,"{""quick_respawn"":1.9,""sub_power_up"":1.2,""quick_super_jump"":0.3,""comeback"":true,""stealth_jump"":true}",gold,#1 Overall Splatter,gold,#1 Enemy Splatter,silver,First Splat!,
Sizzle Season 2025,2025-06-30T14:00:00+00:00,10.0.1,bankara_open,yagura,masaba,300,bravo,FALSE,,,4538,,40,1ec0adff,,4294,,45,d74b31ff,,hotblaster,10,7,3,11,2,716,"{""quick_respawn"":1.6,""swim_speed_up"":0.9,""special_saver"":0.6,""ink_resistance_up"":0.3,""quick_super_jump"":0.3,""comeback"":true,""stealth_jump"":true}",bold_neo,8,5,3,6,5,1128,"{""swim_speed_up"":4.1,""quick_respawn"":0.3,""quick_super_jump"":0.3,""ninja_squid"":true}",sshooter_collabo,7,7,0,6,7,1566,"{""ink_saver_sub"":2.9,""special_charge_up"":1.9,""sub_power_up"":0.6,""special_saver"":0.3}",dynamo_tesla,8,7,1,5,4,1128,"{""ink_saver_main"":2.3,""ink_saver_sub"":1,""quick_super_jump"":0.6,""sub_power_up"":0.6,""ink_recovery_up"":0.3,""special_power_up"":0.3}",kelvin525,10,7,3,6,5,1316,"{""ink_recovery_up"":1.6,""swim_speed_up"":1.6,""ink_saver_main"":0.6,""ink_resistance_up"":0.3,""quick_super_jump"":0.3,""special_saver"":0.3,""stealth_jump"":true}",liter4k,7,4,3,2,5,1202,"{""ink_saver_main"":1.9,""swim_speed_up"":1.9,""ink_recovery_up"":1.6,""quick_respawn"":0.3}",order_blaster_replica,11,10,1,10,3,914,"{""ink_saver_sub"":1.9,""run_speed_up"":0.9,""special_charge_up"":0.9,""comeback"":true,""stealth_jump"":true}",sshooter_kou,9,7,2,8,3,862,"{""swim_speed_up"":1.6,""intensify_action"":0.9,""special_power_up"":0.6,""ink_recovery_up"":0.3,""quick_super_jump"":0.3,""opening_gambit"":true,""stealth_jump"":true}",gold,#1 Overall Splatter,gold,#1 Score Booster,gold,Record-Score Setter,
Sizzle Season 2025,2025-06-30T14:00:00+00:00,10.0.1,regular,nawabari,amabi,180,alpha,,,,3211,44.4,,cd510aff,,3179,39.1,,6e04b6ff,,carbon_deco,9,9,0,6,2,703,"{""run_speed_up"":1.3,""swim_speed_up"":1.2,""quick_super_jump"":0.9,""ink_saver_sub"":0.3,""ninja_squid"":true,""stealth_jump"":true}",tristringer_collabo,1,0,1,4,3,1135,"{""intensify_action"":2.9,""ink_saver_main"":1,""quick_super_jump"":0.3,""run_speed_up"":0.3,""sub_power_up"":0.3}",sshooter_kou,3,2,1,4,3,983,"{""quick_super_jump"":1.3,""special_power_up"":1,""quick_respawn"":0.6,""ink_recovery_up"":0.3,""ink_resistance_up"":0.3,""run_speed_up"":0.3,""special_saver"":0.3,""swim_speed_up"":0.3,""tenacity"":true}",wakaba,0,0,0,7,0,390,"{""ink_recovery_up"":1,""quick_respawn"":1,""special_saver"":1,""ink_resistance_up"":0.3,""ink_saver_sub"":0.3,""quick_super_jump"":0.3}",wideroller_waku,13,10,3,4,3,1236,"{""swim_speed_up"":2,""run_speed_up"":1.2,""ink_saver_sub"":1,""special_power_up"":0.6,""ink_recovery_up"":0.3,""special_saver"":0.3,""sub_power_up"":0.3}",tristringer_tou,10,6,4,1,3,966,"{""ink_saver_sub"":1,""swim_speed_up"":0.6,""ink_recovery_up"":0.3,""object_shredder"":true,""thermal_ink"":true}",maneuver_you,4,2,2,2,1,514,"{""ink_saver_main"":1.9,""swim_speed_up"":1.6,""quick_super_jump"":0.6,""ink_recovery_up"":0.3,""ink_resistance_up"":0.3,""stealth_jump"":true}",splatcharger,4,3,1,4,1,463,"{""swim_speed_up"":1.3,""sub_power_up"":1,""ink_saver_main"":0.6,""ink_saver_sub"":0.6,""ink_recovery_up"":0.3,""ink_resistance_up"":0.3,""quick_super_jump"":0.3,""stealth_jump"":true}",gold,#1 Overall Splatter,gold,#1 Enemy Splatter,gold,#1 Popular Target,
Sizzle Season 2025,2025-06-30T14:00:00+00:00,10.0.1,bankara_open,yagura,nampla,230,alpha,TRUE,S+ 18,,3321,,100,6325cdff,,3236,,0,bfcd41ff,,screwslosher_neo,12,8,4,5,4,1015,"{""ink_saver_main"":1.9,""swim_speed_up"":1,""run_speed_up"":0.9,""ink_resistance_up"":0.3,""quick_super_jump"":0.3,""special_saver"":0.3,""stealth_jump"":true}",splatroller,13,9,4,5,3,699,"{""swim_speed_up"":2.5,""quick_super_jump"":0.6,""ink_resistance_up"":0.3,""quick_respawn"":0.3,""ninja_squid"":true,""stealth_jump"":true}",splatcharger,8,7,1,3,2,708,"{""ink_saver_main"":1,""swim_speed_up"":1,""ink_saver_sub"":0.6,""sub_resistance_up"":0.6,""ink_recovery_up"":0.3,""quick_super_jump"":0.3,""special_charge_up"":0.3,""sub_power_up"":0.3,""respawn_punisher"":true}",nautilus47,10,4,6,5,3,899,"{""run_speed_up"":2.5,""swim_speed_up"":1.3,""ink_resistance_up"":0.6,""special_charge_up"":0.3,""stealth_jump"":true}",furo,8,5,3,7,3,1167,"{""ink_saver_main"":2.6,""ink_recovery_up"":0.6,""ink_resistance_up"":0.3,""quick_respawn"":0.3,""run_speed_up"":0.3,""special_saver"":0.3,""swim_speed_up"":0.3,""thermal_ink"":true}",hydra_atsu,7,5,2,7,2,589,"{""run_speed_up"":1.9,""quick_super_jump"":1,""swim_speed_up"":1,""intensify_action"":0.9,""special_charge_up"":0.9}",nzap89,5,4,1,5,4,962,"{""ink_saver_sub"":2.8,""swim_speed_up"":0.9,""ninja_squid"":true,""stealth_jump"":true}",carbon_deco,4,4,0,9,1,518,"{""swim_speed_up"":1.9,""ink_saver_sub"":1.3,""ink_saver_main"":0.3,""intensify_action"":0.3,""quick_respawn"":0.3,""run_speed_up"":0.3,""sub_power_up"":0.3,""ninja_squid"":true}",silver,#1 Ink Consumer,silver,#1 Tower Stopper,gold,#1 Turf Inker,
Sizzle Season 2025,2025-06-30T14:00:00+00:00,10.0.1,bankara_open,yagura,masaba,131,alpha,TRUE,S+ 9,,2652,,100,df6624ff,,2670,,0,343bc4ff,,hotblaster_custom,7,6,1,4,1,466,"{""intensify_action"":1.6,""swim_speed_up"":1.5,""quick_super_jump"":0.6,""ninja_squid"":true,""stealth_jump"":true}",dynamo,8,3,5,3,4,815,"{""ink_saver_main"":1.9,""swim_speed_up"":0.9,""quick_super_jump"":0.6,""special_saver"":0.3,""comeback"":true,""stealth_jump"":true}",dynamo,6,4,2,4,2,703,"{""ink_recovery_up"":1.6,""swim_speed_up"":1.2,""ink_saver_main"":0.3,""special_charge_up"":0.3,""special_saver"":0.3,""comeback"":true,""stealth_jump"":true}",kelvin525,4,3,1,4,2,668,"{""quick_respawn"":2.2,""special_saver"":0.6,""swim_speed_up"":0.6,""quick_super_jump"":0.3,""haunt"":true,""stealth_jump"":true}",hydra,5,3,2,3,1,530,"{""run_speed_up"":2,""swim_speed_up"":0.9,""intensify_action"":0.6,""ink_recovery_up"":0.3,""ink_resistance_up"":0.3,""quick_super_jump"":0.3,""special_saver"":0.3,""stealth_jump"":true}",wideroller_waku,8,7,1,4,2,734,"{""ink_saver_main"":1.6,""ink_saver_sub"":0.6,""special_saver"":0.6,""ink_resistance_up"":0.3,""quick_super_jump"":0.3,""swim_speed_up"":0.3,""last_ditch_effort"":true,""stealth_jump"":true}",momiji,6,3,3,5,3,823,"{""ink_saver_sub"":2,""swim_speed_up"":1.6,""ink_recovery_up"":0.6,""quick_super_jump"":0.6,""run_speed_up"":0.6,""ink_resistance_up"":0.3}",hokusai_hue,5,2,3,4,1,583,"{""sub_power_up"":1.9,""ink_saver_main"":0.6,""swim_speed_up"":0.6,""ink_recovery_up"":0.3,""ink_resistance_up"":0.3,""ninja_squid"":true,""stealth_jump"":true}",gold,#1 Enemy Splatter,silver,#1 Damage Taker,silver,#1 Triple Splashdown User,
Sizzle Season 2025,2025-06-30T14:00:00+00:00,10.0.1,regular,nawabari,hirame,180,alpha,,,,2974,42.1,,e38d24ff,,3125,41.0,,1a1aafff,,bucketslosher,4,3,1,3,1,542,"{""quick_respawn"":1.9,""swim_speed_up"":1.3,""ink_saver_sub"":0.9,""ink_saver_main"":0.3,""quick_super_jump"":0.3,""stealth_jump"":true}",furo,2,1,1,4,2,914,"{""run_speed_up"":2.6,""intensify_action"":1,""ink_saver_main"":0.3,""quick_super_jump"":0.3,""sub_resistance_up"":0.3}",tristringer,2,2,0,0,4,834,"{""swim_speed_up"":1.3,""ink_recovery_up"":1,""special_charge_up"":1,""ink_resistance_up"":0.6,""ink_saver_main"":0.6,""ink_saver_sub"":0.3,""intensify_action"":0.3,""special_power_up"":0.3,""sub_resistance_up"":0.3}",hydra_atsu,2,1,1,2,3,684,"{""ink_saver_main"":2,""run_speed_up"":1,""ink_recovery_up"":0.6,""sub_resistance_up"":0.3}",heroshooter_replica,2,1,1,0,3,805,"{""special_charge_up"":1.9,""special_saver"":1.9,""quick_super_jump"":0.9,""drop_roller"":true}",sshooter,4,4,0,3,2,782,"{""intensify_action"":1,""special_saver"":1,""swim_speed_up"":1,""ink_saver_main"":0.3,""quick_respawn"":0.3,""sub_power_up"":0.3}",hydra_atsu,6,4,2,2,3,778,"{""swim_speed_up"":1.6,""run_speed_up"":1,""special_charge_up"":1,""quick_respawn"":0.6,""ink_resistance_up"":0.3,""intensify_action"":0.3,""sub_resistance_up"":0.3}",tristringer,3,0,3,2,3,760,"{""ink_saver_main"":1.3,""run_speed_up"":1,""swim_speed_up"":1,""ink_resistance_up"":0.6,""ink_saver_sub"":0.6,""intensify_action"":0.3,""quick_super_jump"":0.3,""special_power_up"":0.3,""sub_resistance_up"":0.3}",gold,#1 Overall Splatter,gold,#1 Enemy Splatter,gold,#1 Splat Assister,
Sizzle Season 2025,2025-06-30T14:00:00+00:00,10.0.1,bankara_open,yagura,nampla,298,alpha,TRUE,S+ 9,,4426,,100,6e04b6ff,,4172,,0,cd510aff,,hotblaster_custom,24,15,9,9,5,907,"{""intensify_action"":1.6,""swim_speed_up"":1.5,""quick_super_jump"":0.6,""ninja_squid"":true,""stealth_jump"":true}",dynamo,19,14,5,10,4,1252,"{""ink_recovery_up"":1.6,""swim_speed_up"":1.2,""ink_saver_main"":0.3,""special_charge_up"":0.3,""special_saver"":0.3,""comeback"":true,""stealth_jump"":true}",dynamo,12,9,3,10,5,1235,"{""ink_saver_main"":1.9,""swim_speed_up"":0.9,""quick_super_jump"":0.6,""special_saver"":0.3,""comeback"":true,""stealth_jump"":true}",kelvin525,14,11,3,11,4,1032,"{""quick_respawn"":2.2,""special_saver"":0.6,""swim_speed_up"":0.6,""quick_super_jump"":0.3,""haunt"":true,""stealth_jump"":true}",maneuver_collabo,16,15,1,16,3,1087,"{""quick_respawn"":1.9,""swim_speed_up"":1.9,""ink_resistance_up"":0.3,""intensify_action"":0.3,""quick_super_jump"":0.3,""stealth_jump"":true}",hokusai_sui,14,8,6,10,5,1186,"{""quick_respawn"":1.9,""swim_speed_up"":1,""quick_super_jump"":0.6,""ink_recovery_up"":0.3,""ink_saver_main"":0.3,""special_charge_up"":0.3,""special_saver"":0.3,""stealth_jump"":true}",hissen_hue,11,7,4,9,4,1005,"{""special_charge_up"":1,""quick_respawn"":0.6,""swim_speed_up"":0.6,""ink_recovery_up"":0.3,""ink_saver_sub"":0.3,""special_power_up"":0.3,""sub_power_up"":0.3,""sub_resistance_up"":0.3,""ninja_squid"":true,""stealth_jump"":true}",maneuver_collabo,12,10,2,14,3,894,"{""quick_respawn"":1.9,""swim_speed_up"":0.9,""ink_resistance_up"":0.6,""intensify_action"":0.3,""comeback"":true,""stealth_jump"":true}",gold,#1 Popular Target,gold,#1 Overall Splatter,gold,#1 Enemy Splatter,
Sizzle Season 2025,2025-06-30T14:00:00+00:00,10.0.1,bankara_open,yagura,masaba,304,bravo,FALSE,,,4565,,6,d74b31ff,,4677,,91,1ec0adff,,hotblaster,5,5,0,12,2,980,"{""quick_respawn"":1.6,""swim_speed_up"":0.9,""special_saver"":0.6,""ink_resistance_up"":0.3,""quick_super_jump"":0.3,""comeback"":true,""stealth_jump"":true}",longblaster,8,6,2,8,2,984,"{""special_charge_up"":1.6,""intensify_action"":1,""quick_super_jump"":0.6,""ink_recovery_up"":0.3,""ink_resistance_up"":0.3,""special_saver"":0.3,""sub_resistance_up"":0.3,""swim_speed_up"":0.3,""stealth_jump"":true}",lact450_milk,3,3,0,6,6,1516,"{""ink_saver_sub"":2.9,""special_charge_up"":1.9,""sub_power_up"":0.6,""special_saver"":0.3}",sshooter,6,6,0,11,3,1085,"{""swim_speed_up"":1.3,""intensify_action"":0.6,""run_speed_up"":0.6,""ink_resistance_up"":0.3,""quick_super_jump"":0.3,""special_charge_up"":0.3,""sub_resistance_up"":0.3,""comeback"":true,""stealth_jump"":true}",carbon_deco,17,13,4,5,4,894,"{""ink_saver_main"":1.9,""swim_speed_up"":1.9,""ink_recovery_up"":0.9,""ninja_squid"":true}",sshooter,11,7,4,2,8,1375,"{""swim_speed_up"":2,""intensify_action"":1.8,""special_charge_up"":1.3,""ink_resistance_up"":0.3,""sub_resistance_up"":0.3}",explosher_custom,6,2,4,8,5,1305,"{""ink_saver_main"":1.6,""run_speed_up"":1.3,""special_charge_up"":0.6,""ink_recovery_up"":0.3,""ink_resistance_up"":0.3,""quick_respawn"":0.3,""special_saver"":0.3,""comeback"":true}",sputtery_owl,17,15,2,5,6,1103,"{""ink_saver_sub"":1.6,""sub_power_up"":0.6,""swim_speed_up"":0.6,""ink_resistance_up"":0.3,""intensify_action"":0.3,""quick_super_jump"":0.3,""comeback"":true,""stealth_jump"":true}",gold,#1 Popular Target,silver,#1 Damage Taker,silver,#1 Big Bubbler User,
Sizzle Season 2025,2025-06-30T14:00:00+00:00,10.0.1,regular,nawabari,hirame,180,alpha,,,,2735,48.3,,1a1aafff,,2492,32.1,,e38d24ff,,sshooter,3,3,0,2,1,582,"{""swim_speed_up"":1,""special_charge_up"":0.9,""ink_recovery_up"":0.6,""quick_super_jump"":0.6,""ink_resistance_up"":0.3,""sub_resistance_up"":0.3,""last_ditch_effort"":true,""stealth_jump"":true}",wideroller_waku,2,1,1,1,3,888,"{""ink_saver_sub"":1.3,""run_speed_up"":1,""swim_speed_up"":1,""ink_saver_main"":0.9,""quick_super_jump"":0.3,""special_charge_up"":0.3,""special_power_up"":0.3,""special_saver"":0.3,""sub_resistance_up"":0.3}",hokusai,5,5,0,3,2,677,"{""swim_speed_up"":1.6,""ink_saver_main"":0.9,""ink_resistance_up"":0.3,""quick_super_jump"":0.3,""special_saver"":0.3,""sub_resistance_up"":0.3,""comeback"":true,""ninja_squid"":true}",kugelschreiber,2,1,1,1,2,588,"{""special_power_up"":1.6,""ink_saver_main"":1,""run_speed_up"":0.6,""ink_saver_sub"":0.3,""special_charge_up"":0.3,""sub_power_up"":0.3,""drop_roller"":true}",sshooter,0,0,0,5,2,881,"{""ink_recovery_up"":1.3,""quick_respawn"":1,""special_saver"":1,""ink_resistance_up"":0.3,""ink_saver_sub"":0.3}",rapid_elite_wntr,1,0,1,1,2,611,"{""special_charge_up"":2,""ink_recovery_up"":0.9,""ink_saver_main"":0.6,""ink_resistance_up"":0.3,""quick_super_jump"":0.3,""special_saver"":0.3,""sub_resistance_up"":0.3,""stealth_jump"":true}",splatcharger,4,3,1,3,2,503,"{""ink_saver_main"":1.5,""ink_recovery_up"":0.9,""swim_speed_up"":0.3,""drop_roller"":true,""ninja_squid"":true,""tenacity"":true}",liter4k_custom,4,4,0,1,1,497,"{""run_speed_up"":3.2,""ink_recovery_up"":0.6,""ink_resistance_up"":0.3,""ink_saver_sub"":0.3,""quick_super_jump"":0.3,""object_shredder"":true}",gold,#1 Enemy-Base Inker,silver,#2 Overall Splatter,silver,First Splat!,
Sizzle Season 2025,2025-06-30T14:00:00+00:00,10.0.1,bankara_open,yagura,nampla,300,bravo,FALSE,S+ 1,,4816,,74,cd510aff,,4586,,80,6e04b6ff,,carbon_deco,15,12,3,10,4,754,"{""run_speed_up"":1.3,""swim_speed_up"":1.2,""quick_super_jump"":0.9,""ink_saver_sub"":0.3,""ninja_squid"":true,""stealth_jump"":true}",examiner,6,2,4,7,4,1011,"{""quick_super_jump"":1.3,""special_charge_up"":1.3,""ink_saver_main"":0.6,""quick_respawn"":0.6,""run_speed_up"":0.6,""swim_speed_up"":0.3,""comeback"":true}",promodeler_rg,4,3,1,10,7,1676,"{""ink_recovery_up"":1.3,""special_charge_up"":1.3,""ink_saver_main"":0.9,""swim_speed_up"":0.6,""ink_resistance_up"":0.3,""quick_super_jump"":0.3,""ninja_squid"":true}",sshooter_collabo,10,9,1,10,6,1375,"{""ink_saver_sub"":1.2,""swim_speed_up"":1,""intensify_action"":0.6,""quick_respawn"":0.6,""ink_resistance_up"":0.3,""comeback"":true,""stealth_jump"":true}",kugelschreiber_hue,21,17,4,3,6,1322,"{""run_speed_up"":2.6,""special_charge_up"":0.6,""ink_resistance_up"":0.3,""intensify_action"":0.3,""quick_super_jump"":0.3,""special_power_up"":0.3,""swim_speed_up"":0.3,""stealth_jump"":true}",wakaba,5,4,1,10,3,1190,"{""ink_saver_main"":1,""swim_speed_up"":1,""ink_resistance_up"":0.6,""ink_recovery_up"":0.3,""ink_saver_sub"":0.3,""quick_super_jump"":0.3,""run_speed_up"":0.3,""special_power_up"":0.3,""special_saver"":0.3,""sub_resistance_up"":0.3,""ninja_squid"":true}",lact450_milk,12,8,4,7,2,1118,"{""ink_saver_main"":1.3,""special_charge_up"":1,""ink_recovery_up"":0.9,""swim_speed_up"":0.6,""ink_resistance_up"":0.3,""quick_super_jump"":0.3,""special_saver"":0.3,""stealth_jump"":true}",hydra,10,8,2,6,4,956,"{""ink_recovery_up"":1.9,""run_speed_up"":1.9,""swim_speed_up"":1.9}",gold,#1 Overall Splatter,gold,#1 Enemy Splatter,silver,#1 Checkpoint Breaker,
Sizzle Season 2025,2025-06-30T14:00:00+00:00,10.0.1,bankara_open,yagura,masaba,300,bravo,FALSE,S+ 18,,4737,,78,6325cdff,,5031,,82,bfcd41ff,,screwslosher_neo,13,6,7,9,5,1165,"{""ink_saver_main"":1.9,""swim_speed_up"":1,""run_speed_up"":0.9,""ink_resistance_up"":0.3,""quick_super_jump"":0.3,""special_saver"":0.3,""stealth_jump"":true}",sshooter_kou,15,13,2,12,2,985,"{""swim_speed_up"":1,""intensify_action"":0.6,""special_power_up"":0.6,""ink_resistance_up"":0.3,""quick_super_jump"":0.3,""special_saver"":0.3,""sub_power_up"":0.3,""sub_resistance_up"":0.3,""comeback"":true,""stealth_jump"":true}",liter4k,12,8,4,4,3,1387,"{""swim_speed_up"":1.6,""ink_recovery_up"":0.6,""ink_resistance_up"":0.6,""quick_super_jump"":0.6,""special_power_up"":0.3,""object_shredder"":true,""respawn_punisher"":true}",nautilus47,10,5,5,8,4,1200,"{""run_speed_up"":2.5,""swim_speed_up"":1.3,""ink_resistance_up"":0.6,""special_charge_up"":0.3,""stealth_jump"":true}",furo,18,7,11,6,5,1494,"{""ink_saver_main"":2.3,""quick_super_jump"":0.9,""special_saver"":0.6,""swim_speed_up"":0.6,""ink_resistance_up"":0.3,""thermal_ink"":true}",hydra_atsu,13,12,1,9,2,950,"{""run_speed_up"":3.2,""ink_resistance_up"":0.6,""quick_respawn"":0.3,""quick_super_jump"":0.3,""special_saver"":0.3,""stealth_jump"":true}",furo,6,5,1,10,3,1269,"{""swim_speed_up"":1.6,""ink_saver_main"":1,""run_speed_up"":1,""ink_saver_sub"":0.9,""ink_recovery_up"":0.3,""ink_resistance_up"":0.3,""special_power_up"":0.3,""sub_resistance_up"":0.3}",prime_frzn,11,9,2,7,5,1318,"{""intensify_action"":1.2,""swim_speed_up"":1,""ink_resistance_up"":0.3,""ink_saver_sub"":0.3,""quick_super_jump"":0.3,""run_speed_up"":0.3,""special_charge_up"":0.3,""comeback"":true,""stealth_jump"":true}",gold,#1 Splat Assister,silver,#2 Overall Splatter,silver,#1 Trizooka User,
Sizzle Season 2025,2025-06-30T14:00:00+00:00,10.0.1,regular,nawabari,hirame,180,alpha,,,,2978,54.5,,e38d24ff,,2807,36.4,,1a1aafff,,sshooter,6,5,1,3,2,777,"{""swim_speed_up"":1,""special_charge_up"":0.9,""ink_recovery_up"":0.6,""quick_super_jump"":0.6,""ink_resistance_up"":0.3,""sub_resistance_up"":0.3,""last_ditch_effort"":true,""stealth_jump"":true}",l3reelgun_haku,1,1,0,0,1,849,"{""special_charge_up"":1.6,""ink_saver_sub"":1,""special_saver"":0.6,""ink_resistance_up"":0.3,""quick_super_jump"":0.3,""sub_resistance_up"":0.3,""stealth_jump"":true}",hokusai,4,3,1,3,2,794,"{""swim_speed_up"":1.6,""ink_saver_main"":0.9,""ink_resistance_up"":0.3,""quick_super_jump"":0.3,""special_saver"":0.3,""sub_resistance_up"":0.3,""comeback"":true,""ninja_squid"":true}",maneuver_collabo,4,4,0,6,1,558,"{""quick_respawn"":1.9,""quick_super_jump"":0.9,""special_saver"":0.9,""comeback"":true,""stealth_jump"":true}",jetsweeper_cobr,5,4,1,3,3,952,"{""ink_saver_main"":1.9,""ink_saver_sub"":1.9,""sub_power_up"":0.9,""object_shredder"":true}",liter4k,3,1,2,2,2,784,"{""ink_saver_main"":5.7}",order_wiper_replica,3,3,0,4,1,562,"{""special_power_up"":1.6,""ink_saver_main"":1,""run_speed_up"":0.6,""ink_recovery_up"":0.3,""ink_saver_sub"":0.3,""quick_super_jump"":0.3,""special_charge_up"":0.3,""sub_power_up"":0.3,""drop_roller"":true}",jimuwiper,4,4,0,4,1,509,"{""swim_speed_up"":4.2,""ink_recovery_up"":0.3,""ink_resistance_up"":0.3,""ink_saver_sub"":0.3,""quick_super_jump"":0.3,""sub_resistance_up"":0.3}",gold,#1 Overall Splatter,gold,#1 Enemy Splatter,gold,#1 Splat Assister,
Sizzle Season 2025,2025-06-30T14:00:00+00:00,10.0.1,bankara_open,yagura,nampla,221,bravo,TRUE,S+ 9,,3832,,0,cd510aff,,4085,,100,6e04b6ff,,hotblaster_custom,11,5,6,6,2,529,"{""intensify_action"":1.6,""swim_speed_up"":1.5,""quick_super_jump"":0.6,""ninja_squid"":true,""stealth_jump"":true}",variableroller,10,10,0,5,4,1318,"{""swim_speed_up"":2.5,""ink_saver_main"":0.6,""quick_super_jump"":0.6,""last_ditch_effort"":true,""ninja_squid"":true}",52gal,10,8,2,6,3,951,"{""quick_respawn"":1.3,""intensify_action"":1.2,""swim_speed_up"":0.9,""ink_resistance_up"":0.3,""comeback"":true,""stealth_jump"":true}",dynamo,6,3,3,8,4,1034,"{""ink_saver_main"":1.9,""swim_speed_up"":0.9,""quick_super_jump"":0.6,""special_saver"":0.3,""comeback"":true,""stealth_jump"":true}",hydra_atsu,11,8,3,4,4,1138,"{""run_speed_up"":2.2,""swim_speed_up"":1,""intensify_action"":0.6,""ink_resistance_up"":0.3,""quick_super_jump"":0.3,""special_saver"":0.3,""stealth_jump"":true}",wideroller_waku,7,7,0,6,5,1182,"{""ink_resistance_up"":1,""quick_super_jump"":0.9,""special_saver"":0.9,""swim_speed_up"":0.9,""comeback"":true,""stealth_jump"":true}",dentalwiper_mint,7,3,4,9,2,918,"{""quick_respawn"":4.1,""quick_super_jump"":0.6,""stealth_jump"":true}",hokusai,8,7,1,7,3,847,"{""swim_speed_up"":2.3,""ink_resistance_up"":0.6,""special_charge_up"":0.6,""special_saver"":0.6,""ink_saver_main"":0.3,""ink_saver_sub"":0.3,""stealth_jump"":true}",gold,#1 Super Jump Spot,gold,#1 Overall Splatter,gold,#1 Splat Assister,
Sizzle Season 2025,2025-06-30T14:00:00+00:00,10.0.1,bankara_open,yagura,masaba,300,bravo,FALSE,S+ 18,,4517,,46,6325cdff,,4467,,76,bfcd41ff,,screwslosher_neo,12,9,3,8,6,1402,"{""ink_saver_main"":1.9,""swim_speed_up"":1,""run_speed_up"":0.9,""ink_resistance_up"":0.3,""quick_super_jump"":0.3,""special_saver"":0.3,""stealth_jump"":true}",order_shooter_replica,8,7,1,8,3,1127,"{""swim_speed_up"":2.9,""intensify_action"":0.6,""quick_super_jump"":0.6,""ink_resistance_up"":0.3,""special_saver"":0.3,""stealth_jump"":true}",nautilus47,2,1,1,7,4,1204,"{""run_speed_up"":2.5,""swim_speed_up"":1.3,""ink_resistance_up"":0.6,""special_charge_up"":0.3,""stealth_jump"":true}",parashelter_sorella,2,2,0,10,3,784,"{""quick_respawn"":1.3,""special_saver"":0.9,""quick_super_jump"":0.6,""swim_speed_up"":0.6,""ink_saver_sub"":0.3,""comeback"":true,""drop_roller"":true}",order_spinner_replica,14,9,5,3,6,1423,"{""run_speed_up"":2.6,""intensify_action"":1,""ink_resistance_up"":0.9,""quick_super_jump"":0.6,""swim_speed_up"":0.6}",hydra,9,4,5,5,4,1104,"{""run_speed_up"":2.9,""swim_speed_up"":1.3,""ink_resistance_up"":0.9,""intensify_action"":0.3,""quick_respawn"":0.3}",octoshooter_replica,13,13,0,4,4,1408,"{""swim_speed_up"":2.6,""ink_saver_sub"":0.9,""ink_resistance_up"":0.6,""quick_super_jump"":0.3,""sub_resistance_up"":0.3,""stealth_jump"":true}",liter4k_custom,6,6,0,7,1,532,"{""ink_saver_main"":1.9,""quick_super_jump"":1.9,""swim_speed_up"":0.9,""respawn_punisher"":true}",gold,#1 Super Jump Spot,gold,#1 Overall Splatter,gold,#1 Turf Inker,
Sizzle Season 2025,2025-06-30T14:00:00+00:00,10.0.1,regular,nawabari,amabi,180,bravo,,,,3041,39.3,,3a0ccdff,,3403,49.4,,d0bf08ff,,sshooter,4,3,1,3,2,660,"{""swim_speed_up"":1,""special_charge_up"":0.9,""ink_recovery_up"":0.6,""quick_super_jump"":0.6,""ink_resistance_up"":0.3,""sub_resistance_up"":0.3,""last_ditch_effort"":true,""stealth_jump"":true}",order_stringer_replica,4,3,1,2,3,844,"{""ink_saver_main"":2.3,""special_charge_up"":1.3,""special_power_up"":1.2,""ink_recovery_up"":0.3,""ink_saver_sub"":0.3,""sub_power_up"":0.3}",campingshelter_sorella,3,3,0,3,3,784,"{""sub_power_up"":2.4,""ink_saver_main"":1,""special_charge_up"":1,""swim_speed_up"":1,""ink_resistance_up"":0.3}",liter4k,4,3,1,0,2,753,"{""ink_saver_main"":1,""ink_recovery_up"":0.6,""quick_super_jump"":0.6,""swim_speed_up"":0.6,""ink_resistance_up"":0.3,""quick_respawn"":0.3,""sub_resistance_up"":0.3,""object_shredder"":true,""respawn_punisher"":true}",momiji,2,1,1,1,3,1235,"{""ink_saver_sub"":2.3,""ink_recovery_up"":1.5,""sub_power_up"":1.3,""swim_speed_up"":0.6}",hokusai,4,2,2,3,2,854,"{""swim_speed_up"":1.6,""ink_saver_main"":0.9,""ink_resistance_up"":0.3,""quick_super_jump"":0.3,""special_saver"":0.3,""sub_resistance_up"":0.3,""comeback"":true,""ninja_squid"":true}",squiclean_a,2,2,0,4,1,698,"{""run_speed_up"":2.9,""swim_speed_up"":1.3,""intensify_action"":0.3,""quick_super_jump"":0.3,""special_charge_up"":0.3,""sub_power_up"":0.3,""sub_resistance_up"":0.3}",bucketslosher,3,3,0,4,1,616,"{""swim_speed_up"":3.5,""quick_super_jump"":0.6,""quick_respawn"":0.3,""special_saver"":0.3,""stealth_jump"":true}",gold,#1 Overall Splatter,gold,#1 Enemy Splatter,gold,#1 Splat Assister,
Sizzle Season 2025,2025-06-30T14:00:00+00:00,10.0.1,bankara_open,yagura,masaba,159,bravo,TRUE,S+ 9,,2579,,0,cfb121ff,,2954,,100,9025c6ff,,hotblaster_custom,8,5,3,7,0,369,"{""intensify_action"":1.6,""swim_speed_up"":1.5,""quick_super_jump"":0.6,""ninja_squid"":true,""stealth_jump"":true}",rapid_deco,4,1,3,6,1,492,"{""ink_saver_sub"":1.9,""swim_speed_up"":1.3,""special_power_up"":0.6,""ink_recovery_up"":0.3,""intensify_action"":0.3,""quick_super_jump"":0.3,""stealth_jump"":true}",l3reelgun_haku,5,2,3,6,2,964,"{""special_power_up"":1.3,""intensify_action"":0.6,""run_speed_up"":0.6,""swim_speed_up"":0.6,""ink_resistance_up"":0.3,""quick_super_jump"":0.3,""comeback"":true,""drop_roller"":true}",dynamo,7,6,1,6,2,754,"{""ink_saver_main"":1.9,""swim_speed_up"":0.9,""quick_super_jump"":0.6,""special_saver"":0.3,""comeback"":true,""stealth_jump"":true}",lact450_milk,10,8,2,3,4,876,"{""special_charge_up"":1.3,""swim_speed_up"":1.3,""ink_resistance_up"":0.6,""ink_recovery_up"":0.3,""quick_respawn"":0.3,""quick_super_jump"":0.3,""stealth_jump"":true}",hydra_atsu,7,3,4,4,1,578,"{""run_speed_up"":2.5,""swim_speed_up"":1,""ink_resistance_up"":0.6,""intensify_action"":0.6,""object_shredder"":true}",carbon_deco,11,10,1,5,2,685,"{""quick_super_jump"":0.9,""swim_speed_up"":0.9,""ink_recovery_up"":0.3,""ink_resistance_up"":0.3,""sub_resistance_up"":0.3,""ninja_squid"":true,""opening_gambit"":true,""stealth_jump"":true}",moprin_kaku,7,4,3,2,3,815,"{""special_charge_up"":1,""swim_speed_up"":0.9,""special_saver"":0.6,""ink_resistance_up"":0.3,""ink_saver_main"":0.3,""quick_super_jump"":0.3,""sub_resistance_up"":0.3,""comeback"":true,""stealth_jump"":true}",gold,#1 Overall Splatter,gold,#1 Splat Assister,silver,#1 Tower Stopper,
Sizzle Season 2025,2025-06-30T14:00:00+00:00,10.0.1,bankara_open,yagura,masaba,326,alpha,FALSE,,,4617,,75,a0c937ff,,4730,,50,ba30b0ff,,hotblaster,12,9,3,7,3,1040,"{""quick_respawn"":1.6,""swim_speed_up"":0.9,""special_saver"":0.6,""ink_resistance_up"":0.3,""quick_super_jump"":0.3,""comeback"":true,""stealth_jump"":true}",nova_neo,21,15,6,9,4,865,"{""swim_speed_up"":3.2,""intensify_action"":0.6,""run_speed_up"":0.6,""ink_resistance_up"":0.3,""ninja_squid"":true}",splatspinner_collabo,17,9,8,9,4,1603,"{""run_speed_up"":3.2,""ink_resistance_up"":0.6,""intensify_action"":0.3,""quick_super_jump"":0.3,""special_saver"":0.3,""stealth_jump"":true}",maneuver,14,10,4,7,0,1109,"{""ink_resistance_up"":1.3,""ink_saver_main"":0.6,""intensify_action"":0.6,""run_speed_up"":0.3,""special_saver"":0.3,""sub_resistance_up"":0.3,""comeback"":true,""stealth_jump"":true}",pablo_hue,19,17,2,12,4,1297,"{""swim_speed_up"":2.2,""ink_resistance_up"":0.6,""quick_respawn"":0.3,""special_charge_up"":0.3,""special_saver"":0.3,""comeback"":true,""stealth_jump"":true}",maneuver_collabo,8,5,3,10,5,1348,"{""special_charge_up"":5.7}",drivewiper,8,5,3,15,3,1125,"{""swim_speed_up"":4.8,""special_charge_up"":0.6,""ink_saver_main"":0.3}",liter4k_scope,7,5,2,7,4,960,"{""ink_recovery_up"":1.8,""ink_saver_main"":0.9,""comeback"":true,""object_shredder"":true,""respawn_punisher"":true}",gold,#1 Score Booster,gold,Record-Score Setter,gold,#1 Super Jump Spot,
Sizzle Season 2025,2025-06-30T14:00:00+00:00,10.0.1,regular,nawabari,hirame,180,alpha,,,,3199,55.3,,c43a6eff,,2879,31.8,,1bbfabff,,sshooter,8,7,1,3,2,655,"{""swim_speed_up"":1,""special_charge_up"":0.9,""ink_recovery_up"":0.6,""quick_super_jump"":0.6,""ink_resistance_up"":0.3,""sub_resistance_up"":0.3,""last_ditch_effort"":true,""stealth_jump"":true}",promodeler_rg,2,2,0,2,4,1049,"{""special_charge_up"":4.5,""special_power_up"":0.9,""ink_saver_sub"":0.3}",hissen_ash,1,1,0,3,3,831,"{""swim_speed_up"":1.3,""special_saver"":1.2,""ink_resistance_up"":0.3,""special_charge_up"":0.3,""special_power_up"":0.3,""sub_resistance_up"":0.3,""comeback"":true,""stealth_jump"":true}",hokusai,5,5,0,3,2,664,"{""swim_speed_up"":1.6,""ink_saver_main"":0.9,""ink_resistance_up"":0.3,""quick_super_jump"":0.3,""special_saver"":0.3,""sub_resistance_up"":0.3,""comeback"":true,""ninja_squid"":true}",drivewiper_rust,6,6,0,3,3,1003,"{""special_power_up"":1,""swim_speed_up"":1,""quick_respawn"":0.6,""quick_super_jump"":0.6,""ink_resistance_up"":0.3,""ink_saver_sub"":0.3,""special_charge_up"":0.3,""special_saver"":0.3,""sub_resistance_up"":0.3,""drop_roller"":true}",order_stringer_replica,3,2,1,3,3,768,"{""run_speed_up"":2.5,""ink_saver_main"":1,""swim_speed_up"":1,""ink_resistance_up"":0.9,""sub_resistance_up"":0.3}",dualsweeper_tei,7,2,5,4,2,570,"{""ink_saver_main"":1.9,""special_charge_up"":1.9,""sub_power_up"":1.9}",rapid_elite_wntr,1,1,0,5,2,538,"{""special_charge_up"":2.3,""ink_resistance_up"":0.6,""ink_saver_main"":0.6,""run_speed_up"":0.3,""special_saver"":0.3,""drop_roller"":true}",gold,#1 Overall Splatter,gold,#1 Enemy Splatter,gold,#1 Splat Assister,
Sizzle Season 2025,2025-06-30T14:00:00+00:00,10.0.1,bankara_open,yagura,masaba,300,bravo,FALSE,S+ 18,,4375,,6,e38d24ff,,4934,,76,1a1aafff,,screwslosher_neo,9,6,3,9,4,1098,"{""ink_saver_main"":1.9,""swim_speed_up"":1,""run_speed_up"":0.9,""ink_resistance_up"":0.3,""quick_super_jump"":0.3,""special_saver"":0.3,""stealth_jump"":true}",nautilus79,11,11,0,5,4,1261,"{""run_speed_up"":2.5,""swim_speed_up"":1.3,""ink_resistance_up"":0.6,""special_charge_up"":0.3,""stealth_jump"":true}",tristringer,8,2,6,7,3,894,"{""ink_saver_sub"":1.9,""run_speed_up"":0.9,""intensify_action"":0.3,""special_power_up"":0.3,""swim_speed_up"":0.3,""object_shredder"":true,""thermal_ink"":true}",sshooter_kou,10,5,5,6,5,1122,"{""quick_respawn"":2.2,""ink_resistance_up"":0.3,""quick_super_jump"":0.3,""special_saver"":0.3,""sub_resistance_up"":0.3,""swim_speed_up"":0.3,""comeback"":true,""stealth_jump"":true}",fincent_brnz,16,14,2,6,6,1375,"{""swim_speed_up"":2.7,""special_charge_up"":1,""ninja_squid"":true,""stealth_jump"":true}",wakaba,6,6,0,3,5,1402,"{""ink_saver_sub"":2.9,""sub_power_up"":1.9,""ink_resistance_up"":0.3,""sub_resistance_up"":0.3,""swim_speed_up"":0.3}",dynamo,6,4,2,11,5,1202,"{""swim_speed_up"":1.5,""ink_saver_main"":1,""quick_super_jump"":0.6,""ink_resistance_up"":0.3,""special_saver"":0.3,""comeback"":true,""stealth_jump"":true}",sshooter_kou,3,3,0,5,4,955,"{""swim_speed_up"":1.6,""intensify_action"":0.6,""run_speed_up"":0.6,""special_power_up"":0.6,""quick_super_jump"":0.3,""comeback"":true,""stealth_jump"":true}",silver,#2 Popular Target,silver,#1 Tower Stopper,silver,First Splat!,
Sizzle Season 2025,2025-06-30T14:00:00+00:00,10.0.1,bankara_open,yagura,nampla,307,alpha,FALSE,S+ 9,,4909,,92,e38d24ff,,4556,,42,1a1aafff,,jetsweeper_cobr,11,7,4,8,5,1283,"{""ink_saver_main"":1.6,""intensify_action"":1.6,""special_power_up"":1.3,""ink_recovery_up"":0.6,""ink_resistance_up"":0.3,""quick_super_jump"":0.3}",nautilus47,16,13,3,9,3,1023,"{""run_speed_up"":2.5,""swim_speed_up"":1.6,""ink_resistance_up"":0.3,""quick_super_jump"":0.3,""stealth_jump"":true}",dynamo,14,9,5,11,6,1400,"{""ink_saver_main"":1.9,""swim_speed_up"":0.9,""quick_super_jump"":0.6,""special_saver"":0.3,""comeback"":true,""stealth_jump"":true}",sshooter,13,9,4,6,5,1203,"{""special_charge_up"":1.6,""swim_speed_up"":1,""intensify_action"":0.9,""ink_resistance_up"":0.3,""quick_super_jump"":0.3,""special_saver"":0.3,""sub_resistance_up"":0.3,""stealth_jump"":true}",liter4k,14,11,3,3,5,1105,"{""ink_saver_main"":1.6,""quick_super_jump"":1.3,""special_saver"":0.6,""quick_respawn"":0.3,""sub_power_up"":0.3,""sub_resistance_up"":0.3,""swim_speed_up"":0.3,""object_shredder"":true}",dynamo,10,9,1,12,4,1103,"{""quick_respawn"":1.9,""quick_super_jump"":0.6,""ink_resistance_up"":0.3,""ink_saver_main"":0.3,""sub_resistance_up"":0.3,""swim_speed_up"":0.3,""comeback"":true,""stealth_jump"":true}",prime_frzn,9,8,1,11,5,1339,"{""ink_recovery_up"":1.2,""ink_saver_main"":1,""special_charge_up"":1,""quick_super_jump"":0.9,""intensify_action"":0.3,""sub_power_up"":0.3,""stealth_jump"":true}",bold,8,6,2,12,3,1009,"{""swim_speed_up"":2.6,""ink_saver_sub"":0.6,""ink_resistance_up"":0.3,""ink_saver_main"":0.3,""quick_super_jump"":0.3,""special_charge_up"":0.3,""sub_power_up"":0.3,""drop_roller"":true}",silver,#1 Ink Consumer,gold,#1 Super Jump Spot,silver,#1 Checkpoint Breaker,
Sizzle Season 2025,2025-06-30T14:00:00+00:00,10.0.1,regular,nawabari,hirame,180,bravo,,,,3175,35.3,,cd510aff,,3290,49.1,,6e04b6ff,,sshooter,2,2,0,0,2,679,"{""swim_speed_up"":1,""special_charge_up"":0.9,""ink_recovery_up"":0.6,""quick_super_jump"":0.6,""ink_resistance_up"":0.3,""sub_resistance_up"":0.3,""last_ditch_effort"":true,""stealth_jump"":true}",tristringer_collabo,2,1,1,1,3,924,"{""swim_speed_up"":1.6,""ink_recovery_up"":1.3,""ink_saver_main"":0.6,""ink_resistance_up"":0.3,""quick_super_jump"":0.3,""run_speed_up"":0.3,""special_power_up"":0.3,""thermal_ink"":true}",variableroller,2,2,0,4,2,818,"{""special_power_up"":1.6,""quick_super_jump"":1.3,""ink_resistance_up"":0.6,""intensify_action"":0.3,""quick_respawn"":0.3,""run_speed_up"":0.3,""special_saver"":0.3,""stealth_jump"":true}",campingshelter,3,1,2,2,1,754,"{""intensify_action"":1,""special_saver"":1,""ink_recovery_up"":0.6,""ink_saver_main"":0.6,""run_speed_up"":0.3,""special_power_up"":0.3,""sub_resistance_up"":0.3,""tenacity"":true}",hissen_ash,2,1,1,1,3,889,"{""swim_speed_up"":1.3,""special_saver"":1.2,""ink_resistance_up"":0.3,""special_charge_up"":0.3,""special_power_up"":0.3,""sub_resistance_up"":0.3,""comeback"":true,""stealth_jump"":true}",l3reelgun_haku,3,2,1,3,3,873,"{""ink_saver_main"":1.9,""ink_saver_sub"":1,""special_saver"":1,""quick_super_jump"":0.6,""special_charge_up"":0.6,""ink_resistance_up"":0.3,""run_speed_up"":0.3}",order_stringer_replica,3,3,0,1,3,766,"{""run_speed_up"":2.5,""ink_saver_main"":1,""swim_speed_up"":1,""ink_resistance_up"":0.9,""sub_resistance_up"":0.3}",explosher,1,1,0,1,2,762,"{""intensify_action"":2.6,""sub_power_up"":1,""ink_resistance_up"":0.6,""ink_saver_sub"":0.6,""ink_saver_main"":0.3,""special_power_up"":0.3,""swim_speed_up"":0.3}",gold,#1 Enemy Splatter,silver,#1 Damage Taker,silver,First Splat!,
Sizzle Season 2025,2025-06-30T14:00:00+00:00,10.0.1,bankara_open,yagura,masaba,217,alpha,TRUE,,,3628,,100,1bbfabff,,3410,,0,c43a6eff,,hotblaster,7,4,3,6,2,641,"{""quick_respawn"":1.6,""swim_speed_up"":0.9,""special_saver"":0.6,""ink_resistance_up"":0.3,""quick_super_jump"":0.3,""comeback"":true,""stealth_jump"":true}",carbon_deco,11,8,3,2,5,873,"{""swim_speed_up"":2.2,""ink_saver_sub"":0.9,""ink_saver_main"":0.3,""sub_resistance_up"":0.3,""ninja_squid"":true,""stealth_jump"":true}",bold,7,7,0,4,7,1268,"{""swim_speed_up"":2.3,""quick_super_jump"":1.5,""ink_saver_sub"":0.6,""special_charge_up"":0.3,""stealth_jump"":true}",fincent_hue,9,7,2,6,4,846,"{""special_charge_up"":2.6,""ink_saver_main"":0.6,""ink_recovery_up"":0.3,""ink_resistance_up"":0.3,""quick_super_jump"":0.3,""special_saver"":0.3,""comeback"":true}",nautilus79,7,7,0,7,1,774,"{""run_speed_up"":2.3,""swim_speed_up"":0.9,""quick_super_jump"":0.6,""ink_recovery_up"":0.3,""ink_resistance_up"":0.3,""ink_saver_main"":0.3,""drop_roller"":true}",drivewiper,6,4,2,6,4,1146,"{""swim_speed_up"":2.5,""ink_saver_main"":1,""special_charge_up"":0.9,""ink_resistance_up"":0.3,""ninja_squid"":true}",liter4k,4,4,0,5,2,503,"{""swim_speed_up"":1.9,""ink_saver_main"":1.6,""quick_super_jump"":0.9,""sub_resistance_up"":0.3,""respawn_punisher"":true}",nzap85,5,3,2,8,3,987,"{""ink_saver_sub"":1.2,""quick_super_jump"":1.2,""special_saver"":0.3,""comeback"":true,""respawn_punisher"":true,""stealth_jump"":true}",gold,Record-Score Setter,gold,#1 Super Jump Spot,gold,#1 Splat Assister,
Sizzle Season 2025,2025-06-30T14:00:00+00:00,10.0.1,bankara_open,yagura,masaba,86,alpha,TRUE,S+ 9,,2104,,100,6325cdff,,1771,,0,bfcd41ff,,jetsweeper_cobr,4,3,1,2,2,573,"{""ink_saver_main"":1.6,""intensify_action"":1.6,""special_power_up"":1.3,""ink_recovery_up"":0.6,""ink_resistance_up"":0.3,""quick_super_jump"":0.3}",dynamo,5,3,2,0,2,516,"{""ink_saver_main"":1.9,""swim_speed_up"":0.9,""quick_super_jump"":0.6,""special_saver"":0.3,""comeback"":true,""stealth_jump"":true}",h3reelgun_snak,5,4,1,1,2,592,"{""quick_respawn"":1.9,""swim_speed_up"":0.6,""ink_resistance_up"":0.3,""quick_super_jump"":0.3,""special_saver"":0.3,""sub_resistance_up"":0.3,""comeback"":true,""stealth_jump"":true}",nzap85,5,0,5,2,2,423,"{""special_charge_up"":1,""special_power_up"":1,""ink_resistance_up"":0.6,""quick_super_jump"":0.3,""swim_speed_up"":0.3,""stealth_jump"":true}",52gal,3,2,1,3,1,390,"{""swim_speed_up"":1.6,""intensify_action"":0.9,""ink_resistance_up"":0.3,""quick_super_jump"":0.3,""special_saver"":0.3,""sub_resistance_up"":0.3,""comeback"":true,""stealth_jump"":true}",rpen_5h,1,1,0,2,1,560,"{""ink_saver_main"":2.3,""special_charge_up"":0.9,""special_power_up"":0.6,""ink_resistance_up"":0.3,""quick_super_jump"":0.3,""sub_resistance_up"":0.3,""last_ditch_effort"":true}",sshooter_kou,1,1,0,2,2,400,"{""swim_speed_up"":1,""intensify_action"":0.9,""quick_super_jump"":0.6,""sub_power_up"":0.6,""ink_resistance_up"":0.3,""sub_resistance_up"":0.3,""comeback"":true,""stealth_jump"":true}",prime_collabo,1,1,0,3,1,421,"{""swim_speed_up"":1,""ink_recovery_up"":0.3,""ink_resistance_up"":0.3,""quick_super_jump"":0.3,""special_saver"":0.3,""sub_resistance_up"":0.3,""comeback"":true,""stealth_jump"":true}",gold,Record-Score Setter,silver,First Splat!,silver,#1 Damage Taker,
Sizzle Season 2025,2025-06-30T14:00:00+00:00,10.0.1,bankara_open,yagura,masaba,74,alpha,TRUE,S+ 18,,1549,,100,cd510aff,,1352,,0,6e04b6ff,,screwslosher_neo,11,8,3,1,2,496,"{""ink_saver_main"":1.9,""swim_speed_up"":1,""run_speed_up"":0.9,""ink_resistance_up"":0.3,""quick_super_jump"":0.3,""special_saver"":0.3,""stealth_jump"":true}",nautilus79,3,2,1,1,1,351,"{""run_speed_up"":2.5,""swim_speed_up"":1.3,""ink_resistance_up"":0.6,""special_charge_up"":0.3,""stealth_jump"":true}",maneuver_collabo,2,2,0,1,1,355,"{""ink_recovery_up"":1.6,""ink_saver_main"":1.6,""ink_saver_sub"":0.6,""swim_speed_up"":0.6,""sub_resistance_up"":0.3,""comeback"":true}",sshooter,2,0,2,1,1,347,"{""swim_speed_up"":1.9,""ink_resistance_up"":0.6,""intensify_action"":0.6,""quick_super_jump"":0.3,""run_speed_up"":0.3,""comeback"":true,""stealth_jump"":true}",furuido,3,2,1,3,1,369,"{""special_charge_up"":3.8,""swim_speed_up"":0.9,""ninja_squid"":true}",carbon_deco,3,2,1,3,0,345,"{""swim_speed_up"":1.3,""ink_saver_main"":0.6,""ink_resistance_up"":0.3,""ink_saver_sub"":0.3,""intensify_action"":0.3,""quick_respawn"":0.3,""special_power_up"":0.3,""special_saver"":0.3,""comeback"":true,""stealth_jump"":true}",variableroller_foil,0,0,0,2,1,492,"{""swim_speed_up"":1,""ink_saver_main"":0.6,""sub_power_up"":0.6,""ink_resistance_up"":0.3,""quick_respawn"":0.3,""quick_super_jump"":0.3,""run_speed_up"":0.3,""special_charge_up"":0.3,""ninja_squid"":true,""stealth_jump"":true}",prime_collabo,0,0,0,4,0,146,"{""intensify_action"":1.6,""swim_speed_up"":1,""sub_power_up"":0.9,""ink_resistance_up"":0.6,""quick_super_jump"":0.3,""special_saver"":0.3,""stealth_jump"":true}",gold,Record-Score Setter,gold,#1 Overall Splatter,gold,#1 Turf Inker,
Sizzle Season 2025,2025-06-30T14:00:00+00:00,10.0.1,bankara_open,yagura,masaba,124,bravo,TRUE,S+ 9,,1953,,0,d0bf08ff,,2327,,100,3a0ccdff,,jetsweeper_cobr,3,3,0,3,1,611,"{""ink_saver_main"":1.6,""intensify_action"":1.6,""special_power_up"":1.3,""ink_recovery_up"":0.6,""ink_resistance_up"":0.3,""quick_super_jump"":0.3}",dynamo,1,1,0,5,1,557,"{""ink_saver_main"":1.9,""swim_speed_up"":0.9,""quick_super_jump"":0.6,""special_saver"":0.3,""comeback"":true,""stealth_jump"":true}",carbon_deco,5,5,0,5,1,371,"{""ink_recovery_up"":1.3,""run_speed_up"":1,""sub_resistance_up"":0.6,""quick_respawn"":0.3,""special_power_up"":0.3,""swim_speed_up"":0.3,""respawn_punisher"":true}",sharp,1,1,0,6,1,414,"{""swim_speed_up"":1.5,""special_charge_up"":1,""quick_super_jump"":0.9,""run_speed_up"":0.3,""haunt"":true,""stealth_jump"":true}",liter4k,10,7,3,1,2,527,"{""swim_speed_up"":0.6,""ink_saver_main"":0.3,""intensify_action"":0.3,""quick_super_jump"":0.3,""last_ditch_effort"":true,""object_shredder"":true,""respawn_punisher"":true}",hydra,5,1,4,2,2,432,"{""run_speed_up"":3.5,""ink_resistance_up"":0.6,""quick_super_jump"":0.3,""swim_speed_up"":0.3,""object_shredder"":true}",prime_collabo,4,4,0,2,3,851,"{""swim_speed_up"":1,""ink_saver_sub"":0.9,""intensify_action"":0.9,""ink_resistance_up"":0.3,""quick_super_jump"":0.3,""sub_power_up"":0.3,""last_ditch_effort"":true,""stealth_jump"":true}",hissen_ash,9,7,2,5,1,517,"{""swim_speed_up"":1.8,""quick_super_jump"":0.6,""ink_resistance_up"":0.3,""comeback"":true,""ninja_squid"":true,""stealth_jump"":true}",gold,#1 Popular Target,gold,#1 Super Jump Spot,gold,#1 Turf Inker,
Sizzle Season 2025,2025-06-30T14:00:00+00:00,10.0.1,bankara_open,yagura,masaba,80,alpha,TRUE,S+ 18,,1437,,100,ba30b0ff,,1180,,0,a0c937ff,,screwslosher_neo,10,9,1,0,2,531,"{""ink_saver_main"":1.9,""swim_speed_up"":1,""run_speed_up"":0.9,""ink_resistance_up"":0.3,""quick_super_jump"":0.3,""special_saver"":0.3,""stealth_jump"":true}",rapid_elite_wntr,2,0,2,2,1,279,"{""intensify_action"":2,""swim_speed_up"":1.3,""ink_saver_sub"":0.9,""sub_resistance_up"":0.6,""ink_saver_main"":0.3,""run_speed_up"":0.3,""special_power_up"":0.3}",nautilus79,2,2,0,2,1,173,"{""run_speed_up"":2.5,""swim_speed_up"":1.3,""ink_resistance_up"":0.6,""special_charge_up"":0.3,""stealth_jump"":true}",pablo_hue,5,4,1,3,2,454,"{""swim_speed_up"":1.6,""special_charge_up"":0.9,""special_power_up"":0.6,""quick_super_jump"":0.3,""special_saver"":0.3,""ninja_squid"":true,""stealth_jump"":true}",quadhopper_black,4,0,4,5,0,285,"{""quick_respawn"":1.9,""special_saver"":0.6,""ink_resistance_up"":0.3,""quick_super_jump"":0.3,""special_charge_up"":0.3,""swim_speed_up"":0.3,""comeback"":true,""stealth_jump"":true}",liter4k,3,3,0,2,1,302,"{""swim_speed_up"":1.3,""quick_super_jump"":0.6,""sub_power_up"":0.6,""sub_resistance_up"":0.6,""ink_resistance_up"":0.3,""special_saver"":0.3,""haunt"":true,""stealth_jump"":true}",hissen_ash,2,2,0,4,0,325,"{""ink_saver_sub"":2.5,""swim_speed_up"":2.2,""comeback"":true}",sshooter_collabo,3,2,1,4,0,268,"{""swim_speed_up"":2.8,""ink_recovery_up"":0.3,""special_saver"":0.3,""sub_power_up"":0.3,""ninja_squid"":true,""stealth_jump"":true}",gold,Record-Score Setter,gold,#1 Overall Splatter,gold,#1 Turf Inker,
Sizzle Season 2025,2025-06-30T14:00:00+00:00,10.0.1,bankara_open,yagura,nampla,312,alpha,FALSE,,,4354,,87,ba30b0ff,,4378,,30,a0c937ff,,hotblaster,11,7,4,9,3,822,"{""quick_respawn"":1.6,""swim_speed_up"":0.9,""special_saver"":0.6,""ink_resistance_up"":0.3,""quick_super_jump"":0.3,""comeback"":true,""stealth_jump"":true}",nautilus79,17,11,6,8,2,1038,"{""swim_speed_up"":2.9,""ink_saver_main"":2.8}",momiji,10,9,1,7,6,1518,"{""ink_saver_main"":3.8,""ink_recovery_up"":0.9,""ninja_squid"":true}",liter4k_scope_custom,7,7,0,4,4,976,"{""ink_saver_main"":1.2,""quick_super_jump"":0.9,""sub_resistance_up"":0.6,""last_ditch_effort"":true,""object_shredder"":true,""respawn_punisher"":true}",fincent,18,16,2,9,5,1317,"{""ink_recovery_up"":0.6,""quick_super_jump"":0.6,""swim_speed_up"":0.6,""ink_resistance_up"":0.3,""special_saver"":0.3,""sub_resistance_up"":0.3,""comeback"":true,""ninja_squid"":true,""stealth_jump"":true}",sputtery_owl,4,2,2,8,3,874,"{""ink_saver_sub"":1.3,""ink_saver_main"":1,""intensify_action"":0.6,""quick_respawn"":0.6,""quick_super_jump"":0.3,""run_speed_up"":0.3,""special_charge_up"":0.3,""special_saver"":0.3,""stealth_jump"":true}",quadhopper_white,9,5,4,8,5,1194,"{""quick_respawn"":1.9,""quick_super_jump"":0.6,""special_power_up"":0.6,""ink_resistance_up"":0.3,""special_saver"":0.3,""comeback"":true,""stealth_jump"":true}",campingshelter_sorella,8,5,3,9,3,993,"{""quick_respawn"":1.9,""quick_super_jump"":0.6,""run_speed_up"":0.6,""ink_recovery_up"":0.3,""ink_resistance_up"":0.3,""comeback"":true,""stealth_jump"":true}",silver,#2 Overall Splatter,silver,#1 Big Bubbler User,silver,#2 Splat Assister,
Sizzle Season 2025,2025-06-30T14:00:00+00:00,10.0.1,bankara_open,yagura,masaba,300,bravo,FALSE,S+ 18,,4457,,59,6e04b6ff,,4481,,76,cd510aff,,screwslosher_neo,13,9,4,8,4,1164,"{""ink_saver_main"":1.9,""swim_speed_up"":1,""run_speed_up"":0.9,""ink_resistance_up"":0.3,""quick_super_jump"":0.3,""special_saver"":0.3,""stealth_jump"":true}",nautilus79,9,7,2,6,4,1110,"{""run_speed_up"":2.5,""swim_speed_up"":1.3,""ink_resistance_up"":0.6,""special_charge_up"":0.3,""stealth_jump"":true}",sblast91,10,8,2,7,5,1062,"{""quick_respawn"":1,""ink_saver_sub"":0.9,""special_saver"":0.6,""ink_recovery_up"":0.3,""run_speed_up"":0.3,""special_charge_up"":0.3,""special_power_up"":0.3,""comeback"":true,""stealth_jump"":true}",dynamo,9,6,3,9,3,1121,"{""sub_resistance_up"":1,""ink_recovery_up"":0.6,""ink_resistance_up"":0.3,""ink_saver_sub"":0.3,""intensify_action"":0.3,""quick_respawn"":0.3,""quick_super_jump"":0.3,""sub_power_up"":0.3,""swim_speed_up"":0.3,""comeback"":true,""stealth_jump"":true}",rapid_elite_wntr,14,10,4,5,5,1255,"{""special_charge_up"":1,""swim_speed_up"":1,""intensify_action"":0.9,""ink_saver_main"":0.6,""special_power_up"":0.6,""ink_resistance_up"":0.3,""quick_super_jump"":0.3,""stealth_jump"":true}",liter4k,5,4,1,6,3,844,"{""ink_saver_main"":3.5,""quick_super_jump"":0.3,""special_charge_up"":0.3,""respawn_punisher"":true}",splatroller,12,11,1,10,3,1059,"{""swim_speed_up"":4.7,""drop_roller"":true}",bold,5,5,0,9,6,1323,"{""swim_speed_up"":4.1,""ink_resistance_up"":0.3,""quick_super_jump"":0.3,""stealth_jump"":true}",gold,#1 Popular Target,gold,#1 Overall Splatter,gold,#1 Turf Inker,
Sizzle Season 2025,2025-06-30T14:00:00+00:00,10.0.1,bankara_open,yagura,nampla,120,alpha,TRUE,S+ 9,,2067,,100,cd510aff,,1495,,0,6e04b6ff,,jetsweeper_cobr,6,3,3,5,1,480,"{""ink_saver_main"":1.6,""intensify_action"":1.6,""special_power_up"":1.3,""ink_recovery_up"":0.6,""ink_resistance_up"":0.3,""quick_super_jump"":0.3}",nova_neo,14,12,2,1,3,458,"{""quick_respawn"":1.6,""intensify_action"":0.9,""quick_super_jump"":0.6,""ink_resistance_up"":0.3,""special_saver"":0.3,""comeback"":true,""stealth_jump"":true}",dynamo,1,0,1,2,3,677,"{""ink_saver_main"":1.9,""swim_speed_up"":0.9,""quick_super_jump"":0.6,""special_saver"":0.3,""comeback"":true,""stealth_jump"":true}",order_roller_replica,6,5,1,3,2,452,"{""swim_speed_up"":1.6,""quick_super_jump"":0.9,""ink_resistance_up"":0.6,""ink_saver_sub"":0.6,""ninja_squid"":true,""stealth_jump"":true}",bucketslosher,5,4,1,6,0,463,"{""quick_respawn"":1.9,""special_saver"":0.6,""ink_resistance_up"":0.3,""ink_saver_sub"":0.3,""quick_super_jump"":0.3,""sub_resistance_up"":0.3,""comeback"":true,""stealth_jump"":true}",hydra_atsu,2,2,0,3,1,399,"{""run_speed_up"":2.6,""swim_speed_up"":0.9,""ink_resistance_up"":0.6,""intensify_action"":0.3,""quick_super_jump"":0.3,""object_shredder"":true}",hydra_atsu,6,3,3,5,0,324,"{""run_speed_up"":1,""ink_saver_main"":0.9,""special_charge_up"":0.9,""swim_speed_up"":0.6,""ink_resistance_up"":0.3,""object_shredder"":true,""respawn_punisher"":true}",longblaster,3,2,1,7,0,309,"{""quick_respawn"":1.9,""intensify_action"":0.6,""quick_super_jump"":0.6,""ink_resistance_up"":0.3,""sub_resistance_up"":0.3,""comeback"":true,""stealth_jump"":true}",gold,#1 Splat Assister,silver,#2 Overall Splatter,silver,#1 Triple Splashdown User,
Sizzle Season 2025,2025-06-30T14:00:00+00:00,10.0.1,bankara_open,yagura,masaba,300,alpha,FALSE,S+ 9,,5733,,90,6325cdff,,5911,,54,bfcd41ff,,jetsweeper_cobr,12,9,3,7,4,1462,"{""ink_saver_main"":1.6,""intensify_action"":1.6,""special_power_up"":1.3,""ink_recovery_up"":0.6,""ink_resistance_up"":0.3,""quick_super_jump"":0.3}",examiner,11,4,7,3,6,1242,"{""special_charge_up"":3.7,""run_speed_up"":2}",dynamo,10,5,5,9,6,1692,"{""ink_saver_main"":1.9,""swim_speed_up"":0.9,""quick_super_jump"":0.6,""special_saver"":0.3,""comeback"":true,""stealth_jump"":true}",maneuver_you,9,9,0,7,5,1337,"{""special_charge_up"":1,""swim_speed_up"":0.9,""special_saver"":0.6,""sub_power_up"":0.6,""ink_resistance_up"":0.3,""quick_super_jump"":0.3,""comeback"":true,""stealth_jump"":true}",rapid_elite_wntr,14,6,8,8,5,1438,"{""special_charge_up"":1.3,""swim_speed_up"":1.3,""intensify_action"":0.6,""special_power_up"":0.6,""ink_resistance_up"":0.3,""quick_super_jump"":0.3,""sub_resistance_up"":0.3,""stealth_jump"":true}",bold_neo,12,9,3,4,9,1891,"{""quick_respawn"":2.8,""sub_power_up"":2,""special_saver"":0.6,""ink_recovery_up"":0.3}",52gal,10,8,2,9,5,1325,"{""swim_speed_up"":1.6,""ink_resistance_up"":0.6,""ink_saver_main"":0.6,""ink_recovery_up"":0.3,""quick_super_jump"":0.3,""sub_resistance_up"":0.3,""comeback"":true,""stealth_jump"":true}",tristringer_tou,5,3,2,6,4,1257,"{""swim_speed_up"":1.3,""quick_super_jump"":1.2,""special_charge_up"":0.9,""ink_saver_main"":0.3,""last_ditch_effort"":true,""stealth_jump"":true}",gold,#1 Overall Splatter,silver,#1 Tower Stopper,gold,#1 Enemy Splatter,
Sizzle Season 2025,2025-06-30T14:00:00+00:00,10.0.1,xmatch,asari,chozame,300,bravo,FALSE,,2007.9,4467,,20,df6624ff,,4775,,75,343bc4ff,,quadhopper_black,11,9,2,10,1,1013,"{""quick_respawn"":1.9,""quick_super_jump"":0.6,""swim_speed_up"":0.6,""ink_resistance_up"":0.3,""sub_resistance_up"":0.3,""comeback"":true,""stealth_jump"":true}",dynamo_mei,12,5,7,6,6,1169,"{""special_saver"":1.2,""ink_saver_main"":1,""swim_speed_up"":1,""quick_super_jump"":0.9,""ink_resistance_up"":0.3,""sub_resistance_up"":0.3,""stealth_jump"":true}",sshooter,9,6,3,8,4,1275,"{""swim_speed_up"":2.3,""intensify_action"":0.9,""special_charge_up"":0.6,""ink_resistance_up"":0.3,""quick_super_jump"":0.3,""special_saver"":0.3,""stealth_jump"":true}",clashblaster,14,8,6,8,4,1010,"{""ink_saver_sub"":5.1,""ink_saver_main"":0.3,""intensify_action"":0.3}",nautilus47,23,21,2,5,3,1176,"{""run_speed_up"":1.2,""swim_speed_up"":1,""quick_super_jump"":0.6,""ink_recovery_up"":0.3,""ink_resistance_up"":0.3,""sub_power_up"":0.3,""comeback"":true,""stealth_jump"":true}",wideroller_collabo,8,3,5,8,2,912,"{""swim_speed_up"":1.8,""quick_super_jump"":1,""quick_respawn"":0.9,""ninja_squid"":true,""stealth_jump"":true}",bold,5,4,1,6,4,1166,"{""swim_speed_up"":5.7}",h3reelgun_snak,8,4,4,9,4,1521,"{""swim_speed_up"":1.3,""ink_saver_main"":0.6,""quick_super_jump"":0.6,""ink_recovery_up"":0.3,""ink_resistance_up"":0.3,""special_saver"":0.3,""sub_resistance_up"":0.3,""comeback"":true,""stealth_jump"":true}",gold,#1 Enemy Splatter,silver,#2 Clam Carrier,silver,#1 Reefslider User,
Sizzle Season 2025,2025-06-30T14:00:00+00:00,10.0.1,bankara_open,yagura,nampla,309,bravo,FALSE,,,4080,,77,6e04b6ff,,4065,,79,cd510aff,,hotblaster,16,13,3,11,2,920,"{""quick_respawn"":1.6,""swim_speed_up"":0.9,""special_saver"":0.6,""ink_resistance_up"":0.3,""quick_super_jump"":0.3,""comeback"":true,""stealth_jump"":true}",tristringer_tou,17,9,8,3,5,1240,"{""ink_saver_main"":1.6,""swim_speed_up"":0.9,""ink_resistance_up"":0.6,""intensify_action"":0.3,""quick_super_jump"":0.3,""comeback"":true,""drop_roller"":true}",quadhopper_black,9,7,2,13,2,974,"{""quick_respawn"":3.8,""sub_resistance_up"":1.3,""quick_super_jump"":0.3,""special_charge_up"":0.3}",fincent,14,10,4,13,2,946,"{""swim_speed_up"":3.2,""ink_saver_main"":1.9,""quick_super_jump"":0.3,""sub_power_up"":0.3}",sblast91,19,14,5,14,2,895,"{""swim_speed_up"":1.3,""ink_saver_sub"":1.2,""quick_super_jump"":0.6,""ink_resistance_up"":0.3,""sub_resistance_up"":0.3,""opening_gambit"":true,""stealth_jump"":true}",examiner,16,9,7,7,4,883,"{""run_speed_up"":1.2,""special_power_up"":1,""swim_speed_up"":1,""ink_resistance_up"":0.6,""intensify_action"":0.3,""stealth_jump"":true}",hydra_atsu,9,6,3,8,4,1326,"{""run_speed_up"":1.3,""ink_recovery_up"":1,""swim_speed_up"":0.9,""ink_resistance_up"":0.6,""special_charge_up"":0.6,""ink_saver_main"":0.3,""object_shredder"":true}",carbon_deco,13,11,2,10,3,961,"{""ink_saver_sub"":0.9,""ink_recovery_up"":0.3,""quick_respawn"":0.3,""special_charge_up"":0.3,""swim_speed_up"":0.3,""comeback"":true,""ninja_squid"":true,""stealth_jump"":true}",gold,#1 Enemy Splatter,gold,#1 Popular Target,silver,#1 Checkpoint Breaker,
Sizzle Season 2025,2025-06-30T14:00:00+00:00,10.0.1,bankara_open,yagura,nampla,314,alpha,FALSE,S+ 18,,4965,,37,343bc4ff,,5074,,20,df6624ff,,screwslosher_neo,16,11,5,8,4,1210,"{""ink_saver_main"":1.9,""swim_speed_up"":1,""run_speed_up"":0.9,""ink_resistance_up"":0.3,""quick_super_jump"":0.3,""special_saver"":0.3,""stealth_jump"":true}",nautilus79,8,5,3,9,2,799,"{""run_speed_up"":2.5,""swim_speed_up"":1.3,""ink_resistance_up"":0.6,""special_charge_up"":0.3,""stealth_jump"":true}",fincent_hue,12,10,2,4,6,1343,"{""swim_speed_up"":2.6,""ink_recovery_up"":0.9,""ink_resistance_up"":0.6,""special_charge_up"":0.6,""ninja_squid"":true}",explosher_custom,8,4,4,5,2,1613,"{""ink_saver_main"":1.9,""swim_speed_up"":1.8,""ink_recovery_up"":1,""special_charge_up"":1}",order_stringer_replica,14,11,3,3,7,1462,"{""run_speed_up"":1,""ink_recovery_up"":0.6,""ink_saver_main"":0.6,""special_power_up"":0.6,""ink_resistance_up"":0.3,""ink_saver_sub"":0.3,""quick_super_jump"":0.3,""object_shredder"":true,""thermal_ink"":true}",pablo,10,8,2,7,7,1759,"{""special_power_up"":2.5,""ink_recovery_up"":1.9,""quick_respawn"":0.3,""ninja_squid"":true}",hotblaster_custom,9,5,4,11,2,710,"{""swim_speed_up"":1.6,""intensify_action"":0.6,""ink_recovery_up"":0.3,""ink_resistance_up"":0.3,""quick_super_jump"":0.3,""special_saver"":0.3,""sub_resistance_up"":0.3,""ninja_squid"":true,""stealth_jump"":true}",jetsweeper_cobr,4,2,2,9,3,1143,"{""ink_saver_sub"":2.5,""special_charge_up"":1.3,""sub_power_up"":1,""ink_recovery_up"":0.6,""swim_speed_up"":0.3}",gold,#1 Popular Target,gold,#1 Overall Splatter,gold,#1 Enemy Splatter,
Sizzle Season 2025,2025-06-30T14:00:00+00:00,10.0.1,bankara_open,yagura,nampla,300,bravo,FALSE,S+ 9,,4535,,58,c43a6eff,,4800,,77,1bbfabff,,jetsweeper_cobr,7,4,3,10,2,1107,"{""ink_saver_main"":1.6,""intensify_action"":1.6,""special_power_up"":1.3,""ink_recovery_up"":0.6,""ink_resistance_up"":0.3,""quick_super_jump"":0.3}",hydra_atsu,13,11,2,6,3,835,"{""run_speed_up"":1,""ink_saver_main"":0.9,""special_charge_up"":0.9,""swim_speed_up"":0.6,""ink_resistance_up"":0.3,""object_shredder"":true,""respawn_punisher"":true}",dynamo,12,5,7,4,6,1600,"{""ink_saver_main"":1.9,""swim_speed_up"":0.9,""quick_super_jump"":0.6,""special_saver"":0.3,""comeback"":true,""stealth_jump"":true}",bucketslosher,4,4,0,13,3,993,"{""quick_respawn"":1.9,""special_saver"":0.6,""ink_resistance_up"":0.3,""ink_saver_sub"":0.3,""quick_super_jump"":0.3,""sub_resistance_up"":0.3,""comeback"":true,""stealth_jump"":true}",hydra_custom,12,9,3,5,4,1183,"{""run_speed_up"":3.8,""swim_speed_up"":1.9}",sshooter,9,8,1,5,5,1691,"{""special_charge_up"":2,""special_power_up"":1,""ink_saver_main"":0.9,""ink_saver_sub"":0.9,""swim_speed_up"":0.9}",nova_neo,13,11,2,7,5,1140,"{""swim_speed_up"":1.9,""ink_saver_main"":1,""quick_respawn"":0.9,""intensify_action"":0.3,""quick_super_jump"":0.3,""special_power_up"":0.3,""ninja_squid"":true}",carbon_deco,7,5,2,7,3,786,"{""ink_recovery_up"":1.3,""run_speed_up"":1,""sub_resistance_up"":0.6,""quick_respawn"":0.3,""special_power_up"":0.3,""swim_speed_up"":0.3,""respawn_punisher"":true}",silver,#1 Ink Consumer,gold,Record-Score Setter,silver,#1 Checkpoint Breaker,
Sizzle Season 2025,2025-06-30T14:00:00+00:00,10.0.1,xmatch,asari,chozame,320,bravo,FALSE,,2007.9,4553,,52,6e04b6ff,,5009,,65,cd510aff,,quadhopper_black,15,12,3,10,4,1285,"{""quick_respawn"":1.9,""quick_super_jump"":0.6,""swim_speed_up"":0.6,""ink_resistance_up"":0.3,""sub_resistance_up"":0.3,""comeback"":true,""stealth_jump"":true}",96gal_sou,9,5,4,6,4,1095,"{""special_charge_up"":1.6,""ink_resistance_up"":0.6,""special_saver"":0.6,""ink_saver_main"":0.3,""quick_respawn"":0.3,""quick_super_jump"":0.3,""comeback"":true,""stealth_jump"":true}",pablo,10,8,2,12,5,1083,"{""quick_respawn"":2.8,""quick_super_jump"":0.9,""comeback"":true,""stealth_jump"":true}",52gal,8,6,2,8,3,1090,"{""swim_speed_up"":2.3,""sub_resistance_up"":1.2,""quick_respawn"":0.6,""special_saver"":0.6,""stealth_jump"":true}",bold,11,10,1,4,5,1171,"{""quick_super_jump"":1.3,""swim_speed_up"":1.3,""ink_recovery_up"":1,""ink_saver_main"":0.9,""ink_saver_sub"":0.6,""intensify_action"":0.6}",maneuver,13,12,1,9,3,1182,"{""quick_respawn"":1.3,""swim_speed_up"":0.9,""special_charge_up"":0.6,""ink_resistance_up"":0.3,""quick_super_jump"":0.3,""run_speed_up"":0.3,""opening_gambit"":true,""stealth_jump"":true}",96gal_sou,13,9,4,10,2,965,"{""intensify_action"":1.2,""special_power_up"":1,""ink_resistance_up"":0.3,""quick_respawn"":0.3,""quick_super_jump"":0.3,""special_saver"":0.3,""swim_speed_up"":0.3,""comeback"":true,""stealth_jump"":true}",furo,7,4,3,8,6,1691,"{""special_charge_up"":1.9,""ink_recovery_up"":1.2,""ink_saver_sub"":1,""ink_saver_main"":0.3,""swim_speed_up"":0.3,""last_ditch_effort"":true}",gold,#1 Overall Splatter,gold,#1 Enemy Splatter,gold,#1 Turf Inker,
Sizzle Season 2025,2025-06-30T14:00:00+00:00,10.0.1,bankara_open,yagura,nampla,300,bravo,FALSE,S+ 18,,4194,,22,6e04b6ff,,4316,,75,cd510aff,,screwslosher_neo,8,5,3,9,3,986,"{""ink_saver_main"":1.9,""swim_speed_up"":1,""run_speed_up"":0.9,""ink_resistance_up"":0.3,""quick_super_jump"":0.3,""special_saver"":0.3,""stealth_jump"":true}",prime_frzn,9,7,2,6,2,1359,"{""swim_speed_up"":2.3,""intensify_action"":1.3,""special_power_up"":0.6,""sub_power_up"":0.6,""ink_recovery_up"":0.3,""ink_resistance_up"":0.3,""quick_super_jump"":0.3}",prime_frzn,6,5,1,8,3,1113,"{""swim_speed_up"":1,""intensify_action"":0.9,""ink_resistance_up"":0.6,""ink_recovery_up"":0.3,""ink_saver_main"":0.3,""quick_super_jump"":0.3,""sub_resistance_up"":0.3,""comeback"":true,""stealth_jump"":true}",sshooter,5,3,2,11,1,736,"{""swim_speed_up"":1.6,""intensify_action"":0.9,""ink_resistance_up"":0.6,""quick_respawn"":0.3,""sub_resistance_up"":0.3,""comeback"":true,""stealth_jump"":true}",longblaster_custom,15,11,4,5,4,898,"{""special_charge_up"":1,""swim_speed_up"":1,""ink_saver_main"":0.9,""quick_super_jump"":0.6,""run_speed_up"":0.6,""intensify_action"":0.3,""quick_respawn"":0.3,""comeback"":true}",bold,11,11,0,4,6,1336,"{""swim_speed_up"":3.8,""ink_saver_main"":1.6,""ink_saver_sub"":0.3}",liter4k_scope,11,8,3,4,3,925,"{""ink_saver_main"":1.3,""ink_resistance_up"":0.6,""quick_super_jump"":0.6,""sub_resistance_up"":0.6,""swim_speed_up"":0.6,""object_shredder"":true,""respawn_punisher"":true}",jetsweeper_cobr,6,4,2,7,4,1157,"{""sub_power_up"":1.9,""swim_speed_up"":1,""ink_recovery_up"":0.6,""ink_resistance_up"":0.3,""ink_saver_sub"":0.3,""quick_super_jump"":0.3,""sub_resistance_up"":0.3,""thermal_ink"":true}",gold,#1 Score Booster,gold,Record-Score Setter,gold,#1 Splat Assister,
Sizzle Season 2025,2025-06-30T14:00:00+00:00,10.0.1,bankara_open,yagura,nampla,314,alpha,FALSE,,,4837,,86,cd510aff,,5114,,33,6e04b6ff,,hotblaster,12,9,3,10,3,854,"{""quick_respawn"":1.6,""swim_speed_up"":0.9,""special_saver"":0.6,""ink_resistance_up"":0.3,""quick_super_jump"":0.3,""comeback"":true,""stealth_jump"":true}",clashblaster_neo,15,13,2,6,4,1026,"{""swim_speed_up"":3.5,""sub_resistance_up"":0.6,""ink_resistance_up"":0.3,""ink_saver_sub"":0.3,""ninja_squid"":true}",dynamo,9,4,5,7,6,1304,"{""special_power_up"":1.3,""swim_speed_up"":0.6,""ink_recovery_up"":0.3,""ink_resistance_up"":0.3,""quick_respawn"":0.3,""quick_super_jump"":0.3,""special_charge_up"":0.3,""sub_resistance_up"":0.3,""comeback"":true,""stealth_jump"":true}",tristringer,7,5,2,7,7,1653,"{""swim_speed_up"":2.9,""ink_saver_main"":0.9,""ink_resistance_up"":0.3,""quick_super_jump"":0.3,""sub_resistance_up"":0.3,""haunt"":true}",hotblaster_en,15,13,2,7,3,922,"{""sub_power_up"":1.9,""quick_respawn"":0.6,""quick_super_jump"":0.6,""ink_saver_sub"":0.3,""swim_speed_up"":0.3,""comeback"":true,""stealth_jump"":true}",furo,12,6,6,7,6,1888,"{""ink_saver_main"":2.5,""ink_recovery_up"":2,""swim_speed_up"":0.9,""ink_resistance_up"":0.3}",tristringer_tou,9,6,3,7,2,1067,"{""special_power_up"":1.9,""run_speed_up"":1.2,""ink_recovery_up"":1,""ink_resistance_up"":0.3,""quick_super_jump"":0.3,""last_ditch_effort"":true}",wakaba,7,5,2,10,4,1237,"{""ink_saver_sub"":3.2,""special_charge_up"":1.3,""sub_power_up"":0.6,""ink_recovery_up"":0.3,""sub_resistance_up"":0.3}",gold,Record-Score Setter,gold,#1 Popular Target,silver,#1 Tower Stopper,
Sizzle Season 2025,2025-06-30T14:00:00+00:00,10.0.1,bankara_open,yagura,masaba,114,bravo,TRUE,S+ 9,,1908,,0,d0bf08ff,,2038,,100,3a0ccdff,,jetsweeper_cobr,4,4,0,4,1,588,"{""ink_saver_main"":1.6,""intensify_action"":1.6,""special_power_up"":1.3,""ink_recovery_up"":0.6,""ink_resistance_up"":0.3,""quick_super_jump"":0.3}",dynamo,3,1,2,3,1,541,"{""ink_saver_main"":1.9,""swim_speed_up"":0.9,""quick_super_jump"":0.6,""special_saver"":0.3,""comeback"":true,""stealth_jump"":true}",liter4k_scope,3,3,0,3,1,461,"{""swim_speed_up"":1.6,""ink_resistance_up"":0.6,""quick_super_jump"":0.6,""ink_recovery_up"":0.3,""intensify_action"":0.3,""sub_resistance_up"":0.3,""object_shredder"":true,""respawn_punisher"":true}",octoshooter_replica,0,0,0,6,0,318,"{""swim_speed_up"":1.3,""intensify_action"":0.6,""quick_super_jump"":0.6,""special_saver"":0.6,""ink_resistance_up"":0.3,""sub_resistance_up"":0.3,""comeback"":true,""stealth_jump"":true}",sputtery_owl,6,6,0,1,3,562,"{""swim_speed_up"":2.2,""ink_saver_sub"":1.6,""ink_resistance_up"":0.6,""sub_power_up"":0.3,""stealth_jump"":true}",screwslosher,3,2,1,4,1,479,"{""swim_speed_up"":1.2,""run_speed_up"":1,""ink_recovery_up"":0.3,""ink_resistance_up"":0.3,""ink_saver_main"":0.3,""quick_super_jump"":0.3,""sub_resistance_up"":0.3,""comeback"":true,""stealth_jump"":true}",sshooter_kou,5,4,1,2,2,519,"{""swim_speed_up"":2,""intensify_action"":0.9,""sub_power_up"":0.6,""ink_resistance_up"":0.3,""quick_super_jump"":0.3,""special_saver"":0.3,""sub_resistance_up"":0.3,""stealth_jump"":true}",fincent,5,4,1,1,3,478,"{""quick_respawn"":1.8,""swim_speed_up"":1,""quick_super_jump"":0.9,""ninja_squid"":true,""stealth_jump"":true}",gold,#1 Popular Target,gold,#1 Overall Splatter,gold,#1 Turf Inker,
Sizzle Season 2025,2025-06-30T14:00:00+00:00,10.0.1,bankara_open,yagura,nampla,300,alpha,FALSE,S+ 9,,5209,,48,1ec0adff,,4974,,45,d74b31ff,,jetsweeper_cobr,6,4,2,7,3,1273,"{""ink_saver_main"":1.6,""intensify_action"":1.6,""special_power_up"":1.3,""ink_recovery_up"":0.6,""ink_resistance_up"":0.3,""quick_super_jump"":0.3}",fincent_brnz,14,12,2,12,3,1075,"{""swim_speed_up"":1.2,""ink_recovery_up"":0.3,""ink_resistance_up"":0.3,""quick_super_jump"":0.3,""special_charge_up"":0.3,""sub_resistance_up"":0.3,""comeback"":true,""ninja_squid"":true,""stealth_jump"":true}",promodeler_sai,6,2,4,8,7,1574,"{""swim_speed_up"":1.9,""ink_recovery_up"":1,""ink_resistance_up"":0.6,""special_charge_up"":0.6,""quick_super_jump"":0.3,""special_saver"":0.3,""stealth_jump"":true}",dynamo,12,10,2,9,5,1287,"{""ink_saver_main"":1.9,""swim_speed_up"":0.9,""quick_super_jump"":0.6,""special_saver"":0.3,""comeback"":true,""stealth_jump"":true}",order_shooter_replica,19,15,4,5,6,1565,"{""swim_speed_up"":2,""intensify_action"":0.9,""special_charge_up"":0.9,""ink_recovery_up"":0.3,""ink_resistance_up"":0.3,""sub_resistance_up"":0.3,""stealth_jump"":true}",liter4k_custom,10,10,0,4,3,883,"{""sub_power_up"":5.7}",l3reelgun_haku,12,7,5,10,4,1290,"{""run_speed_up"":1.3,""special_power_up"":1.3,""intensify_action"":0.6,""swim_speed_up"":0.6,""ink_resistance_up"":0.3,""quick_super_jump"":0.3,""special_saver"":0.3,""drop_roller"":true}",screwslosher,9,4,5,9,5,1236,"{""special_charge_up"":1.8,""ink_saver_main"":1,""swim_speed_up"":1,""ink_resistance_up"":0.3,""ink_saver_sub"":0.3,""special_saver"":0.3,""stealth_jump"":true}",silver,#1 Ink Consumer,gold,#1 Score Booster,silver,#1 Checkpoint Breaker,
Sizzle Season 2025,2025-06-30T14:00:00+00:00,10.0.1,bankara_open,yagura,masaba,300,bravo,FALSE,S+ 18,,4529,,63,3a0ccdff,,4340,,73,d0bf08ff,,screwslosher_neo,12,8,4,7,4,1216,"{""ink_saver_main"":1.9,""swim_speed_up"":1,""run_speed_up"":0.9,""ink_resistance_up"":0.3,""quick_super_jump"":0.3,""special_saver"":0.3,""stealth_jump"":true}",tristringer,14,5,9,4,7,1320,"{""special_charge_up"":1.6,""ink_saver_sub"":1,""swim_speed_up"":1,""run_speed_up"":0.9,""quick_super_jump"":0.3,""special_power_up"":0.3,""sub_power_up"":0.3}",rapid_elite_wntr,10,9,1,8,3,980,"{""swim_speed_up"":1.6,""intensify_action"":0.9,""quick_super_jump"":0.6,""special_charge_up"":0.6,""last_ditch_effort"":true,""stealth_jump"":true}",sshooter,7,6,1,8,3,1013,"{""swim_speed_up"":1.6,""intensify_action"":0.9,""ink_resistance_up"":0.6,""quick_respawn"":0.3,""sub_resistance_up"":0.3,""comeback"":true,""stealth_jump"":true}",hydra_atsu,8,7,1,8,3,1055,"{""run_speed_up"":1.6,""special_power_up"":1.3,""quick_super_jump"":1,""ink_saver_main"":0.9,""intensify_action"":0.6,""sub_power_up"":0.3}",sshooter,11,11,0,6,6,1237,"{""swim_speed_up"":1.6,""intensify_action"":0.9,""ink_resistance_up"":0.6,""quick_super_jump"":0.3,""sub_resistance_up"":0.3,""comeback"":true,""stealth_jump"":true}",sshooter_collabo,9,4,5,8,5,1332,"{""ink_saver_sub"":1.9,""swim_speed_up"":1,""intensify_action"":0.6,""ink_resistance_up"":0.3,""quick_super_jump"":0.3,""special_saver"":0.3,""sub_resistance_up"":0.3,""stealth_jump"":true}",bold_neo,6,5,1,6,4,716,"{""sub_power_up"":1.6,""ink_saver_main"":1.3,""swim_speed_up"":1.3,""ink_resistance_up"":0.6,""quick_super_jump"":0.3,""special_charge_up"":0.3,""special_power_up"":0.3}",gold,#1 Super Jump Spot,silver,#2 Overall Splatter,silver,#1 Trizooka User,
Sizzle Season 2025,2025-06-30T14:00:00+00:00,10.0.1,xmatch,asari,manta,322,alpha,FALSE,,2007.9,5039,,70,bfcd41ff,,4984,,32,6325cdff,,quadhopper_black,15,12,3,11,2,1110,"{""quick_respawn"":1.9,""quick_super_jump"":0.6,""swim_speed_up"":0.6,""ink_resistance_up"":0.3,""sub_resistance_up"":0.3,""comeback"":true,""stealth_jump"":true}",momiji,15,7,8,2,7,1884,"{""ink_saver_sub"":1.9,""ink_recovery_up"":1.6,""special_charge_up"":0.9,""sub_power_up"":0.3,""stealth_jump"":true}",order_roller_replica,14,12,2,6,3,1200,"{""swim_speed_up"":1,""quick_super_jump"":0.9,""ink_recovery_up"":0.6,""sub_resistance_up"":0.6,""ink_resistance_up"":0.3,""special_saver"":0.3,""ninja_squid"":true,""stealth_jump"":true}",longblaster,12,6,6,7,2,845,"{""intensify_action"":1,""ink_saver_main"":0.9,""ink_resistance_up"":0.6,""quick_super_jump"":0.6,""sub_resistance_up"":0.6,""comeback"":true,""stealth_jump"":true}",splatroller,12,12,0,8,3,1087,"{""quick_super_jump"":1.3,""swim_speed_up"":0.9,""sub_resistance_up"":0.6,""ink_resistance_up"":0.3,""ink_saver_main"":0.3,""ink_saver_sub"":0.3,""ninja_squid"":true,""stealth_jump"":true}",dualsweeper,3,3,0,8,5,1305,"{""ink_saver_main"":1.6,""run_speed_up"":1.3,""sub_power_up"":1,""sub_resistance_up"":0.6,""swim_speed_up"":0.6,""ink_saver_sub"":0.3,""special_power_up"":0.3}",campingshelter_crem,7,3,4,7,4,1293,"{""swim_speed_up"":1.2,""quick_respawn"":1,""ink_saver_main"":0.9,""quick_super_jump"":0.6,""comeback"":true,""stealth_jump"":true}",hissen_hue,8,8,0,14,4,1299,"{""quick_respawn"":1.2,""quick_super_jump"":0.6,""ink_resistance_up"":0.3,""special_saver"":0.3,""sub_resistance_up"":0.3,""comeback"":true,""ninja_squid"":true,""stealth_jump"":true}",gold,#1 Overall Splatter,gold,#1 Popular Target,gold,#1 Clam Carrier,
Sizzle Season 2025,2025-06-30T14:00:00+00:00,10.0.1,bankara_open,yagura,masaba,300,alpha,FALSE,S+ 9,,4932,,74,df6624ff,,4807,,66,343bc4ff,,jetsweeper_cobr,15,10,5,8,5,1353,"{""ink_saver_main"":1.6,""intensify_action"":1.6,""special_power_up"":1.3,""ink_recovery_up"":0.6,""ink_resistance_up"":0.3,""quick_super_jump"":0.3}",sputtery_owl,16,13,3,4,8,1476,"{""sub_power_up"":1,""ink_saver_sub"":0.6,""quick_super_jump"":0.6,""swim_speed_up"":0.6,""ink_resistance_up"":0.3,""special_saver"":0.3,""sub_resistance_up"":0.3,""comeback"":true,""stealth_jump"":true}",hydra_atsu,9,5,4,8,2,791,"{""run_speed_up"":2.6,""swim_speed_up"":0.6,""intensify_action"":0.3,""quick_super_jump"":0.3,""special_charge_up"":0.3,""special_power_up"":0.3,""sub_resistance_up"":0.3,""respawn_punisher"":true}",dynamo,11,6,5,11,3,1312,"{""ink_saver_main"":1.9,""swim_speed_up"":0.9,""quick_super_jump"":0.6,""special_saver"":0.3,""comeback"":true,""stealth_jump"":true}",order_shooter_replica,13,12,1,8,6,1577,"{""swim_speed_up"":1.6,""intensify_action"":0.9,""ink_resistance_up"":0.3,""quick_super_jump"":0.3,""special_saver"":0.3,""sub_resistance_up"":0.3,""comeback"":true,""stealth_jump"":true}",order_spinner_replica,9,5,4,8,4,1161,"{""run_speed_up"":3.3,""ink_resistance_up"":0.9,""intensify_action"":0.9,""quick_super_jump"":0.6}",nautilus47,9,6,3,9,4,938,"{""run_speed_up"":2.2,""swim_speed_up"":1.3,""quick_super_jump"":0.6,""ink_resistance_up"":0.3,""ink_saver_main"":0.3,""stealth_jump"":true}",sshooter_kou,9,8,1,9,3,1131,"{""swim_speed_up"":1,""ink_saver_sub"":0.6,""intensify_action"":0.6,""sub_power_up"":0.6,""ink_resistance_up"":0.3,""quick_super_jump"":0.3,""sub_resistance_up"":0.3,""comeback"":true,""stealth_jump"":true}",gold,#1 Splat Assister,silver,#1 Ground Traveler,silver,#1 Triple Splashdown User,
Sizzle Season 2025,2025-06-30T16:00:00+00:00,10.0.1,xmatch,hoko,baigai,300,bravo,FALSE,,2172.9,5009,,30,6e04b6ff,,5009,,58,cd510aff,,quadhopper_black,11,11,0,8,4,1430,"{""quick_respawn"":1.9,""quick_super_jump"":0.6,""swim_speed_up"":0.6,""ink_resistance_up"":0.3,""sub_resistance_up"":0.3,""comeback"":true,""stealth_jump"":true}",rpen_5h,8,3,5,3,4,1280,"{""ink_recovery_up"":0.6,""ink_saver_main"":0.6,""special_charge_up"":0.6,""quick_super_jump"":0.3,""special_saver"":0.3,""swim_speed_up"":0.3,""haunt"":true,""last_ditch_effort"":true,""object_shredder"":true}",wideroller_waku,6,5,1,8,4,1238,"{""swim_speed_up"":2.2,""ink_saver_sub"":1.9,""ink_saver_main"":1,""ink_recovery_up"":0.6}",hydra_atsu,7,4,3,6,2,1061,"{""run_speed_up"":1.6,""swim_speed_up"":1.6,""intensify_action"":0.6,""ink_resistance_up"":0.3,""quick_super_jump"":0.3,""sub_resistance_up"":0.3,""object_shredder"":true}",rapid_elite_deco,18,16,2,5,6,1167,"{""run_speed_up"":1,""quick_super_jump"":0.9,""ink_resistance_up"":0.6,""sub_resistance_up"":0.6,""special_charge_up"":0.3,""swim_speed_up"":0.3,""stealth_jump"":true,""thermal_ink"":true}",rpen_5h,12,2,10,3,6,1263,"{""special_charge_up"":1.3,""special_power_up"":1,""ink_recovery_up"":0.6,""ink_saver_main"":0.6,""quick_super_jump"":0.6,""ink_resistance_up"":0.3,""sub_resistance_up"":0.3,""last_ditch_effort"":true}",momiji,9,4,5,4,6,1587,"{""swim_speed_up"":2.3,""ink_saver_sub"":2.2,""quick_super_jump"":0.6,""run_speed_up"":0.6}",quadhopper_white,5,3,2,11,2,992,"{""quick_respawn"":2.2,""quick_super_jump"":0.9,""ink_resistance_up"":0.3,""swim_speed_up"":0.3,""comeback"":true,""stealth_jump"":true}",gold,#1 Overall Splatter,gold,#1 Turf Inker,gold,#1 Popular Target,
Sizzle Season 2025,2025-06-30T16:00:00+00:00,10.0.1,bankara_open,area,kinmedai,328,alpha,FALSE,S+ 18,,6193,,97,1bbfabff,,5986,,87,c43a6eff,,lact450_milk,14,13,1,7,10,2398,"{""special_charge_up"":1,""sub_power_up"":0.9,""ink_saver_sub"":0.6,""ink_resistance_up"":0.3,""quick_super_jump"":0.3,""special_saver"":0.3,""swim_speed_up"":0.3,""comeback"":true,""stealth_jump"":true}",liter4k,8,6,2,3,5,1142,"{""swim_speed_up"":1.3,""ink_saver_main"":1,""quick_super_jump"":0.9,""ink_recovery_up"":0.6,""ink_resistance_up"":0.3,""run_speed_up"":0.3,""sub_power_up"":0.3,""respawn_punisher"":true}",promodeler_rg,6,4,2,9,7,1659,"{""run_speed_up"":1.9,""swim_speed_up"":1.9,""special_saver"":1,""special_charge_up"":0.6,""special_power_up"":0.3}",order_brush_replica,8,8,0,14,4,994,"{""swim_speed_up"":1.6,""ink_recovery_up"":0.6,""special_power_up"":0.6,""special_charge_up"":0.3,""special_saver"":0.3,""sub_resistance_up"":0.3,""ninja_squid"":true,""stealth_jump"":true}",explosher_custom,17,11,6,5,4,1763,"{""ink_saver_main"":1.9,""swim_speed_up"":1,""ink_recovery_up"":0.6,""quick_super_jump"":0.6,""special_charge_up"":0.6,""last_ditch_effort"":true}",momiji,13,7,6,12,4,1215,"{""ink_saver_sub"":1.6,""sub_power_up"":1.6,""run_speed_up"":1.3,""ink_recovery_up"":0.6,""swim_speed_up"":0.6}",moprin,10,9,1,7,6,1685,"{""ink_saver_main"":1.6,""special_charge_up"":1.3,""special_power_up"":1.2,""special_saver"":1,""swim_speed_up"":0.6}",prime_frzn,10,6,4,7,5,1323,"{""swim_speed_up"":2.3,""intensify_action"":0.9,""ink_resistance_up"":0.6,""ink_saver_sub"":0.6,""sub_resistance_up"":0.3,""stealth_jump"":true}",gold,#1 Overall Splatter,gold,#1 Turf Inker,gold,#1 Splat Zone Inker,
Sizzle Season 2025,2025-06-30T16:00:00+00:00,10.0.1,bankara_open,area,ohyo,123,bravo,TRUE,,,2122,,0,df6624ff,,2291,,100,343bc4ff,,jetsweeper_custom,3,2,1,5,2,513,"{""swim_speed_up"":1.3,""special_charge_up"":1,""quick_super_jump"":0.6,""sub_resistance_up"":0.6,""ink_recovery_up"":0.3,""ink_resistance_up"":0.3,""ink_saver_main"":0.3,""special_saver"":0.3,""object_shredder"":true}",liter4k,4,3,1,3,1,469,"{""swim_speed_up"":1.3,""quick_super_jump"":1.2,""ink_saver_main"":1,""quick_respawn"":1,""intensify_action"":0.6,""ink_resistance_up"":0.3,""sub_resistance_up"":0.3}",furuido,4,4,0,3,2,742,"{""ink_saver_main"":1.9,""special_power_up"":1.9,""ink_recovery_up"":0.9,""object_shredder"":true}",moprin_d,2,2,0,5,1,398,"{""swim_speed_up"":1.6,""ink_saver_main"":1.3,""sub_power_up"":1,""intensify_action"":0.6,""run_speed_up"":0.6,""ink_recovery_up"":0.3,""special_power_up"":0.3}",52gal,9,6,3,4,2,575,"{""swim_speed_up"":1.6,""ink_resistance_up"":0.6,""intensify_action"":0.6,""quick_respawn"":0.6,""ink_recovery_up"":0.3,""ninja_squid"":true,""stealth_jump"":true}",furo,3,2,1,2,2,604,"{""ink_saver_main"":1.3,""swim_speed_up"":1,""special_charge_up"":0.9,""ink_recovery_up"":0.6,""ink_resistance_up"":0.3,""quick_super_jump"":0.3,""special_saver"":0.3,""thermal_ink"":true}",sputtery_owl,5,3,2,3,3,617,"{""swim_speed_up"":2.8,""special_charge_up"":1.9,""ninja_squid"":true}",sshooter,6,5,1,3,1,495,"{""swim_speed_up"":2.6,""intensify_action"":0.6,""quick_respawn"":0.6,""ink_saver_main"":0.3,""quick_super_jump"":0.3,""special_power_up"":0.3,""comeback"":true}",gold,#1 Popular Target,gold,#1 Splat Assister,silver,#1 Damage Taker,
Sizzle Season 2025,2025-06-30T16:00:00+00:00,10.0.1,xmatch,hoko,baigai,300,bravo,FALSE,,2122.9,5411,,30,a0c937ff,,5692,,59,ba30b0ff,,quadhopper_black,11,9,2,12,2,1321,"{""quick_respawn"":1.9,""quick_super_jump"":0.6,""swim_speed_up"":0.6,""ink_resistance_up"":0.3,""sub_resistance_up"":0.3,""comeback"":true,""stealth_jump"":true}",prime,7,5,2,7,2,991,"{""quick_respawn"":1.6,""special_charge_up"":0.6,""ink_resistance_up"":0.3,""quick_super_jump"":0.3,""special_saver"":0.3,""sub_resistance_up"":0.3,""swim_speed_up"":0.3,""comeback"":true,""stealth_jump"":true}",sshooter_collabo,4,4,0,10,5,1672,"{""quick_respawn"":1.3,""intensify_action"":0.9,""special_charge_up"":0.6,""ink_resistance_up"":0.3,""special_saver"":0.3,""swim_speed_up"":0.3,""comeback"":true,""stealth_jump"":true}",hissen_ash,10,8,2,8,5,1427,"{""quick_respawn"":2.4,""quick_super_jump"":0.3,""comeback"":true,""ninja_squid"":true,""stealth_jump"":true}",maneuver,20,20,0,9,3,1338,"{""quick_respawn"":1.6,""quick_super_jump"":0.9,""ink_resistance_up"":0.3,""intensify_action"":0.3,""special_saver"":0.3,""sub_resistance_up"":0.3,""comeback"":true,""stealth_jump"":true}",momiji,11,4,7,3,7,1492,"{""swim_speed_up"":2.3,""ink_saver_sub"":2.2,""quick_super_jump"":0.6,""run_speed_up"":0.6}",furo,11,6,5,6,5,1870,"{""swim_speed_up"":2.6,""ink_resistance_up"":1.3,""ink_recovery_up"":0.6,""ink_saver_main"":0.6,""quick_super_jump"":0.3,""special_charge_up"":0.3}",kelvin525,11,7,4,8,3,992,"{""quick_respawn"":2.2,""quick_super_jump"":0.6,""ink_resistance_up"":0.3,""sub_resistance_up"":0.3,""swim_speed_up"":0.3,""comeback"":true,""stealth_jump"":true}",gold,#1 Overall Splatter,gold,#1 Enemy Splatter,gold,#1 Popular Target,
Sizzle Season 2025,2025-06-30T16:00:00+00:00,10.0.1,bankara_open,area,ohyo,97,bravo,TRUE,,,2129,,0,e38d24ff,,2168,,100,1a1aafff,,jetsweeper_custom,1,1,0,1,2,589,"{""swim_speed_up"":1.3,""special_charge_up"":1,""quick_super_jump"":0.6,""sub_resistance_up"":0.6,""ink_recovery_up"":0.3,""ink_resistance_up"":0.3,""ink_saver_main"":0.3,""special_saver"":0.3,""object_shredder"":true}",hokusai,1,1,0,1,1,620,"{""swim_speed_up"":1,""ink_saver_main"":0.6,""ink_saver_sub"":0.6,""quick_super_jump"":0.6,""comeback"":true,""drop_roller"":true}",tristringer_tou,0,0,0,2,2,527,"{""special_charge_up"":1.9,""ink_saver_main"":1.3,""ink_saver_sub"":1.3,""run_speed_up"":0.6,""ink_recovery_up"":0.3,""special_power_up"":0.3}",dynamo_mei,0,0,0,3,3,393,"{""ink_saver_main"":2.2,""special_charge_up"":1.3,""quick_super_jump"":0.6,""sub_resistance_up"":0.6,""stealth_jump"":true}",campingshelter_sorella,4,4,0,1,1,473,"{""quick_respawn"":1.2,""ink_saver_main"":1,""quick_super_jump"":0.6,""ink_recovery_up"":0.3,""ink_resistance_up"":0.3,""sub_resistance_up"":0.3,""comeback"":true,""stealth_jump"":true}",promodeler_rg,1,1,0,0,3,657,"{""ink_saver_main"":1.6,""swim_speed_up"":1.6,""special_charge_up"":1.3,""ink_recovery_up"":0.6,""ink_saver_sub"":0.3,""sub_power_up"":0.3}",promodeler_rg,2,0,2,0,3,654,"{""special_charge_up"":5.1,""ink_saver_sub"":0.3,""quick_super_jump"":0.3}",jetsweeper_cobr,2,2,0,1,1,384,"{""ink_saver_main"":1.9,""ink_recovery_up"":0.6,""ink_resistance_up"":0.3,""run_speed_up"":0.3,""special_power_up"":0.3,""swim_speed_up"":0.3,""object_shredder"":true,""thermal_ink"":true}",gold,#1 Overall Splatter,gold,#1 Enemy Splatter,silver,#1 Ink Consumer,
Sizzle Season 2025,2025-06-30T16:00:00+00:00,10.0.1,xmatch,hoko,baigai,214,bravo,TRUE,,2122.9,3554,,0,1a1aafff,,3984,,100,e38d24ff,,quadhopper_black,3,3,0,10,1,849,"{""quick_respawn"":1.9,""quick_super_jump"":0.6,""swim_speed_up"":0.6,""ink_resistance_up"":0.3,""sub_resistance_up"":0.3,""comeback"":true,""stealth_jump"":true}",sshooter_kou,6,5,1,6,3,832,"{""swim_speed_up"":1.6,""special_power_up"":0.9,""intensify_action"":0.6,""quick_super_jump"":0.6,""comeback"":true,""stealth_jump"":true}",furo,6,4,2,8,4,1407,"{""special_charge_up"":1.3,""ink_saver_main"":1,""run_speed_up"":0.9,""ink_saver_sub"":0.6,""intensify_action"":0.3,""special_saver"":0.3,""sub_resistance_up"":0.3,""object_shredder"":true}",splatroller,6,4,2,11,0,466,"{""swim_speed_up"":2.2,""quick_super_jump"":0.9,""ink_saver_sub"":0.6,""ninja_squid"":true,""stealth_jump"":true}",bucketslosher,14,14,0,3,3,1135,"{""quick_respawn"":1.6,""special_saver"":0.9,""quick_super_jump"":0.6,""ink_recovery_up"":0.3,""sub_resistance_up"":0.3,""comeback"":true,""stealth_jump"":true}",nova_neo,17,11,6,4,3,963,"{""quick_respawn"":0.6,""ink_recovery_up"":0.3,""ink_resistance_up"":0.3,""ink_saver_sub"":0.3,""intensify_action"":0.3,""quick_super_jump"":0.3,""sub_resistance_up"":0.3,""swim_speed_up"":0.3,""comeback"":true,""respawn_punisher"":true,""stealth_jump"":true}",52gal,6,4,2,6,1,968,"{""swim_speed_up"":1.3,""intensify_action"":1.2,""ink_resistance_up"":0.3,""quick_super_jump"":0.3,""special_saver"":0.3,""sub_resistance_up"":0.3,""opening_gambit"":true,""stealth_jump"":true}",jimuwiper_hue,12,6,6,3,3,918,"{""special_charge_up"":1,""quick_super_jump"":0.9,""swim_speed_up"":0.9,""ink_saver_main"":0.6,""sub_resistance_up"":0.3,""last_ditch_effort"":true,""stealth_jump"":true}",silver,#1 Ground Traveler,silver,#2 Turf Inker,,,
Sizzle Season 2025,2025-06-30T16:00:00+00:00,10.0.1,bankara_open,area,kinmedai,113,alpha,TRUE,,,1929,,100,e38d24ff,,1874,,0,1a1aafff,,rapid_elite_deco,4,2,2,2,2,490,"{""ink_saver_main"":1.3,""swim_speed_up"":1.3,""intensify_action"":0.9,""special_charge_up"":0.6,""quick_super_jump"":0.3,""special_saver"":0.3,""stealth_jump"":true}",bold,10,9,1,1,2,515,"{""swim_speed_up"":3.8,""quick_super_jump"":0.9,""stealth_jump"":true}",hydra,2,2,0,1,2,593,"{""swim_speed_up"":2.9,""ink_resistance_up"":0.6,""run_speed_up"":0.6,""quick_super_jump"":0.3,""special_charge_up"":0.3,""stealth_jump"":true}",prime_collabo,0,0,0,4,0,331,"{""ink_saver_sub"":1.9,""swim_speed_up"":1.3,""ink_saver_main"":0.6,""ink_resistance_up"":0.3,""quick_super_jump"":0.3,""sub_resistance_up"":0.3,""stealth_jump"":true}",tristringer_collabo,3,3,0,3,2,699,"{""special_charge_up"":2.2,""ink_saver_main"":1.9,""quick_super_jump"":0.3,""sub_power_up"":0.3,""thermal_ink"":true}",heroshooter_replica,2,2,0,3,2,424,"{""swim_speed_up"":1.6,""run_speed_up"":1,""intensify_action"":0.9,""ink_resistance_up"":0.6,""ink_saver_sub"":0.6,""stealth_jump"":true}",jetsweeper_cobr,2,1,1,4,0,319,"{""sub_power_up"":1.3,""run_speed_up"":1,""ink_resistance_up"":0.6,""intensify_action"":0.6,""sub_resistance_up"":0.6,""ink_saver_main"":0.3,""quick_super_jump"":0.3,""respawn_punisher"":true}",sshooter,2,2,0,3,2,432,"{""quick_respawn"":1.9,""swim_speed_up"":1.6,""intensify_action"":0.6,""run_speed_up"":0.6,""stealth_jump"":true}",silver,#1 Splat Zone Hero,gold,#1 Splat Assister,gold,#1 Splat Zone Inker,
Sizzle Season 2025,2025-06-30T16:00:00+00:00,10.0.1,xmatch,hoko,hirame,300,alpha,FALSE,,1782.0,4511,,64,df6624ff,,4109,,39,343bc4ff,,sputtery_owl,11,9,2,7,4,1248,"{""quick_respawn"":1.6,""swim_speed_up"":0.9,""ink_resistance_up"":0.3,""ink_saver_sub"":0.3,""intensify_action"":0.3,""quick_super_jump"":0.3,""comeback"":true,""stealth_jump"":true}",splatspinner_pytn,6,5,1,4,5,1391,"{""run_speed_up"":2.6,""sub_power_up"":1,""ink_resistance_up"":0.6,""quick_super_jump"":0.6,""swim_speed_up"":0.6,""sub_resistance_up"":0.3}",h3reelgun_snak,9,7,2,9,3,1216,"{""swim_speed_up"":1.3,""special_charge_up"":1,""ink_resistance_up"":0.6,""special_saver"":0.6,""ink_saver_main"":0.3,""quick_super_jump"":0.3,""run_speed_up"":0.3,""sub_resistance_up"":0.3,""stealth_jump"":true}",carbon_deco,9,5,4,9,0,656,"{""swim_speed_up"":1.9,""ink_saver_sub"":0.6,""ink_resistance_up"":0.3,""ink_saver_main"":0.3,""quick_super_jump"":0.3,""sub_resistance_up"":0.3,""ninja_squid"":true,""stealth_jump"":true}",splatroller,13,10,3,7,1,1061,"{""swim_speed_up"":1.5,""quick_super_jump"":1.3,""ink_saver_sub"":0.6,""ink_resistance_up"":0.3,""ninja_squid"":true,""stealth_jump"":true}",rapid_deco,12,7,5,5,3,972,"{""swim_speed_up"":1.6,""ink_saver_sub"":1,""ink_recovery_up"":0.6,""intensify_action"":0.3,""quick_super_jump"":0.3,""special_saver"":0.3,""drop_roller"":true}",sputtery_owl,3,3,0,9,4,1052,"{""swim_speed_up"":2,""ink_recovery_up"":1,""ink_saver_main"":0.9,""run_speed_up"":0.9,""ink_saver_sub"":0.6,""ink_resistance_up"":0.3}",prime_collabo,9,9,0,5,5,1024,"{""swim_speed_up"":2.3,""special_charge_up"":1,""intensify_action"":0.9,""sub_resistance_up"":0.6,""ink_resistance_up"":0.3,""quick_super_jump"":0.3,""special_saver"":0.3}",gold,#1 Overall Splatter,gold,#1 Enemy Splatter,silver,#1 Checkpoint Breaker,
Sizzle Season 2025,2025-06-30T16:00:00+00:00,10.0.1,bankara_open,area,kinmedai,118,alpha,TRUE,,,2084,,100,6e04b6ff,,2006,,0,cd510aff,,rapid_elite_deco,3,2,1,2,2,409,"{""ink_saver_main"":1.3,""swim_speed_up"":1.3,""intensify_action"":0.9,""special_charge_up"":0.6,""quick_super_jump"":0.3,""special_saver"":0.3,""stealth_jump"":true}",splatroller,8,7,1,2,1,372,"{""swim_speed_up"":1.9,""quick_super_jump"":0.6,""ink_recovery_up"":0.3,""ink_resistance_up"":0.3,""ink_saver_sub"":0.3,""sub_resistance_up"":0.3,""ninja_squid"":true,""stealth_jump"":true}",wakaba,3,2,1,1,3,646,"{""ink_saver_sub"":3.2,""swim_speed_up"":1.3,""sub_power_up"":1.2}",promodeler_sai,3,3,0,3,2,657,"{""ink_saver_sub"":3.2,""swim_speed_up"":1.6,""special_charge_up"":0.6,""run_speed_up"":0.3}",pablo,5,5,0,3,3,521,"{""ink_saver_main"":1,""ink_recovery_up"":0.6,""quick_super_jump"":0.6,""sub_resistance_up"":0.6,""ink_saver_sub"":0.3,""special_charge_up"":0.3,""special_saver"":0.3,""ninja_squid"":true,""stealth_jump"":true}",octoshooter_replica,2,0,2,5,1,575,"{""special_charge_up"":1,""intensify_action"":0.6,""quick_respawn"":0.6,""quick_super_jump"":0.3,""special_saver"":0.3,""sub_power_up"":0.3,""sub_resistance_up"":0.3,""swim_speed_up"":0.3,""comeback"":true,""stealth_jump"":true}",prime_frzn,3,3,0,3,2,540,"{""ink_recovery_up"":1.9,""ink_saver_sub"":1.9,""ink_saver_main"":0.6,""special_power_up"":0.3,""ninja_squid"":true}",carbon_deco,1,0,1,3,0,370,"{""special_charge_up"":1.3,""sub_resistance_up"":1,""ink_recovery_up"":0.3,""ink_resistance_up"":0.3,""ink_saver_main"":0.3,""ink_saver_sub"":0.3,""intensify_action"":0.3,""quick_super_jump"":0.3,""special_power_up"":0.3,""special_saver"":0.3,""respawn_punisher"":true}",gold,#1 Popular Target,gold,#1 Splat Assister,silver,#1 Killer Wail 5.1 User,
Sizzle Season 2025,2025-06-30T16:00:00+00:00,10.0.1,xmatch,hoko,hirame,300,bravo,FALSE,,2122.9,4901,,48,e38d24ff,,4751,,74,1a1aafff,,quadhopper_black,9,7,2,12,2,932,"{""quick_respawn"":1.9,""quick_super_jump"":0.6,""swim_speed_up"":0.6,""ink_resistance_up"":0.3,""sub_resistance_up"":0.3,""comeback"":true,""stealth_jump"":true}",sshooter,21,18,3,5,4,1108,"{""swim_speed_up"":2.6,""intensify_action"":0.9,""ink_saver_sub"":0.3,""quick_super_jump"":0.3,""run_speed_up"":0.3,""stealth_jump"":true}",furo,8,6,2,7,4,1854,"{""swim_speed_up"":1.6,""ink_saver_main"":1.3,""ink_resistance_up"":0.6,""ink_saver_sub"":0.6,""quick_super_jump"":0.6,""object_shredder"":true}",lact450_milk,8,7,1,11,2,1007,"{""ink_recovery_up"":1,""swim_speed_up"":1,""ink_saver_sub"":0.6,""special_charge_up"":0.6,""special_power_up"":0.6,""ink_resistance_up"":0.3,""quick_super_jump"":0.3,""special_saver"":0.3,""stealth_jump"":true}",bucketslosher,15,15,0,9,5,1494,"{""quick_respawn"":1.6,""special_saver"":0.9,""quick_super_jump"":0.6,""ink_recovery_up"":0.3,""sub_resistance_up"":0.3,""comeback"":true,""stealth_jump"":true}",sputtery,12,5,7,12,3,915,"{""special_power_up"":1,""sub_power_up"":0.9,""quick_super_jump"":0.6,""special_saver"":0.6,""ink_resistance_up"":0.3,""sub_resistance_up"":0.3,""comeback"":true,""object_shredder"":true}",prime_collabo,12,7,5,7,4,1173,"{""intensify_action"":1,""ink_resistance_up"":0.9,""sub_power_up"":0.6,""swim_speed_up"":0.6,""ink_saver_main"":0.3,""sub_resistance_up"":0.3,""last_ditch_effort"":true,""stealth_jump"":true}",variableroller,11,8,3,10,2,1169,"{""quick_respawn"":1.5,""swim_speed_up"":1,""ink_saver_main"":0.6,""ink_resistance_up"":0.3,""quick_super_jump"":0.3,""comeback"":true,""stealth_jump"":true}",silver,#2 Overall Splatter,silver,#2 Popular Target,silver,#1 Reefslider User,
Sizzle Season 2025,2025-06-30T16:00:00+00:00,10.0.1,xmatch,hoko,baigai,300,alpha,FALSE,,1782.0,4934,,71,cd510aff,,5041,,48,6e04b6ff,,sputtery_owl,11,9,2,7,5,1354,"{""quick_respawn"":1.6,""swim_speed_up"":0.9,""ink_resistance_up"":0.3,""ink_saver_sub"":0.3,""intensify_action"":0.3,""quick_super_jump"":0.3,""comeback"":true,""stealth_jump"":true}",sshooter,13,10,3,6,4,1360,"{""swim_speed_up"":1.6,""intensify_action"":0.9,""ink_recovery_up"":0.6,""ink_saver_main"":0.3,""ink_saver_sub"":0.3,""comeback"":true,""stealth_jump"":true}",hydra_atsu,4,3,1,4,2,1189,"{""run_speed_up"":3,""ink_resistance_up"":1.5,""ink_saver_main"":0.3,""intensify_action"":0.3,""quick_super_jump"":0.3,""special_charge_up"":0.3}",liter4k,8,7,1,4,3,1031,"{""swim_speed_up"":1,""ink_saver_main"":0.9,""ink_recovery_up"":0.6,""ink_resistance_up"":0.6,""quick_super_jump"":0.6,""object_shredder"":true,""respawn_punisher"":true}",hydra,8,6,2,7,4,1685,"{""swim_speed_up"":1.9,""quick_respawn"":1,""ink_saver_sub"":0.3,""quick_super_jump"":0.3,""object_shredder"":true}",sshooter_kou,10,8,2,8,3,1093,"{""swim_speed_up"":1,""ink_resistance_up"":0.6,""sub_resistance_up"":0.6,""ink_recovery_up"":0.3,""ink_saver_sub"":0.3,""intensify_action"":0.3,""quick_super_jump"":0.3,""special_saver"":0.3,""comeback"":true,""stealth_jump"":true}",liter4k,7,6,1,5,4,939,"{""ink_saver_main"":1.2,""swim_speed_up"":1,""quick_super_jump"":0.9,""ink_recovery_up"":0.3,""sub_resistance_up"":0.3,""last_ditch_effort"":true,""respawn_punisher"":true}",momiji,5,1,4,9,4,1324,"{""ink_saver_sub"":2.2,""ink_recovery_up"":1.9,""sub_power_up"":1.3,""swim_speed_up"":0.3}",gold,#1 Popular Target,gold,Record-Score Setter,gold,#1 Score Booster,
Sizzle Season 2025,2025-06-30T16:00:00+00:00,10.0.1,bankara_open,area,ohyo,315,alpha,FALSE,S+ 18,,5767,,94,df6624ff,,6112,,85,343bc4ff,,lact450_milk,8,6,2,9,7,1683,"{""special_charge_up"":1,""sub_power_up"":0.9,""ink_saver_sub"":0.6,""ink_resistance_up"":0.3,""quick_super_jump"":0.3,""special_saver"":0.3,""swim_speed_up"":0.3,""comeback"":true,""stealth_jump"":true}",splatscope_frst,11,10,1,2,5,1606,"{""swim_speed_up"":1.9,""ink_recovery_up"":1,""quick_super_jump"":1,""ink_saver_main"":0.9,""ink_resistance_up"":0.6,""sub_resistance_up"":0.3}",splatroller,6,3,3,12,3,1164,"{""swim_speed_up"":4.7,""ninja_squid"":true}",nzap85,10,9,1,10,4,1314,"{""special_charge_up"":2.9,""special_power_up"":1,""run_speed_up"":0.9,""ink_resistance_up"":0.3,""quick_respawn"":0.3,""swim_speed_up"":0.3}",gaen_ff,15,12,3,8,5,1029,"{""special_charge_up"":1,""quick_respawn"":0.9,""run_speed_up"":0.6,""ink_resistance_up"":0.3,""ink_saver_main"":0.3,""sub_power_up"":0.3,""swim_speed_up"":0.3,""comeback"":true,""stealth_jump"":true}",furo,13,5,8,5,7,2049,"{""sub_power_up"":1,""swim_speed_up"":0.9,""ink_saver_sub"":0.6,""ink_resistance_up"":0.3,""quick_super_jump"":0.3,""special_saver"":0.3,""sub_resistance_up"":0.3,""haunt"":true,""opening_gambit"":true}",furo,7,6,1,6,5,1765,"{""swim_speed_up"":1.6,""special_charge_up"":0.6,""special_power_up"":0.6,""quick_super_jump"":0.3,""special_saver"":0.3,""sub_resistance_up"":0.3,""comeback"":true,""stealth_jump"":true}",sshooter,14,10,4,9,4,1269,"{""swim_speed_up"":1,""intensify_action"":0.9,""ink_resistance_up"":0.3,""ink_saver_sub"":0.3,""quick_respawn"":0.3,""quick_super_jump"":0.3,""special_power_up"":0.3,""special_saver"":0.3,""comeback"":true,""stealth_jump"":true}",gold,#1 Turf Inker,gold,#1 Splat Zone Guard,silver,#1 Damage Taker,
Sizzle Season 2025,2025-06-30T16:00:00+00:00,10.0.1,xmatch,hoko,baigai,300,bravo,FALSE,,2047.9,4609,,59,d0bf08ff,,4440,,83,3a0ccdff,,quadhopper_black,11,9,2,11,5,1208,"{""quick_respawn"":1.9,""quick_super_jump"":0.6,""swim_speed_up"":0.6,""ink_resistance_up"":0.3,""sub_resistance_up"":0.3,""comeback"":true,""stealth_jump"":true}",splatscope,8,7,1,8,3,873,"{""swim_speed_up"":2.6,""quick_respawn"":1,""ink_recovery_up"":0.6,""ink_saver_main"":0.6,""quick_super_jump"":0.6,""sub_resistance_up"":0.3}",furuido,7,4,3,9,6,1445,"{""swim_speed_up"":1.6,""ink_resistance_up"":0.6,""ink_saver_main"":0.6,""sub_resistance_up"":0.6,""special_power_up"":0.3,""comeback"":true,""object_shredder"":true}",rapid_elite,10,6,4,8,6,1083,"{""swim_speed_up"":2,""intensify_action"":0.9,""ink_saver_sub"":0.6,""special_charge_up"":0.6,""special_saver"":0.6,""stealth_jump"":true}",tristringer_tou,12,9,3,7,2,1548,"{""ink_recovery_up"":1.3,""special_power_up"":1.3,""swim_speed_up"":0.6,""ink_resistance_up"":0.3,""ink_saver_main"":0.3,""ink_saver_sub"":0.3,""special_saver"":0.3,""stealth_jump"":true}",kelvin525,16,13,3,10,3,1073,"{""quick_respawn"":2.2,""special_saver"":0.6,""ink_recovery_up"":0.3,""ink_saver_main"":0.3,""quick_super_jump"":0.3,""comeback"":true,""stealth_jump"":true}",liter4k,7,7,0,3,1,804,"{""swim_speed_up"":3.2,""ink_recovery_up"":0.6,""ink_saver_main"":0.6,""ink_saver_sub"":0.3,""respawn_punisher"":true}",rapid_elite_deco,15,7,8,6,3,1015,"{""swim_speed_up"":1.6,""intensify_action"":0.6,""quick_super_jump"":0.6,""ink_resistance_up"":0.3,""special_saver"":0.3,""sub_resistance_up"":0.3,""comeback"":true,""stealth_jump"":true}",gold,#1 Overall Splatter,gold,#1 Enemy Splatter,gold,#1 Popular Target,
Sizzle Season 2025,2025-06-30T16:00:00+00:00,10.0.1,bankara_open,area,ohyo,108,alpha,TRUE,,,2062,,100,df6624ff,,1877,,0,343bc4ff,,rapid_elite_deco,4,2,2,3,1,388,"{""ink_saver_main"":1.3,""swim_speed_up"":1.3,""intensify_action"":0.9,""special_charge_up"":0.6,""quick_super_jump"":0.3,""special_saver"":0.3,""stealth_jump"":true}",parashelter,6,6,0,2,2,605,"{""run_speed_up"":1,""ink_resistance_up"":0.6,""quick_respawn"":0.6,""quick_super_jump"":0.6,""ink_recovery_up"":0.3,""sub_resistance_up"":0.3,""swim_speed_up"":0.3,""comeback"":true,""stealth_jump"":true}",wakaba,5,3,2,4,1,562,"{""ink_saver_sub"":1.6,""special_charge_up"":1,""ink_recovery_up"":0.6,""sub_power_up"":0.6,""ink_saver_main"":0.3,""special_power_up"":0.3,""swim_speed_up"":0.3,""stealth_jump"":true}",sshooter,3,3,0,2,1,507,"{""swim_speed_up"":1.9,""intensify_action"":0.9,""special_charge_up"":0.9,""last_ditch_effort"":true,""stealth_jump"":true}",dynamo_tesla,7,7,0,3,2,623,"{""ink_saver_sub"":1.3,""ink_recovery_up"":1,""quick_super_jump"":0.9,""ink_saver_main"":0.3,""special_power_up"":0.3,""special_saver"":0.3,""swim_speed_up"":0.3,""last_ditch_effort"":true}",hissen_ash,3,2,1,4,1,368,"{""ink_saver_sub"":1.9,""sub_power_up"":1.9,""quick_super_jump"":1,""ink_saver_main"":0.9}",furuido_custom,2,1,1,3,2,512,"{""ink_saver_main"":1.9,""sub_resistance_up"":1.9,""run_speed_up"":0.9,""thermal_ink"":true}",nautilus79,1,1,0,4,1,374,"{""swim_speed_up"":1.2,""ink_saver_main"":1,""ink_recovery_up"":0.6,""quick_super_jump"":0.6,""special_power_up"":0.3,""comeback"":true,""stealth_jump"":true}",silver,#1 Splat Zone Hero,gold,#1 Popular Target,gold,#1 Splat Assister,
Sizzle Season 2025,2025-06-30T16:00:00+00:00,10.0.1,xmatch,hoko,baigai,300,alpha,FALSE,,1782.0,5340,,76,1a1aafff,,5335,,69,e38d24ff,,sputtery_owl,13,12,1,8,4,1269,"{""quick_respawn"":1.6,""swim_speed_up"":0.9,""ink_resistance_up"":0.3,""ink_saver_sub"":0.3,""intensify_action"":0.3,""quick_super_jump"":0.3,""comeback"":true,""stealth_jump"":true}",dynamo,21,15,6,5,5,1695,"{""ink_saver_main"":1.9,""swim_speed_up"":0.6,""ink_resistance_up"":0.3,""quick_super_jump"":0.3,""special_power_up"":0.3,""sub_resistance_up"":0.3,""comeback"":true,""stealth_jump"":true}",promodeler_rg,8,4,4,9,4,1430,"{""swim_speed_up"":3.8,""ink_recovery_up"":1.9}",hissen,9,6,3,8,4,946,"{""quick_super_jump"":1.2,""swim_speed_up"":0.9,""ink_recovery_up"":0.3,""ink_resistance_up"":0.3,""comeback"":true,""ninja_squid"":true,""stealth_jump"":true}",momiji,8,6,2,8,5,1316,"{""swim_speed_up"":3.9,""run_speed_up"":0.9,""ink_recovery_up"":0.6,""sub_power_up"":0.3}",bold,12,11,1,11,2,1081,"{""quick_super_jump"":1.9,""ink_saver_main"":1.2,""special_charge_up"":1,""intensify_action"":0.6,""ninja_squid"":true}",hotblaster_custom,10,6,4,9,5,1097,"{""quick_respawn"":2.2,""special_saver"":0.6,""swim_speed_up"":0.6,""quick_super_jump"":0.3,""comeback"":true,""stealth_jump"":true}",furo,9,7,2,9,6,1841,"{""ink_saver_main"":1.3,""swim_speed_up"":1.2,""ink_resistance_up"":0.6,""sub_resistance_up"":0.6,""comeback"":true,""object_shredder"":true}",gold,#1 Super Jump Spot,silver,#1 Damage Taker,silver,#1 Ink Consumer,
Sizzle Season 2025,2025-06-30T16:00:00+00:00,10.0.1,xmatch,hoko,hirame,252,bravo,TRUE,,2047.9,2984,,0,a0c937ff,,3426,,100,ba30b0ff,,quadhopper_black,11,9,2,10,3,1147,"{""quick_respawn"":1.9,""quick_super_jump"":0.6,""swim_speed_up"":0.6,""ink_resistance_up"":0.3,""sub_resistance_up"":0.3,""comeback"":true,""stealth_jump"":true}",drivewiper_rust,6,4,2,11,1,751,"{""swim_speed_up"":2.2,""quick_respawn"":1,""quick_super_jump"":0.9,""ink_saver_main"":0.6,""stealth_jump"":true}",order_roller_replica,9,9,0,10,2,718,"{""swim_speed_up"":1.2,""quick_super_jump"":0.9,""ink_recovery_up"":0.3,""sub_resistance_up"":0.3,""ninja_squid"":true,""opening_gambit"":true,""stealth_jump"":true}",liter4k_custom,4,4,0,12,0,368,"{""special_power_up"":1.5,""ink_recovery_up"":1,""quick_super_jump"":1,""swim_speed_up"":0.9,""sub_power_up"":0.3,""object_shredder"":true}",carbon_deco,20,19,1,6,3,846,"{""ink_saver_sub"":0.9,""quick_super_jump"":0.6,""swim_speed_up"":0.6,""ink_recovery_up"":0.3,""special_saver"":0.3,""comeback"":true,""ninja_squid"":true,""stealth_jump"":true}",sshooter_collabo,9,8,1,7,3,1162,"{""swim_speed_up"":4.7,""ninja_squid"":true}",liter4k_scope,6,3,3,3,3,888,"{""swim_speed_up"":1.9,""ink_saver_main"":1.3,""ink_resistance_up"":0.6,""quick_super_jump"":0.6,""sub_resistance_up"":0.3,""respawn_punisher"":true}",sblast91,9,6,3,10,0,530,"{""quick_respawn"":1.3,""ink_saver_sub"":1.2,""quick_super_jump"":0.6,""ink_resistance_up"":0.3,""sub_resistance_up"":0.3,""comeback"":true,""stealth_jump"":true}",gold,#1 Overall Splatter,gold,#1 Enemy Splatter,gold,#1 Turf Inker,
Sizzle Season 2025,2025-06-30T16:00:00+00:00,10.0.1,xmatch,hoko,baigai,314,bravo,FALSE,,1857.0,5625,,60,6325cdff,,5213,,77,bfcd41ff,,sputtery_owl,15,10,5,9,6,1502,"{""quick_respawn"":1.6,""swim_speed_up"":0.9,""ink_resistance_up"":0.3,""ink_saver_sub"":0.3,""intensify_action"":0.3,""quick_super_jump"":0.3,""comeback"":true,""stealth_jump"":true}",pablo,4,3,1,12,1,1089,"{""quick_respawn"":1.6,""ink_saver_main"":0.9,""quick_super_jump"":0.6,""swim_speed_up"":0.6,""comeback"":true,""stealth_jump"":true}",wakaba,11,8,3,4,5,1672,"{""ink_saver_sub"":2.3,""ink_recovery_up"":1.3,""ink_resistance_up"":0.6,""ink_saver_main"":0.3,""special_saver"":0.3,""sub_power_up"":0.3,""sub_resistance_up"":0.3,""swim_speed_up"":0.3}",order_slosher_replica,11,9,2,9,4,1362,"{""quick_respawn"":2.8,""quick_super_jump"":0.3,""special_saver"":0.3,""sub_resistance_up"":0.3,""comeback"":true,""stealth_jump"":true}",hokusai_sui,13,13,0,11,3,1353,"{""swim_speed_up"":1.9,""special_charge_up"":0.6,""sub_resistance_up"":0.6,""ink_resistance_up"":0.3,""quick_super_jump"":0.3,""ninja_squid"":true,""stealth_jump"":true}",prime_frzn,7,7,0,7,6,1519,"{""ink_saver_main"":1,""special_charge_up"":1,""intensify_action"":0.6,""special_saver"":0.6,""ink_recovery_up"":0.3,""ink_resistance_up"":0.3,""quick_respawn"":0.3,""quick_super_jump"":0.3,""stealth_jump"":true}",carbon_deco,7,4,3,6,2,983,"{""swim_speed_up"":2.2,""ink_saver_sub"":1.6,""special_charge_up"":0.6,""ink_resistance_up"":0.3,""ninja_squid"":true}",order_shooter_replica,10,10,0,7,4,1358,"{""special_charge_up"":2,""intensify_action"":0.9,""ink_resistance_up"":0.3,""ink_saver_main"":0.3,""quick_super_jump"":0.3,""sub_resistance_up"":0.3,""swim_speed_up"":0.3,""stealth_jump"":true}",gold,#1 Overall Splatter,gold,#1 Enemy Splatter,gold,#1 Splat Assister,
Sizzle Season 2025,2025-06-30T16:00:00+00:00,10.0.1,bankara_open,area,kinmedai,238,bravo,TRUE,,,4079,,0,343bc4ff,,4137,,100,df6624ff,,splatscope_collabo,7,7,0,2,4,1159,"{""swim_speed_up"":1.6,""run_speed_up"":1,""ink_resistance_up"":0.6,""ink_saver_main"":0.6,""quick_super_jump"":0.6,""sub_resistance_up"":0.3,""object_shredder"":true}",52gal,9,9,0,8,4,992,"{""swim_speed_up"":1.6,""ink_saver_main"":0.6,""ink_recovery_up"":0.3,""ink_resistance_up"":0.3,""ink_saver_sub"":0.3,""sub_power_up"":0.3,""comeback"":true,""stealth_jump"":true}",nzap85,6,1,5,3,6,1228,"{""special_charge_up"":1.3,""swim_speed_up"":1.3,""run_speed_up"":1,""ink_saver_main"":0.6,""special_power_up"":0.6,""ink_recovery_up"":0.3,""special_saver"":0.3}",fincent_hue,9,5,4,7,4,700,"{""ink_saver_main"":2,""ink_saver_sub"":1.5,""swim_speed_up"":0.6,""run_speed_up"":0.3,""special_saver"":0.3,""comeback"":true}",sshooter_kou,8,7,1,8,1,758,"{""ink_saver_sub"":1.6,""intensify_action"":0.9,""swim_speed_up"":0.9,""ink_resistance_up"":0.3,""comeback"":true,""stealth_jump"":true}",bold,5,4,1,8,3,886,"{""swim_speed_up"":4.5,""ink_saver_sub"":0.6,""ink_resistance_up"":0.3,""run_speed_up"":0.3}",promodeler_rg,4,3,1,1,9,1892,"{""special_charge_up"":3.7,""ninja_squid"":true,""stealth_jump"":true}",fincent_hue,7,6,1,5,2,601,"{""ink_saver_main"":2.5,""swim_speed_up"":1.9,""special_charge_up"":1.3}",gold,#1 Super Jump Spot,silver,#2 Splat Zone Inker,silver,#2 Splat Zone Guard,
Sizzle Season 2025,2025-06-30T16:00:00+00:00,10.0.1,xmatch,hoko,hirame,306,alpha,FALSE,,2047.9,4623,,87,ba30b0ff,,4643,,37,a0c937ff,,quadhopper_black,9,8,1,9,2,1076,"{""quick_respawn"":1.9,""quick_super_jump"":0.6,""swim_speed_up"":0.6,""ink_resistance_up"":0.3,""sub_resistance_up"":0.3,""comeback"":true,""stealth_jump"":true}",sharp,18,11,7,2,5,1581,"{""run_speed_up"":1.3,""swim_speed_up"":1.2,""ink_resistance_up"":0.3,""quick_super_jump"":0.3,""special_saver"":0.3,""sub_resistance_up"":0.3,""comeback"":true,""stealth_jump"":true}",bold,7,7,0,7,2,1184,"{""swim_speed_up"":1.9,""ink_saver_main"":0.6,""quick_respawn"":0.6,""ink_saver_sub"":0.3,""comeback"":true,""stealth_jump"":true}",hotblaster_custom,16,9,7,9,2,782,"{""intensify_action"":0.6,""quick_super_jump"":0.6,""ink_resistance_up"":0.3,""special_power_up"":0.3,""special_saver"":0.3,""sub_resistance_up"":0.3,""swim_speed_up"":0.3,""ninja_squid"":true,""opening_gambit"":true,""stealth_jump"":true}",sshooter,13,12,1,7,5,1283,"{""swim_speed_up"":1.6,""intensify_action"":0.9,""quick_super_jump"":0.6,""special_saver"":0.3,""sub_resistance_up"":0.3,""comeback"":true,""stealth_jump"":true}",52gal,6,3,3,9,3,1696,"{""swim_speed_up"":1,""intensify_action"":0.9,""ink_resistance_up"":0.6,""ink_recovery_up"":0.3,""quick_super_jump"":0.3,""special_saver"":0.3,""sub_resistance_up"":0.3,""comeback"":true,""stealth_jump"":true}",dynamo_mei,18,8,10,9,3,712,"{""ink_saver_main"":2.2,""sub_power_up"":1.9,""ink_saver_sub"":1.6}",sputtery_hue,4,4,0,10,5,952,"{""ink_saver_sub"":1.9,""quick_respawn"":1.2,""quick_super_jump"":0.3,""special_saver"":0.3,""comeback"":true,""stealth_jump"":true}",silver,#1 Ground Traveler,silver,#1 Checkpoint Breaker,silver,#1 Rainmaker Stopper,
Sizzle Season 2025,2025-06-30T16:00:00+00:00,10.0.1,bankara_open,area,kinmedai,282,bravo,TRUE,,,4853,,0,ba30b0ff,,4690,,100,a0c937ff,,splatscope_collabo,8,7,1,3,6,1328,"{""swim_speed_up"":1.6,""run_speed_up"":1,""ink_resistance_up"":0.6,""ink_saver_main"":0.6,""quick_super_jump"":0.6,""sub_resistance_up"":0.3,""object_shredder"":true}",52gal,10,8,2,7,6,1212,"{""ink_saver_sub"":1.3,""swim_speed_up"":1.3,""special_charge_up"":1,""ink_resistance_up"":0.6,""ink_saver_main"":0.3,""run_speed_up"":0.3,""special_saver"":0.3,""sub_power_up"":0.3,""sub_resistance_up"":0.3}",dynamo,8,6,2,7,4,1163,"{""special_power_up"":1,""ink_saver_main"":0.9,""swim_speed_up"":0.6,""ink_resistance_up"":0.3,""ink_saver_sub"":0.3,""quick_super_jump"":0.3,""special_charge_up"":0.3,""comeback"":true,""stealth_jump"":true}",furo_deco,4,3,1,4,5,1150,"{""ink_saver_main"":1.9,""swim_speed_up"":1.9,""run_speed_up"":1,""ink_recovery_up"":0.6,""ink_saver_sub"":0.3}",explosher_custom,8,5,3,5,4,1294,"{""swim_speed_up"":4.8,""run_speed_up"":0.6,""ink_resistance_up"":0.3}",dentalwiper_sumi,10,10,0,7,3,900,"{""swim_speed_up"":1.8,""quick_super_jump"":0.6,""special_saver"":0.3,""comeback"":true,""ninja_squid"":true,""stealth_jump"":true}",explosher_custom,1,0,1,6,3,1225,"{""ink_saver_main"":2.6,""swim_speed_up"":1.6,""quick_super_jump"":0.9,""ink_resistance_up"":0.6}",momiji,6,6,0,6,5,1271,"{""ink_saver_sub"":1.9,""special_power_up"":1.3,""ink_resistance_up"":0.3,""quick_super_jump"":0.3,""special_charge_up"":0.3,""special_saver"":0.3,""sub_power_up"":0.3,""stealth_jump"":true}",gold,#1 Super Jump Spot,gold,#1 Turf Inker,silver,#1 Triple Inkstrike User,
Sizzle Season 2025,2025-06-30T16:00:00+00:00,10.0.1,xmatch,hoko,baigai,303,alpha,FALSE,,1857.0,5275,,69,3a0ccdff,,5158,,30,d0bf08ff,,sputtery_owl,10,6,4,6,5,1162,"{""quick_respawn"":1.6,""swim_speed_up"":0.9,""ink_resistance_up"":0.3,""ink_saver_sub"":0.3,""intensify_action"":0.3,""quick_super_jump"":0.3,""comeback"":true,""stealth_jump"":true}",sshooter,11,10,1,3,4,1320,"{""swim_speed_up"":2.9,""intensify_action"":0.6,""special_saver"":0.6,""quick_super_jump"":0.3,""special_charge_up"":0.3,""stealth_jump"":true}",rapid_elite_deco,6,3,3,5,3,1221,"{""swim_speed_up"":2.2,""ink_saver_main"":1.3,""special_charge_up"":1,""ink_recovery_up"":0.6,""ink_resistance_up"":0.3,""quick_super_jump"":0.3}",dynamo_tesla,9,8,1,6,5,1572,"{""ink_saver_main"":1.9,""ink_saver_sub"":1,""swim_speed_up"":1,""ink_resistance_up"":0.6,""run_speed_up"":0.6,""sub_resistance_up"":0.6}",sblast91,10,8,2,5,4,1001,"{""quick_respawn"":1,""swim_speed_up"":1,""intensify_action"":0.9,""ink_resistance_up"":0.6,""ink_saver_sub"":0.6,""quick_super_jump"":0.3,""sub_resistance_up"":0.3,""stealth_jump"":true}",hydra_atsu,6,6,0,4,2,1327,"{""run_speed_up"":2,""swim_speed_up"":0.9,""intensify_action"":0.6,""ink_resistance_up"":0.3,""ink_saver_main"":0.3,""quick_super_jump"":0.3,""sub_resistance_up"":0.3,""object_shredder"":true}",hokusai_hue,5,1,4,8,6,1663,"{""swim_speed_up"":1.3,""sub_power_up"":1,""ink_saver_main"":0.9,""sub_resistance_up"":0.9,""quick_respawn"":0.3,""special_power_up"":0.3,""comeback"":true}",sshooter,7,5,2,10,1,1167,"{""swim_speed_up"":1.9,""intensify_action"":1.2,""ink_resistance_up"":0.3,""quick_super_jump"":0.3,""ninja_squid"":true,""stealth_jump"":true}",gold,#1 Splat Assister,silver,#1 Ink Consumer,silver,#1 Rainmaker Stopper,
Sizzle Season 2025,2025-06-30T16:00:00+00:00,10.0.1,xmatch,hoko,baigai,289,alpha,TRUE,,2047.9,5401,,100,6325cdff,,5433,,0,bfcd41ff,,quadhopper_black,16,12,4,11,3,1335,"{""quick_respawn"":1.9,""quick_super_jump"":0.6,""swim_speed_up"":0.6,""ink_resistance_up"":0.3,""sub_resistance_up"":0.3,""comeback"":true,""stealth_jump"":true}",campingshelter_sorella,7,3,4,4,5,1703,"{""special_charge_up"":1,""quick_super_jump"":0.9,""ink_saver_main"":0.6,""special_saver"":0.6,""swim_speed_up"":0.6,""comeback"":true,""stealth_jump"":true}",wakaba,14,10,4,9,5,1508,"{""ink_saver_sub"":3.5,""quick_respawn"":1,""run_speed_up"":0.6,""special_saver"":0.3}",splatroller,7,6,1,11,1,855,"{""quick_respawn"":1.9,""swim_speed_up"":0.6,""ink_recovery_up"":0.3,""ink_saver_sub"":0.3,""special_charge_up"":0.3,""sub_resistance_up"":0.3,""ninja_squid"":true,""stealth_jump"":true}",prime_frzn,19,10,9,4,6,1479,"{""swim_speed_up"":1.3,""quick_respawn"":0.9,""ink_resistance_up"":0.3,""ink_saver_sub"":0.3,""quick_super_jump"":0.3,""sub_power_up"":0.3,""sub_resistance_up"":0.3,""comeback"":true,""stealth_jump"":true}",hissen_ash,18,11,7,11,5,1309,"{""quick_respawn"":1.3,""ink_saver_sub"":0.9,""special_saver"":0.6,""ink_recovery_up"":0.3,""quick_super_jump"":0.3,""special_charge_up"":0.3,""comeback"":true,""stealth_jump"":true}",sshooter_kou,12,11,1,7,3,1200,"{""ink_saver_sub"":1.5,""swim_speed_up"":1,""ink_resistance_up"":0.6,""quick_super_jump"":0.6,""last_ditch_effort"":true,""stealth_jump"":true}",lact450_milk,5,3,2,9,4,1445,"{""ink_recovery_up"":1,""ink_saver_sub"":0.9,""run_speed_up"":0.6,""swim_speed_up"":0.6,""ink_resistance_up"":0.3,""quick_super_jump"":0.3,""comeback"":true,""stealth_jump"":true}",gold,#1 Overall Splatter,gold,#1 Enemy Splatter,gold,#1 Splat Assister,
Sizzle Season 2025,2025-06-30T16:00:00+00:00,10.0.1,bankara_open,area,ohyo,83,alpha,TRUE,,,1522,,100,343bc4ff,,1362,,0,df6624ff,,splatscope_collabo,4,4,0,1,1,368,"{""swim_speed_up"":1.6,""run_speed_up"":1,""ink_resistance_up"":0.6,""ink_saver_main"":0.6,""quick_super_jump"":0.6,""sub_resistance_up"":0.3,""object_shredder"":true}",fincent_hue,5,4,1,1,1,368,"{""special_charge_up"":1,""ink_saver_main"":0.6,""intensify_action"":0.3,""special_power_up"":0.3,""ninja_squid"":true,""stealth_jump"":true}",momiji,2,1,1,0,2,482,"{""ink_saver_sub"":1.9,""sub_power_up"":1.9,""ink_saver_main"":0.3,""special_saver"":0.3,""swim_speed_up"":0.3,""stealth_jump"":true}",carbon_deco,1,1,0,1,1,304,"{""swim_speed_up"":1.6,""ink_recovery_up"":1,""quick_respawn"":0.9,""special_charge_up"":0.6,""ink_resistance_up"":0.3,""ink_saver_main"":0.3,""comeback"":true}",drivewiper,2,2,0,2,2,380,"{""quick_respawn"":1.9,""quick_super_jump"":0.6,""swim_speed_up"":0.6,""ink_resistance_up"":0.3,""sub_resistance_up"":0.3,""comeback"":true,""stealth_jump"":true}",nautilus79,2,1,1,2,1,429,"{""run_speed_up"":1.3,""special_charge_up"":1.3,""swim_speed_up"":1.3,""intensify_action"":0.6,""quick_super_jump"":0.6,""ink_recovery_up"":0.3,""ink_resistance_up"":0.3}",spygadget,0,0,0,3,0,355,"{""sub_power_up"":2.6,""ink_recovery_up"":1.2,""ink_saver_sub"":1,""special_power_up"":0.9}",liter4k,0,0,0,4,0,198,"{""ink_saver_main"":2.2,""ink_recovery_up"":1.6,""special_charge_up"":1.3,""special_power_up"":0.3,""swim_speed_up"":0.3}",gold,#1 Enemy Splatter,silver,#2 Overall Splatter,silver,#1 Triple Inkstrike User,
Sizzle Season 2025,2025-06-30T16:00:00+00:00,10.0.1,bankara_open,area,kinmedai,108,alpha,TRUE,,,2033,,100,d74b31ff,,1962,,0,1ec0adff,,sshooter,3,3,0,3,1,426,"{""swim_speed_up"":1,""special_charge_up"":0.9,""ink_recovery_up"":0.6,""quick_super_jump"":0.6,""ink_resistance_up"":0.3,""sub_resistance_up"":0.3,""last_ditch_effort"":true,""stealth_jump"":true}",furo,5,3,2,0,2,644,"{""special_charge_up"":3.8,""ink_saver_main"":0.6,""swim_speed_up"":0.3,""tenacity"":true}",longblaster,5,3,2,0,1,411,"{""quick_respawn"":2.2,""intensify_action"":0.6,""quick_super_jump"":0.6,""ink_resistance_up"":0.3,""comeback"":true,""stealth_jump"":true}",hydra,5,4,1,1,2,552,"{""run_speed_up"":1.9,""special_charge_up"":1,""intensify_action"":0.9,""ink_resistance_up"":0.6,""sub_resistance_up"":0.3,""object_shredder"":true}",kelvin525_deco,4,2,2,4,1,304,"{""ink_saver_main"":1.9,""run_speed_up"":0.9,""sub_power_up"":0.9,""opening_gambit"":true,""thermal_ink"":true}",sblast92,2,2,0,4,2,533,"{""quick_respawn"":1,""ink_saver_sub"":0.9,""ink_resistance_up"":0.6,""quick_super_jump"":0.6,""special_saver"":0.6,""comeback"":true,""stealth_jump"":true}",promodeler_rg,1,0,1,4,3,597,"{""special_charge_up"":1.6,""ink_saver_sub"":1.3,""special_saver"":1.3,""swim_speed_up"":0.6,""ink_recovery_up"":0.3,""run_speed_up"":0.3,""sub_resistance_up"":0.3}",dentalwiper_sumi,1,0,1,2,2,528,"{""special_power_up"":1.6,""special_charge_up"":0.6,""swim_speed_up"":0.6,""ink_resistance_up"":0.3,""quick_super_jump"":0.3,""special_saver"":0.3,""comeback"":true,""drop_roller"":true}",silver,First Splat!,silver,#2 Enemy Splatter,silver,#2 Popular Target,
Sizzle Season 2025,2025-06-30T16:00:00+00:00,10.0.1,xmatch,hoko,baigai,300,alpha,FALSE,,1857.0,5628,,68,1ec0adff,,5894,,22,d74b31ff,,sputtery_owl,7,5,2,5,5,1448,"{""quick_respawn"":1.6,""swim_speed_up"":0.9,""ink_resistance_up"":0.3,""ink_saver_sub"":0.3,""intensify_action"":0.3,""quick_super_jump"":0.3,""comeback"":true,""stealth_jump"":true}",sshooter,14,13,1,4,5,1576,"{""swim_speed_up"":1.9,""intensify_action"":0.9,""ink_resistance_up"":0.3,""quick_super_jump"":0.3,""sub_resistance_up"":0.3,""comeback"":true,""stealth_jump"":true}",nautilus47,14,5,9,8,3,1188,"{""run_speed_up"":2.2,""swim_speed_up"":1.6,""ink_resistance_up"":0.6,""quick_super_jump"":0.3,""stealth_jump"":true}",sshooter,14,11,3,10,3,1416,"{""swim_speed_up"":1,""intensify_action"":0.9,""run_speed_up"":0.6,""ink_resistance_up"":0.3,""quick_super_jump"":0.3,""special_saver"":0.3,""sub_resistance_up"":0.3,""comeback"":true,""stealth_jump"":true}",fincent,9,9,0,8,3,1071,"{""swim_speed_up"":0.9,""ink_resistance_up"":0.6,""ink_saver_main"":0.6,""quick_super_jump"":0.6,""comeback"":true,""ninja_squid"":true,""stealth_jump"":true}",furo,6,4,2,10,4,1464,"{""swim_speed_up"":1.6,""ink_saver_main"":1.3,""sub_resistance_up"":0.6,""ink_resistance_up"":0.3,""quick_super_jump"":0.3,""special_charge_up"":0.3,""special_saver"":0.3,""object_shredder"":true}",heroshooter_replica,9,8,1,6,7,1704,"{""ink_saver_main"":1.3,""ink_saver_sub"":0.6,""special_power_up"":0.6,""swim_speed_up"":0.6,""quick_respawn"":0.3,""special_saver"":0.3,""comeback"":true,""stealth_jump"":true}",sharp_neo,8,6,2,10,5,1655,"{""swim_speed_up"":1.9,""special_charge_up"":0.6,""ink_recovery_up"":0.3,""quick_super_jump"":0.3,""special_power_up"":0.3,""comeback"":true,""object_shredder"":true}",silver,#1 Ink Consumer,silver,#1 Checkpoint Breaker,silver,#1 Rainmaker Stopper,
Sizzle Season 2025,2025-06-30T16:00:00+00:00,10.0.1,bankara_open,area,ohyo,306,bravo,FALSE,S+ 18,,4781,,65,cd510aff,,4776,,93,6e04b6ff,,lact450_milk,7,6,1,9,7,1820,"{""special_charge_up"":1,""sub_power_up"":0.9,""ink_saver_sub"":0.6,""ink_resistance_up"":0.3,""quick_super_jump"":0.3,""special_saver"":0.3,""swim_speed_up"":0.3,""comeback"":true,""stealth_jump"":true}",liter4k,7,7,0,4,3,927,"{""ink_saver_main"":2.8,""quick_super_jump"":1.3,""swim_speed_up"":0.6,""respawn_punisher"":true}",hydra,9,6,3,9,3,848,"{""run_speed_up"":3.2,""swim_speed_up"":1.3,""intensify_action"":0.6,""ink_resistance_up"":0.3,""quick_super_jump"":0.3}",fincent_brnz,6,6,0,13,1,1186,"{""ink_saver_main"":1,""ink_recovery_up"":0.9,""quick_respawn"":0.9,""ink_resistance_up"":0.3,""quick_super_jump"":0.3,""sub_resistance_up"":0.3,""comeback"":true,""stealth_jump"":true}",bottlegeyser,19,13,6,6,5,918,"{""swim_speed_up"":2.2,""run_speed_up"":0.6,""ink_resistance_up"":0.3,""quick_super_jump"":0.3,""sub_resistance_up"":0.3,""haunt"":true,""stealth_jump"":true}",jimuwiper_fuu,8,5,3,7,4,1428,"{""quick_respawn"":1.2,""swim_speed_up"":1,""ink_saver_main"":0.6,""ink_resistance_up"":0.3,""quick_super_jump"":0.3,""sub_resistance_up"":0.3,""comeback"":true,""stealth_jump"":true}",prime_frzn,12,9,3,6,5,1199,"{""swim_speed_up"":1,""intensify_action"":0.9,""special_charge_up"":0.9,""quick_super_jump"":0.6,""ink_resistance_up"":0.3,""comeback"":true,""stealth_jump"":true}",kelvin525,10,8,2,6,4,1231,"{""special_saver"":1.5,""ink_saver_main"":1,""ink_saver_sub"":1,""quick_super_jump"":0.6,""ink_resistance_up"":0.3,""swim_speed_up"":0.3,""stealth_jump"":true}",gold,#1 Turf Inker,gold,#1 Splat Zone Guard,gold,#1 Splat Zone Inker,
Sizzle Season 2025,2025-06-30T16:00:00+00:00,10.0.1,bankara_open,area,ohyo,214,alpha,TRUE,,,4027,,100,df6624ff,,3896,,0,343bc4ff,,splatscope_collabo,6,5,1,2,3,867,"{""swim_speed_up"":1.6,""run_speed_up"":1,""ink_resistance_up"":0.6,""ink_saver_main"":0.6,""quick_super_jump"":0.6,""sub_resistance_up"":0.3,""object_shredder"":true}",furuido,11,10,1,2,5,1429,"{""ink_saver_main"":1.9,""swim_speed_up"":1.6,""ink_recovery_up"":0.6,""run_speed_up"":0.6,""stealth_jump"":true}",96gal_sou,8,3,5,2,2,649,"{""swim_speed_up"":1.6,""intensify_action"":1,""special_power_up"":0.9,""sub_resistance_up"":0.6,""quick_respawn"":0.3,""quick_super_jump"":0.3,""stealth_jump"":true}",pablo,8,5,3,2,5,1082,"{""quick_super_jump"":1.9,""swim_speed_up"":1,""ink_recovery_up"":0.6,""special_charge_up"":0.6,""ink_saver_sub"":0.3,""special_saver"":0.3,""stealth_jump"":true}",splatroller,5,5,0,6,3,626,"{""quick_super_jump"":1,""swim_speed_up"":1,""ink_saver_sub"":0.9,""ink_saver_main"":0.6,""special_saver"":0.6,""sub_resistance_up"":0.6,""ninja_squid"":true}",promodeler_rg,1,0,1,4,7,1623,"{""special_charge_up"":4.5,""special_power_up"":0.6,""ink_saver_main"":0.3,""ink_saver_sub"":0.3}",prime,2,2,0,5,3,970,"{""swim_speed_up"":2,""intensify_action"":1.2,""ink_resistance_up"":0.3,""ink_saver_main"":0.3,""ink_saver_sub"":0.3,""quick_super_jump"":0.3,""special_saver"":0.3,""stealth_jump"":true}",prime_collabo,1,1,0,8,2,677,"{""sub_resistance_up"":1.9,""ink_saver_sub"":1,""swim_speed_up"":1,""ink_saver_main"":0.6,""special_charge_up"":0.6,""ink_resistance_up"":0.3,""special_saver"":0.3}",gold,#1 Super Jump Spot,silver,#2 Enemy Splatter,silver,#1 Triple Inkstrike User,
Sizzle Season 2025,2025-06-30T16:00:00+00:00,10.0.1,xmatch,hoko,hirame,300,alpha,FALSE,,2072.9,4487,,69,6e04b6ff,,4532,,20,cd510aff,,quadhopper_black,9,5,4,7,3,1208,"{""quick_respawn"":1.9,""quick_super_jump"":0.6,""swim_speed_up"":0.6,""ink_resistance_up"":0.3,""sub_resistance_up"":0.3,""comeback"":true,""stealth_jump"":true}",bottlegeyser,13,11,2,5,2,957,"{""ink_recovery_up"":1.3,""special_charge_up"":1,""swim_speed_up"":1,""quick_super_jump"":0.6,""run_speed_up"":0.6,""special_power_up"":0.6,""ink_saver_main"":0.3,""ink_saver_sub"":0.3}",hydra_custom,11,9,2,3,4,1405,"{""run_speed_up"":1.9,""swim_speed_up"":0.6,""ink_resistance_up"":0.3,""quick_super_jump"":0.3,""special_saver"":0.3,""sub_resistance_up"":0.3,""stealth_jump"":true,""thermal_ink"":true}",hokusai_sui,11,10,1,11,0,917,"{""ink_saver_sub"":1.9,""swim_speed_up"":0.9,""ink_resistance_up"":0.3,""quick_super_jump"":0.3,""sub_resistance_up"":0.3,""comeback"":true,""ninja_squid"":true}",explosher_custom,10,8,2,7,3,1428,"{""ink_saver_main"":2.5,""swim_speed_up"":1,""ink_recovery_up"":0.3,""ink_resistance_up"":0.3,""quick_super_jump"":0.3,""sub_resistance_up"":0.3,""stealth_jump"":true}",lact450_deco,14,13,1,9,5,1332,"{""quick_respawn"":2.9,""special_power_up"":0.9,""ink_resistance_up"":0.3,""quick_super_jump"":0.3,""sub_resistance_up"":0.3,""stealth_jump"":true}",barrelspinner,6,1,5,8,3,1046,"{""run_speed_up"":3.1,""ink_resistance_up"":1.3,""swim_speed_up"":0.3,""object_shredder"":true}",sshooter_kou,7,4,3,11,2,726,"{""swim_speed_up"":3.8,""ink_saver_main"":0.3,""intensify_action"":0.3,""quick_super_jump"":0.3,""stealth_jump"":true}",silver,#1 Ground Traveler,gold,#1 Popular Target,gold,#1 Splat Assister,
Sizzle Season 2025,2025-06-30T16:00:00+00:00,10.0.1,xmatch,hoko,baigai,326,alpha,FALSE,,1857.0,5408,,87,1bbfabff,,5425,,53,c43a6eff,,sputtery_owl,13,11,2,5,7,1605,"{""quick_respawn"":1.6,""swim_speed_up"":0.9,""ink_resistance_up"":0.3,""ink_saver_sub"":0.3,""intensify_action"":0.3,""quick_super_jump"":0.3,""comeback"":true,""stealth_jump"":true}",rapid_elite_wntr,13,7,6,9,5,1186,"{""special_charge_up"":1,""swim_speed_up"":0.9,""intensify_action"":0.6,""quick_super_jump"":0.6,""special_power_up"":0.3,""sub_power_up"":0.3,""respawn_punisher"":true,""stealth_jump"":true}",sshooter_collabo,9,7,2,8,7,1552,"{""special_charge_up"":1.3,""swim_speed_up"":0.9,""ink_recovery_up"":0.3,""ink_resistance_up"":0.3,""quick_super_jump"":0.3,""special_saver"":0.3,""sub_resistance_up"":0.3,""last_ditch_effort"":true,""stealth_jump"":true}",prime,9,8,1,7,5,1065,"{""swim_speed_up"":1,""intensify_action"":0.9,""ink_recovery_up"":0.3,""ink_resistance_up"":0.3,""ink_saver_main"":0.3,""ink_saver_sub"":0.3,""quick_super_jump"":0.3,""sub_resistance_up"":0.3,""comeback"":true,""stealth_jump"":true}",prime_frzn,14,11,3,7,6,1572,"{""swim_speed_up"":1.3,""intensify_action"":1,""quick_super_jump"":0.9,""special_saver"":0.9,""ink_resistance_up"":0.3,""sub_resistance_up"":0.3,""stealth_jump"":true}",hotblaster_custom,13,10,3,8,1,1007,"{""swim_speed_up"":1.6,""ink_resistance_up"":1.3,""quick_super_jump"":0.6,""run_speed_up"":0.6,""special_charge_up"":0.6,""last_ditch_effort"":true}",maneuver,6,4,2,9,2,1614,"{""quick_respawn"":1.9,""swim_speed_up"":0.9,""quick_super_jump"":0.6,""ink_resistance_up"":0.3,""comeback"":true,""stealth_jump"":true}",hydra,6,3,3,9,3,1232,"{""run_speed_up"":3.8,""intensify_action"":1,""quick_super_jump"":0.6}",gold,#1 Overall Splatter,gold,#1 Super Jump Spot,gold,#1 Turf Inker,
Sizzle Season 2025,2025-06-30T16:00:00+00:00,10.0.1,bankara_open,area,kinmedai,223,bravo,TRUE,S+ 18,,3618,,0,343bc4ff,,3500,,100,df6624ff,,l3reelgun_d,11,11,0,7,4,1310,"{""run_speed_up"":1,""intensify_action"":0.6,""sub_power_up"":0.6,""swim_speed_up"":0.6,""ink_resistance_up"":0.3,""quick_super_jump"":0.3,""special_saver"":0.3,""comeback"":true,""stealth_jump"":true}",liter4k,6,5,1,3,2,671,"{""ink_saver_main"":2.8,""quick_super_jump"":1.3,""swim_speed_up"":0.6,""respawn_punisher"":true}",hydra,3,1,2,3,3,809,"{""run_speed_up"":3.2,""swim_speed_up"":1.3,""intensify_action"":0.6,""ink_resistance_up"":0.3,""quick_super_jump"":0.3}",fincent_brnz,4,2,2,6,3,828,"{""ink_saver_main"":1,""ink_recovery_up"":0.9,""quick_respawn"":0.9,""ink_resistance_up"":0.3,""quick_super_jump"":0.3,""sub_resistance_up"":0.3,""comeback"":true,""stealth_jump"":true}",52gal,10,9,1,7,3,992,"{""swim_speed_up"":1.6,""intensify_action"":0.9,""ink_recovery_up"":0.3,""ink_resistance_up"":0.3,""quick_super_jump"":0.3,""sub_resistance_up"":0.3,""comeback"":true,""stealth_jump"":true}",wideroller_waku,6,4,2,6,3,848,"{""special_charge_up"":1,""ink_saver_sub"":0.9,""swim_speed_up"":0.9,""ink_resistance_up"":0.3,""quick_super_jump"":0.3,""sub_resistance_up"":0.3,""comeback"":true,""stealth_jump"":true}",liter4k,5,4,1,3,2,628,"{""ink_saver_main"":1.2,""swim_speed_up"":1,""quick_super_jump"":0.6,""sub_resistance_up"":0.6,""ink_resistance_up"":0.3,""object_shredder"":true,""respawn_punisher"":true}",tristringer,2,2,0,3,5,1032,"{""swim_speed_up"":2.2,""run_speed_up"":1,""special_charge_up"":0.9,""ink_recovery_up"":0.3,""intensify_action"":0.3,""drop_roller"":true}",gold,#1 Overall Splatter,gold,#1 Turf Inker,gold,#1 Splat Zone Inker,
Sizzle Season 2025,2025-06-30T16:00:00+00:00,10.0.1,bankara_open,area,kinmedai,98,alpha,TRUE,S+ 18,,1813,,100,a0c937ff,,1724,,0,ba30b0ff,,l3reelgun_d,3,3,0,2,2,603,"{""run_speed_up"":1,""intensify_action"":0.6,""sub_power_up"":0.6,""swim_speed_up"":0.6,""ink_resistance_up"":0.3,""quick_super_jump"":0.3,""special_saver"":0.3,""comeback"":true,""stealth_jump"":true}",fincent_brnz,3,3,0,1,0,423,"{""ink_saver_main"":1,""ink_recovery_up"":0.9,""quick_respawn"":0.9,""ink_resistance_up"":0.3,""quick_super_jump"":0.3,""sub_resistance_up"":0.3,""comeback"":true,""stealth_jump"":true}",hydra,1,1,0,0,1,381,"{""run_speed_up"":3.2,""swim_speed_up"":1.3,""intensify_action"":0.6,""ink_resistance_up"":0.3,""quick_super_jump"":0.3}",nautilus79,1,1,0,1,1,406,"{""quick_respawn"":1.3,""ink_resistance_up"":1,""run_speed_up"":0.9,""ink_saver_sub"":0.3,""quick_super_jump"":0.3,""special_saver"":0.3,""comeback"":true}",hydra,2,1,1,1,2,404,"{""run_speed_up"":5.7}",nzap85,0,0,0,1,2,518,"{""special_charge_up"":1,""run_speed_up"":0.6,""special_power_up"":0.6,""swim_speed_up"":0.6,""ink_resistance_up"":0.3,""intensify_action"":0.3,""sub_resistance_up"":0.3,""last_ditch_effort"":true,""stealth_jump"":true}",maneuver_you,2,2,0,3,1,354,"{""ink_saver_main"":1.9,""intensify_action"":1.6,""quick_respawn"":0.6,""quick_super_jump"":0.3,""run_speed_up"":0.3,""ninja_squid"":true}",order_stringer_replica,1,1,0,3,3,448,"{""special_charge_up"":1.9,""ink_recovery_up"":1.3,""ink_saver_main"":0.9,""intensify_action"":0.3,""swim_speed_up"":0.3,""respawn_punisher"":true}",gold,#1 Overall Splatter,gold,#1 Turf Inker,gold,#1 Splat Zone Guard,
Sizzle Season 2025,2025-06-30T16:00:00+00:00,10.0.1,xmatch,hoko,hirame,318,alpha,FALSE,,1907.0,4510,,93,c12d74ff,,4687,,59,2cb721ff,,sputtery_owl,7,6,1,6,5,1375,"{""quick_respawn"":1.6,""swim_speed_up"":0.9,""ink_resistance_up"":0.3,""ink_saver_sub"":0.3,""intensify_action"":0.3,""quick_super_jump"":0.3,""comeback"":true,""stealth_jump"":true}",squiclean_a,8,5,3,7,1,937,"{""special_charge_up"":1.3,""swim_speed_up"":1.3,""ink_saver_sub"":0.6,""run_speed_up"":0.6,""ink_resistance_up"":0.3,""quick_super_jump"":0.3,""special_saver"":0.3,""stealth_jump"":true}",nova_neo,16,16,0,8,3,933,"{""quick_respawn"":1.5,""swim_speed_up"":0.9,""quick_super_jump"":0.3,""comeback"":true,""ninja_squid"":true,""stealth_jump"":true}",sshooter,4,3,1,8,3,1265,"{""swim_speed_up"":1.3,""intensify_action"":0.9,""run_speed_up"":0.6,""ink_resistance_up"":0.3,""quick_super_jump"":0.3,""sub_resistance_up"":0.3,""comeback"":true,""stealth_jump"":true}",sshooter_collabo,14,10,4,7,4,1209,"{""swim_speed_up"":1.6,""intensify_action"":0.9,""ink_resistance_up"":0.3,""quick_super_jump"":0.3,""special_saver"":0.3,""sub_resistance_up"":0.3,""comeback"":true,""stealth_jump"":true}",pablo,13,9,4,9,5,1432,"{""ink_saver_sub"":1.6,""quick_super_jump"":0.6,""special_saver"":0.6,""sub_power_up"":0.6,""ink_saver_main"":0.3,""comeback"":true,""stealth_jump"":true}",momiji,8,4,4,9,4,1127,"{""ink_saver_main"":1.8,""swim_speed_up"":1,""special_charge_up"":0.3,""special_saver"":0.3,""sub_power_up"":0.3,""last_ditch_effort"":true,""respawn_punisher"":true}",liter4k_custom,7,6,1,5,4,919,"{""ink_recovery_up"":1.9,""run_speed_up"":1.9,""intensify_action"":0.3,""special_saver"":0.3,""sub_resistance_up"":0.3,""respawn_punisher"":true}",gold,#1 Popular Target,gold,#1 Turf Inker,silver,#1 Rainmaker Stopper,
Sizzle Season 2025,2025-06-30T16:00:00+00:00,10.0.1,bankara_open,area,kinmedai,318,bravo,FALSE,S+ 18,,6447,,83,a0c937ff,,6371,,84,ba30b0ff,,l3reelgun_d,17,17,0,9,7,1711,"{""run_speed_up"":1,""intensify_action"":0.6,""sub_power_up"":0.6,""swim_speed_up"":0.6,""ink_resistance_up"":0.3,""quick_super_jump"":0.3,""special_saver"":0.3,""comeback"":true,""stealth_jump"":true}",hydra,5,3,2,0,9,2125,"{""intensify_action"":1.9,""run_speed_up"":1.3,""ink_saver_main"":0.9,""ink_recovery_up"":0.3,""swim_speed_up"":0.3,""respawn_punisher"":true}",hydra,4,4,0,3,6,1509,"{""run_speed_up"":3.2,""swim_speed_up"":1.3,""intensify_action"":0.6,""ink_resistance_up"":0.3,""quick_super_jump"":0.3}",fincent_brnz,3,1,2,8,6,1102,"{""ink_saver_main"":1,""ink_recovery_up"":0.9,""quick_respawn"":0.9,""ink_resistance_up"":0.3,""quick_super_jump"":0.3,""sub_resistance_up"":0.3,""comeback"":true,""stealth_jump"":true}",sshooter,8,8,0,7,6,1756,"{""ink_saver_main"":1.9,""sub_power_up"":1.9,""run_speed_up"":1.3,""special_power_up"":0.6}",furuido,7,4,3,5,6,1849,"{""ink_saver_main"":1.9,""special_charge_up"":1.6,""swim_speed_up"":1.3,""ink_recovery_up"":0.6,""run_speed_up"":0.3}",order_stringer_replica,5,3,2,2,9,1676,"{""ink_saver_main"":0.9,""ink_resistance_up"":0.6,""intensify_action"":0.3,""quick_super_jump"":0.3,""run_speed_up"":0.3,""sub_power_up"":0.3,""object_shredder"":true,""opening_gambit"":true,""respawn_punisher"":true}",nzap89,5,5,0,11,4,1090,"{""intensify_action"":1.3,""swim_speed_up"":1,""ink_resistance_up"":0.3,""run_speed_up"":0.3,""last_ditch_effort"":true}",gold,#1 Overall Splatter,gold,#1 Enemy Splatter,gold,#1 Splat Zone Guard,
Sizzle Season 2025,2025-06-30T16:00:00+00:00,10.0.1,xmatch,hoko,hirame,300,alpha,FALSE,,1907.0,4341,,79,9025c6ff,,4445,,32,cfb121ff,,sputtery_owl,12,10,2,6,6,1316,"{""quick_respawn"":1.6,""swim_speed_up"":0.9,""ink_resistance_up"":0.3,""ink_saver_sub"":0.3,""intensify_action"":0.3,""quick_super_jump"":0.3,""comeback"":true,""stealth_jump"":true}",carbon_deco,15,12,3,6,2,724,"{""swim_speed_up"":1.6,""ink_resistance_up"":0.6,""quick_super_jump"":0.6,""sub_power_up"":0.6,""run_speed_up"":0.3,""ninja_squid"":true,""stealth_jump"":true}",sshooter_collabo,6,4,2,11,1,951,"{""swim_speed_up"":1.3,""intensify_action"":0.9,""quick_super_jump"":0.6,""ink_saver_sub"":0.3,""special_charge_up"":0.3,""sub_resistance_up"":0.3,""comeback"":true,""stealth_jump"":true}",furo_deco,10,8,2,4,4,1350,"{""special_charge_up"":1,""ink_saver_main"":0.6,""quick_super_jump"":0.6,""special_power_up"":0.6,""special_saver"":0.6,""ink_resistance_up"":0.3,""object_shredder"":true,""thermal_ink"":true}",hokusai_sui,10,9,1,10,2,968,"{""swim_speed_up"":2.5,""special_charge_up"":0.6,""intensify_action"":0.3,""quick_super_jump"":0.3,""ninja_squid"":true,""stealth_jump"":true}",furo,7,4,3,6,4,1609,"{""run_speed_up"":2,""quick_super_jump"":1.6,""ink_recovery_up"":0.6,""swim_speed_up"":0.6,""quick_respawn"":0.3,""special_saver"":0.3,""sub_power_up"":0.3}",hotblaster_custom,13,7,6,9,2,668,"{""special_charge_up"":3.2,""ink_saver_sub"":1.9,""special_power_up"":0.6}",bold,9,7,2,9,4,1200,"{""swim_speed_up"":2.9,""quick_super_jump"":1.9,""special_charge_up"":0.6}",silver,#1 Damage Taker,silver,#1 Ink Consumer,silver,#1 Killer Wail 5.1 User,
Sizzle Season 2025,2025-06-30T16:00:00+00:00,10.0.1,xmatch,hoko,hirame,302,alpha,FALSE,,1907.0,4023,,53,ba30b0ff,,4055,,48,a0c937ff,,sputtery_owl,15,13,2,7,5,1194,"{""quick_respawn"":1.6,""swim_speed_up"":0.9,""ink_resistance_up"":0.3,""ink_saver_sub"":0.3,""intensify_action"":0.3,""quick_super_jump"":0.3,""comeback"":true,""stealth_jump"":true}",hydra_atsu,12,10,2,6,4,1009,"{""run_speed_up"":1.3,""swim_speed_up"":1,""ink_resistance_up"":0.6,""quick_super_jump"":0.6,""special_saver"":0.6,""sub_resistance_up"":0.6,""object_shredder"":true}",maneuver,6,4,2,9,3,948,"{""quick_respawn"":1.9,""swim_speed_up"":0.9,""quick_super_jump"":0.6,""ink_resistance_up"":0.3,""comeback"":true,""stealth_jump"":true}",longblaster,7,3,4,8,3,872,"{""intensify_action"":5.7}",hydra_atsu,11,7,4,6,3,1293,"{""ink_saver_main"":2.3,""run_speed_up"":1,""ink_recovery_up"":0.6,""special_charge_up"":0.3,""sub_resistance_up"":0.3,""swim_speed_up"":0.3}",prime,9,7,2,4,3,843,"{""swim_speed_up"":1.3,""special_charge_up"":1,""ink_recovery_up"":0.6,""ink_resistance_up"":0.6,""ink_saver_sub"":0.6,""quick_super_jump"":0.3,""sub_resistance_up"":0.3,""stealth_jump"":true}",maneuver_collabo,11,9,2,7,4,1149,"{""swim_speed_up"":1,""intensify_action"":0.9,""quick_super_jump"":0.9,""special_saver"":0.6,""ink_resistance_up"":0.3,""comeback"":true,""stealth_jump"":true}",drivewiper,7,7,0,13,1,770,"{""quick_respawn"":2,""quick_super_jump"":0.6,""special_saver"":0.6,""swim_speed_up"":0.6,""ink_resistance_up"":0.3,""ink_saver_main"":0.3,""sub_resistance_up"":0.3,""stealth_jump"":true}",gold,#1 Overall Splatter,gold,#1 Enemy Splatter,gold,#1 Turf Inker,
Sizzle Season 2025,2025-06-30T16:00:00+00:00,10.0.1,bankara_open,area,kinmedai,306,alpha,FALSE,S+ 1,,5494,,81,d0bf08ff,,5563,,80,3a0ccdff,,carbon_deco,11,11,0,12,1,687,"{""run_speed_up"":1.3,""swim_speed_up"":1.2,""quick_super_jump"":0.9,""ink_saver_sub"":0.3,""ninja_squid"":true,""stealth_jump"":true}",sshooter_collabo,7,6,1,8,10,2169,"{""ink_saver_main"":3,""ink_recovery_up"":0.9,""ink_saver_sub"":0.9,""special_charge_up"":0.9}",liter4k_scope,9,6,3,3,6,1325,"{""swim_speed_up"":1.3,""ink_saver_main"":1.2,""quick_super_jump"":0.9,""ink_recovery_up"":0.3,""haunt"":true,""object_shredder"":true}",splatspinner_pytn,6,6,0,10,4,1313,"{""quick_respawn"":1.2,""run_speed_up"":1,""special_charge_up"":0.6,""intensify_action"":0.3,""quick_super_jump"":0.3,""sub_resistance_up"":0.3,""comeback"":true,""stealth_jump"":true}",furo,12,6,6,6,6,1946,"{""ink_saver_main"":1.9,""run_speed_up"":0.9,""special_power_up"":0.9,""drop_roller"":true,""thermal_ink"":true}",h3reelgun_snak,14,11,3,9,1,852,"{""sub_power_up"":1.3,""ink_resistance_up"":1,""intensify_action"":1,""quick_super_jump"":0.3,""run_speed_up"":0.3}",wakaba,12,8,4,7,6,1713,"{""ink_saver_main"":2.5,""ink_saver_sub"":1,""swim_speed_up"":1,""special_power_up"":0.6,""ink_recovery_up"":0.3,""sub_power_up"":0.3}",dualsweeper,11,7,4,7,3,1052,"{""ink_recovery_up"":1.9,""ink_saver_sub"":1.9,""swim_speed_up"":0.9,""ninja_squid"":true}",gold,#1 Overall Splatter,gold,#1 Enemy Splatter,silver,#1 Splat Zone Hero,
Sizzle Season 2025,2025-06-30T16:00:00+00:00,10.0.1,bankara_open,area,ohyo,80,alpha,TRUE,S+ 18,,1392,,100,df6624ff,,1316,,0,343bc4ff,,l3reelgun_d,8,7,1,2,2,503,"{""run_speed_up"":1,""intensify_action"":0.6,""sub_power_up"":0.6,""swim_speed_up"":0.6,""ink_resistance_up"":0.3,""quick_super_jump"":0.3,""special_saver"":0.3,""comeback"":true,""stealth_jump"":true}",hydra,4,3,1,1,0,280,"{""run_speed_up"":3.2,""swim_speed_up"":1.3,""intensify_action"":0.6,""ink_resistance_up"":0.3,""quick_super_jump"":0.3}",fincent_brnz,3,1,2,1,0,365,"{""ink_saver_main"":1,""ink_recovery_up"":0.9,""quick_respawn"":0.9,""ink_resistance_up"":0.3,""quick_super_jump"":0.3,""sub_resistance_up"":0.3,""comeback"":true,""stealth_jump"":true}",hydra,2,2,0,1,1,244,"{""quick_respawn"":1.3,""ink_resistance_up"":1,""run_speed_up"":0.9,""ink_saver_sub"":0.3,""quick_super_jump"":0.3,""special_saver"":0.3,""comeback"":true}",tristringer,3,2,1,3,1,294,"{""swim_speed_up"":2.2,""run_speed_up"":1,""special_charge_up"":0.9,""ink_recovery_up"":0.3,""intensify_action"":0.3,""drop_roller"":true}",fincent_hue,2,2,0,3,1,365,"{""ink_saver_main"":1.9,""swim_speed_up"":0.9,""ink_resistance_up"":0.3,""quick_super_jump"":0.3,""sub_resistance_up"":0.3,""comeback"":true,""stealth_jump"":true}",rapid_elite_wntr,1,0,1,3,1,299,"{""intensify_action"":1,""special_charge_up"":1,""swim_speed_up"":1,""ink_saver_main"":0.9,""ink_resistance_up"":0.6,""sub_resistance_up"":0.6,""ink_saver_sub"":0.3,""quick_super_jump"":0.3}",maneuver_collabo,1,1,0,4,1,358,"{""special_saver"":1.3,""swim_speed_up"":0.9,""quick_respawn"":0.6,""ink_resistance_up"":0.3,""quick_super_jump"":0.3,""run_speed_up"":0.3,""comeback"":true,""stealth_jump"":true}",gold,#1 Overall Splatter,gold,#1 Splat Zone Guard,gold,#1 Splat Zone Inker,
Sizzle Season 2025,2025-06-30T16:00:00+00:00,10.0.1,bankara_open,area,kinmedai,171,bravo,TRUE,S+ 18,,2997,,0,a0c937ff,,3156,,100,ba30b0ff,,l3reelgun_d,3,3,0,6,4,1005,"{""run_speed_up"":1,""intensify_action"":0.6,""sub_power_up"":0.6,""swim_speed_up"":0.6,""ink_resistance_up"":0.3,""quick_super_jump"":0.3,""special_saver"":0.3,""comeback"":true,""stealth_jump"":true}",liter4k,5,4,1,2,2,593,"{""ink_saver_main"":2.8,""quick_super_jump"":1.3,""swim_speed_up"":0.6,""respawn_punisher"":true}",hydra,3,3,0,2,3,659,"{""run_speed_up"":3.2,""swim_speed_up"":1.3,""intensify_action"":0.6,""ink_resistance_up"":0.3,""quick_super_jump"":0.3}",fincent_brnz,3,2,1,4,2,740,"{""ink_saver_main"":1,""ink_recovery_up"":0.9,""quick_respawn"":0.9,""ink_resistance_up"":0.3,""quick_super_jump"":0.3,""sub_resistance_up"":0.3,""comeback"":true,""stealth_jump"":true}",jetsweeper_cobr,6,6,0,2,3,960,"{""ink_resistance_up"":1,""swim_speed_up"":1,""intensify_action"":0.9,""ink_saver_main"":0.6,""special_charge_up"":0.6,""quick_respawn"":0.3,""quick_super_jump"":0.3,""stealth_jump"":true}",order_maneuver_replica,6,3,3,4,2,663,"{""quick_respawn"":1,""quick_super_jump"":0.6,""swim_speed_up"":0.6,""ink_recovery_up"":0.3,""ink_resistance_up"":0.3,""intensify_action"":0.3,""special_saver"":0.3,""sub_resistance_up"":0.3,""comeback"":true,""stealth_jump"":true}",moprin_kaku,3,0,3,3,3,790,"{""swim_speed_up"":1.3,""ink_resistance_up"":0.6,""ink_saver_main"":0.6,""special_power_up"":0.6,""quick_super_jump"":0.3,""sub_resistance_up"":0.3,""comeback"":true,""stealth_jump"":true}",campingshelter_crem,6,5,1,3,2,743,"{""quick_super_jump"":1.6,""ink_saver_main"":0.6,""swim_speed_up"":0.6,""ink_recovery_up"":0.3,""ink_resistance_up"":0.3,""intensify_action"":0.3,""comeback"":true,""stealth_jump"":true}",gold,#1 Popular Target,gold,#1 Turf Inker,gold,#1 Splat Zone Inker,
Sizzle Season 2025,2025-06-30T16:00:00+00:00,10.0.1,xmatch,hoko,hirame,300,bravo,FALSE,,1982.0,3491,,4,df6624ff,,3829,,92,343bc4ff,,sputtery_owl,11,8,3,7,5,1075,"{""quick_respawn"":1.6,""swim_speed_up"":0.9,""ink_resistance_up"":0.3,""ink_saver_sub"":0.3,""intensify_action"":0.3,""quick_super_jump"":0.3,""comeback"":true,""stealth_jump"":true}",sshooter_collabo,14,12,2,9,2,1052,"{""swim_speed_up"":1,""ink_saver_main"":0.6,""intensify_action"":0.6,""quick_super_jump"":0.6,""ink_resistance_up"":0.3,""special_saver"":0.3,""sub_resistance_up"":0.3,""comeback"":true,""stealth_jump"":true}",order_roller_replica,3,2,1,11,0,780,"{""swim_speed_up"":1.9,""ink_saver_sub"":0.9,""quick_super_jump"":0.9,""ninja_squid"":true,""stealth_jump"":true}",prime,6,5,1,7,1,584,"{""swim_speed_up"":1,""intensify_action"":0.6,""sub_resistance_up"":0.6,""ink_resistance_up"":0.3,""ink_saver_main"":0.3,""quick_respawn"":0.3,""comeback"":true,""stealth_jump"":true}",carbon,15,13,2,7,3,650,"{""ink_saver_sub"":1.3,""swim_speed_up"":1,""sub_power_up"":0.9,""ink_recovery_up"":0.6,""quick_super_jump"":0.6,""special_saver"":0.3,""stealth_jump"":true}",nautilus47,14,10,4,5,3,995,"{""quick_respawn"":2.8,""quick_super_jump"":0.6,""ink_resistance_up"":0.3,""comeback"":true,""object_shredder"":true}",sshooter,10,8,2,12,1,870,"{""swim_speed_up"":1.9,""intensify_action"":0.6,""quick_super_jump"":0.6,""quick_respawn"":0.3,""special_power_up"":0.3,""comeback"":true,""stealth_jump"":true}",l3reelgun_haku,4,3,1,3,5,1314,"{""special_charge_up"":1.3,""swim_speed_up"":1,""run_speed_up"":0.6,""drop_roller"":true}",gold,#1 Splat Assister,gold,#1 Turf Inker,silver,#1 Rainmaker Stopper,
Sizzle Season 2025,2025-06-30T16:00:00+00:00,10.0.1,bankara_open,area,kinmedai,72,bravo,TRUE,S+ 1,,1167,,0,1ec0adff,,1192,,100,d74b31ff,,carbon_deco,2,2,0,3,0,209,"{""run_speed_up"":1.3,""swim_speed_up"":1.2,""quick_super_jump"":0.9,""ink_saver_sub"":0.3,""ninja_squid"":true,""stealth_jump"":true}",dualsweeper,2,0,2,2,1,290,"{""swim_speed_up"":1,""special_charge_up"":0.6,""special_power_up"":0.6,""ink_resistance_up"":0.3,""intensify_action"":0.3,""quick_super_jump"":0.3,""run_speed_up"":0.3,""special_saver"":0.3,""comeback"":true,""stealth_jump"":true}",96gal_deco,2,1,1,2,1,310,"{""intensify_action"":1.9,""swim_speed_up"":1,""ink_resistance_up"":0.6,""quick_super_jump"":0.3,""special_charge_up"":0.3,""special_saver"":0.3,""sub_resistance_up"":0.3,""stealth_jump"":true}",dualsweeper,1,1,0,3,1,358,"{""quick_respawn"":1.3,""ink_resistance_up"":0.6,""swim_speed_up"":0.6,""intensify_action"":0.3,""quick_super_jump"":0.3,""special_power_up"":0.3,""sub_resistance_up"":0.3,""comeback"":true,""stealth_jump"":true}",drivewiper,6,3,3,0,1,316,"{""swim_speed_up"":0.9,""special_saver"":0.6,""ink_resistance_up"":0.3,""sub_resistance_up"":0.3,""comeback"":true,""haunt"":true,""stealth_jump"":true}",rpen_5h,5,2,3,0,1,330,"{""run_speed_up"":1.6,""ink_saver_main"":1.3,""special_charge_up"":1,""special_saver"":0.3,""sub_resistance_up"":0.3,""swim_speed_up"":0.3}",furuido,5,4,1,1,1,436,"{""swim_speed_up"":1.6,""ink_saver_main"":1,""special_charge_up"":1,""run_speed_up"":0.6,""special_saver"":0.6,""quick_respawn"":0.3}",clashblaster,2,1,1,3,0,110,"{""swim_speed_up"":2.6,""special_charge_up"":1.3,""ink_recovery_up"":0.3,""quick_respawn"":0.3,""quick_super_jump"":0.3,""special_power_up"":0.3,""special_saver"":0.3,""sub_resistance_up"":0.3}",gold,#1 Overall Splatter,gold,#1 Enemy Splatter,silver,#1 Splat Zone Hero,
Sizzle Season 2025,2025-06-30T16:00:00+00:00,10.0.1,bankara_open,area,ohyo,161,alpha,TRUE,S+ 1,,2736,,100,d0bf08ff,,2049,,0,3a0ccdff,,carbon_deco,14,13,1,4,2,615,"{""run_speed_up"":1.3,""swim_speed_up"":1.2,""quick_super_jump"":0.9,""ink_saver_sub"":0.3,""ninja_squid"":true,""stealth_jump"":true}",nzap89,1,1,0,2,3,946,"{""swim_speed_up"":2.2,""quick_super_jump"":1.3,""ink_recovery_up"":0.3,""ink_saver_main"":0.3,""sub_power_up"":0.3,""sub_resistance_up"":0.3,""ninja_squid"":true}",bottlegeyser,10,7,3,5,1,450,"{""swim_speed_up"":1.9,""run_speed_up"":1.6,""ink_resistance_up"":0.6,""quick_super_jump"":0.3,""sub_resistance_up"":0.3,""stealth_jump"":true}",tristringer_tou,5,4,1,1,2,725,"{""special_charge_up"":1.6,""ink_saver_sub"":1.3,""run_speed_up"":1,""ink_resistance_up"":0.6,""quick_super_jump"":0.6,""swim_speed_up"":0.6}",bold,7,5,2,7,1,528,"{""ink_saver_main"":1.6,""swim_speed_up"":1.3,""special_charge_up"":0.9,""run_speed_up"":0.6,""ink_resistance_up"":0.3,""ninja_squid"":true}",longblaster_custom,5,2,3,9,0,299,"{""ink_resistance_up"":1.6,""ink_recovery_up"":1,""ink_saver_main"":0.9,""run_speed_up"":0.9,""swim_speed_up"":0.3,""drop_roller"":true}",tristringer_tou,2,2,0,3,4,805,"{""intensify_action"":2,""special_saver"":1.3,""ink_saver_main"":0.6,""quick_respawn"":0.6,""ink_recovery_up"":0.3,""quick_super_jump"":0.3,""special_charge_up"":0.3}",carbon_deco,3,3,0,6,1,417,"{""quick_respawn"":3.8,""ink_resistance_up"":0.3,""quick_super_jump"":0.3,""sub_resistance_up"":0.3,""stealth_jump"":true}",gold,#1 Overall Splatter,gold,#1 Splat Zone Guard,gold,#1 Splat Zone Inker,
Sizzle Season 2025,2025-06-30T16:00:00+00:00,10.0.1,bankara_open,area,kinmedai,281,bravo,TRUE,S+ 18,,4898,,0,df6624ff,,5130,,100,343bc4ff,,l3reelgun_d,9,7,2,12,6,1444,"{""run_speed_up"":1,""intensify_action"":0.6,""sub_power_up"":0.6,""swim_speed_up"":0.6,""ink_resistance_up"":0.3,""quick_super_jump"":0.3,""special_saver"":0.3,""comeback"":true,""stealth_jump"":true}",hydra,2,0,2,4,6,1257,"{""run_speed_up"":3.2,""swim_speed_up"":1.3,""intensify_action"":0.6,""ink_resistance_up"":0.3,""quick_super_jump"":0.3}",liter4k,8,8,0,6,4,1088,"{""ink_saver_main"":2.8,""quick_super_jump"":1.3,""swim_speed_up"":0.6,""respawn_punisher"":true}",fincent_brnz,6,6,0,9,2,1109,"{""ink_saver_main"":1,""ink_recovery_up"":0.9,""quick_respawn"":0.9,""ink_resistance_up"":0.3,""quick_super_jump"":0.3,""sub_resistance_up"":0.3,""comeback"":true,""stealth_jump"":true}",nautilus47,19,18,1,5,3,1125,"{""run_speed_up"":2.9,""ink_saver_sub"":1.3,""sub_power_up"":0.9,""ink_resistance_up"":0.6}",furo,7,5,2,4,6,1766,"{""quick_super_jump"":1.6,""ink_saver_main"":0.6,""swim_speed_up"":0.6,""ink_recovery_up"":0.3,""ink_resistance_up"":0.3,""sub_resistance_up"":0.3,""drop_roller"":true,""haunt"":true}",lact450_milk,2,0,2,4,4,1145,"{""ink_recovery_up"":1.9,""ink_saver_sub"":1.9,""swim_speed_up"":1.9}",quadhopper_black,9,8,1,8,4,1094,"{""quick_respawn"":1.9,""quick_super_jump"":0.6,""ink_resistance_up"":0.3,""ink_saver_sub"":0.3,""special_saver"":0.3,""sub_resistance_up"":0.3,""comeback"":true,""stealth_jump"":true}",gold,#1 Overall Splatter,gold,#1 Splat Assister,gold,#1 Turf Inker,
Sizzle Season 2025,2025-06-30T16:00:00+00:00,10.0.1,xmatch,hoko,hirame,300,bravo,FALSE,,1982.0,4617,,12,cd510aff,,4807,,49,6e04b6ff,,sputtery_owl,9,6,3,8,6,1178,"{""quick_respawn"":1.6,""swim_speed_up"":0.9,""ink_resistance_up"":0.3,""ink_saver_sub"":0.3,""intensify_action"":0.3,""quick_super_jump"":0.3,""comeback"":true,""stealth_jump"":true}",sshooter,6,5,1,9,3,1220,"{""swim_speed_up"":1.5,""ink_saver_sub"":1.2,""run_speed_up"":1,""ninja_squid"":true,""object_shredder"":true}",longblaster,4,2,2,7,4,773,"{""intensify_action"":1.3,""swim_speed_up"":1.3,""ink_saver_main"":0.6,""quick_super_jump"":0.6,""ink_resistance_up"":0.3,""special_saver"":0.3,""sub_resistance_up"":0.3,""stealth_jump"":true}",jetsweeper_cobr,5,4,1,4,5,1446,"{""ink_saver_sub"":2.9,""quick_respawn"":0.6,""special_saver"":0.6,""special_power_up"":0.3,""swim_speed_up"":0.3,""stealth_jump"":true}",explosher,11,3,8,4,4,1444,"{""ink_saver_main"":2.8,""ink_recovery_up"":1,""sub_power_up"":1,""swim_speed_up"":0.6,""special_charge_up"":0.3}",longblaster,13,11,2,6,2,815,"{""quick_respawn"":1,""ink_resistance_up"":0.6,""intensify_action"":0.6,""ink_recovery_up"":0.3,""ink_saver_main"":0.3,""ink_saver_sub"":0.3,""quick_super_jump"":0.3,""swim_speed_up"":0.3,""comeback"":true,""stealth_jump"":true}",sputtery_owl,11,7,4,5,3,1175,"{""ink_saver_sub"":1,""swim_speed_up"":1,""special_charge_up"":0.9,""quick_super_jump"":0.6,""sub_power_up"":0.6,""intensify_action"":0.3,""quick_respawn"":0.3,""stealth_jump"":true}",sshooter,7,7,0,2,5,1373,"{""swim_speed_up"":2,""quick_respawn"":0.9,""ink_resistance_up"":0.6,""sub_resistance_up"":0.6,""ink_recovery_up"":0.3,""quick_super_jump"":0.3,""comeback"":true}",gold,#1 Overall Splatter,gold,#1 Enemy Splatter,gold,#1 Splat Assister,
Sizzle Season 2025,2025-06-30T16:00:00+00:00,10.0.1,bankara_open,area,kinmedai,99,alpha,TRUE,S+ 1,,1340,,100,6e04b6ff,,1358,,0,cd510aff,,carbon_deco,5,5,0,2,0,261,"{""run_speed_up"":1.3,""swim_speed_up"":1.2,""quick_super_jump"":0.9,""ink_saver_sub"":0.3,""ninja_squid"":true,""stealth_jump"":true}",hotblaster_en,5,4,1,1,1,381,"{""swim_speed_up"":1,""quick_super_jump"":0.9,""run_speed_up"":0.9,""special_power_up"":0.9,""ninja_squid"":true,""opening_gambit"":true}",tristringer_tou,4,3,1,1,1,361,"{""special_charge_up"":1.6,""ink_saver_sub"":1.3,""run_speed_up"":1,""ink_resistance_up"":0.6,""quick_super_jump"":0.6,""swim_speed_up"":0.6}",barrelspinner,2,2,0,1,1,337,"{""run_speed_up"":2.9,""ink_saver_main"":1.9,""special_power_up"":0.3,""swim_speed_up"":0.3}",dualsweeper,3,1,2,3,2,387,"{""quick_respawn"":1.6,""intensify_action"":0.6,""swim_speed_up"":0.6,""ink_resistance_up"":0.3,""quick_super_jump"":0.3,""sub_resistance_up"":0.3,""comeback"":true,""stealth_jump"":true}",carbon_angl,4,4,0,4,1,349,"{""special_power_up"":1.6,""special_saver"":1.6,""ink_saver_sub"":0.3,""quick_respawn"":0.3,""quick_super_jump"":0.3,""sub_power_up"":0.3,""sub_resistance_up"":0.3,""ninja_squid"":true}",hydra_atsu,0,0,0,4,0,288,"{""run_speed_up"":1.9,""special_charge_up"":1,""ink_saver_main"":0.6,""swim_speed_up"":0.6,""ink_saver_sub"":0.3,""quick_super_jump"":0.3,""opening_gambit"":true}",liter4k,0,0,0,3,1,334,"{""ink_saver_main"":1.9,""swim_speed_up"":1.3,""quick_super_jump"":0.6,""sub_resistance_up"":0.6,""ink_resistance_up"":0.3,""respawn_punisher"":true}",gold,#1 Overall Splatter,gold,#1 Enemy Splatter,gold,#1 Splat Zone Guard,
Sizzle Season 2025,2025-06-30T16:00:00+00:00,10.0.1,bankara_open,area,ohyo,120,alpha,TRUE,S+ 1,,2374,,100,a0c937ff,,2129,,0,ba30b0ff,,carbon_deco,8,6,2,3,1,439,"{""run_speed_up"":1.3,""swim_speed_up"":1.2,""quick_super_jump"":0.9,""ink_saver_sub"":0.3,""ninja_squid"":true,""stealth_jump"":true}",tristringer_tou,6,3,3,1,1,507,"{""special_charge_up"":1.6,""ink_saver_sub"":1.3,""run_speed_up"":1,""ink_resistance_up"":0.6,""quick_super_jump"":0.6,""swim_speed_up"":0.6}",promodeler_rg,4,4,0,3,5,911,"{""special_charge_up"":4.7,""ninja_squid"":true}",fincent_brnz,4,3,1,3,2,517,"{""ink_saver_sub"":1.6,""swim_speed_up"":1.3,""ink_saver_main"":1,""special_charge_up"":0.9,""ink_resistance_up"":0.6,""ink_recovery_up"":0.3}",nautilus79,7,5,2,4,1,498,"{""run_speed_up"":2.2,""swim_speed_up"":1,""ink_resistance_up"":0.3,""ink_saver_main"":0.3,""quick_super_jump"":0.3,""special_power_up"":0.3,""sub_power_up"":0.3,""stealth_jump"":true}",tristringer,3,1,2,4,3,552,"{""ink_saver_sub"":1,""sub_resistance_up"":1,""ink_resistance_up"":0.3,""quick_respawn"":0.3,""run_speed_up"":0.3,""ninja_squid"":true}",sputtery_owl,3,3,0,5,2,464,"{""swim_speed_up"":1,""special_charge_up"":0.6,""ink_resistance_up"":0.3,""quick_super_jump"":0.3,""special_power_up"":0.3,""special_saver"":0.3,""comeback"":true,""stealth_jump"":true}",jetsweeper_cobr,1,1,0,3,1,615,"{""special_charge_up"":1.9,""ink_saver_sub"":1,""special_power_up"":0.9,""ink_resistance_up"":0.3,""quick_super_jump"":0.3,""sub_resistance_up"":0.3,""last_ditch_effort"":true}",gold,#1 Overall Splatter,gold,#1 Enemy Splatter,silver,#1 Ground Traveler,
Sizzle Season 2025,2025-06-30T16:00:00+00:00,10.0.1,xmatch,hoko,hirame,204,alpha,TRUE,,1982.0,3008,,100,e38d24ff,,2731,,0,1a1aafff,,sputtery_owl,8,5,3,5,2,711,"{""quick_respawn"":1.6,""swim_speed_up"":0.9,""ink_resistance_up"":0.3,""ink_saver_sub"":0.3,""intensify_action"":0.3,""quick_super_jump"":0.3,""comeback"":true,""stealth_jump"":true}",clashblaster,17,15,2,5,1,822,"{""ink_saver_sub"":2.5,""sub_power_up"":0.6,""ink_resistance_up"":0.3,""quick_super_jump"":0.3,""comeback"":true,""stealth_jump"":true}",furuido,8,2,6,4,2,823,"{""swim_speed_up"":2,""quick_respawn"":0.6,""quick_super_jump"":0.6,""special_charge_up"":0.6,""ink_resistance_up"":0.3,""special_saver"":0.3,""sub_resistance_up"":0.3,""object_shredder"":true}",hydra_atsu,8,7,1,2,2,652,"{""run_speed_up"":1.3,""swim_speed_up"":1,""ink_resistance_up"":0.6,""quick_super_jump"":0.6,""special_saver"":0.6,""sub_resistance_up"":0.6,""object_shredder"":true}",sputtery,8,6,2,6,3,767,"{""sub_power_up"":1.3,""special_power_up"":0.6,""swim_speed_up"":0.6,""quick_respawn"":0.3,""quick_super_jump"":0.3,""special_charge_up"":0.3,""special_saver"":0.3,""comeback"":true,""object_shredder"":true}",hydra_atsu,3,3,0,6,2,746,"{""run_speed_up"":3.2,""special_charge_up"":1,""ink_resistance_up"":0.6,""quick_super_jump"":0.3,""sub_resistance_up"":0.3,""swim_speed_up"":0.3}",drivewiper,7,4,3,11,2,611,"{""quick_respawn"":2.8,""ink_saver_main"":0.3,""ink_saver_sub"":0.3,""quick_super_jump"":0.3,""comeback"":true,""stealth_jump"":true}",kugelschreiber,3,3,0,6,2,607,"{""run_speed_up"":1.9,""special_power_up"":1.3,""ink_resistance_up"":0.6,""intensify_action"":0.6,""special_charge_up"":0.3,""drop_roller"":true}",silver,#1 Damage Taker,gold,Record-Score Setter,gold,#1 Score Booster,
Sizzle Season 2025,2025-06-30T16:00:00+00:00,10.0.1,bankara_open,area,kinmedai,300,bravo,FALSE,S+ 1,,4614,,68,1bbfabff,,4702,,80,c43a6eff,,carbon_deco,8,6,2,10,2,682,"{""run_speed_up"":1.3,""swim_speed_up"":1.2,""quick_super_jump"":0.9,""ink_saver_sub"":0.3,""ninja_squid"":true,""stealth_jump"":true}",96gal_sou,12,10,2,7,5,1109,"{""special_charge_up"":1.3,""quick_super_jump"":0.6,""special_power_up"":0.6,""ink_resistance_up"":0.3,""intensify_action"":0.3,""special_saver"":0.3,""swim_speed_up"":0.3,""last_ditch_effort"":true,""stealth_jump"":true}",52gal,11,8,3,8,6,1154,"{""special_charge_up"":1.3,""swim_speed_up"":0.9,""intensify_action"":0.3,""quick_super_jump"":0.3,""special_power_up"":0.3,""special_saver"":0.3,""sub_power_up"":0.3,""opening_gambit"":true,""stealth_jump"":true}",sshooter_collabo,4,2,2,11,8,1669,"{""ink_saver_main"":3,""ink_recovery_up"":0.9,""ink_saver_sub"":0.9,""special_charge_up"":0.9}",sshooter_collabo,18,15,3,5,6,1399,"{""swim_speed_up"":1.6,""intensify_action"":0.6,""ink_resistance_up"":0.3,""ink_saver_sub"":0.3,""quick_super_jump"":0.3,""special_charge_up"":0.3,""special_saver"":0.3,""comeback"":true,""stealth_jump"":true}",hotblaster_custom,16,9,7,8,4,1041,"{""quick_respawn"":1.9,""intensify_action"":1.6,""ink_resistance_up"":0.3,""quick_super_jump"":0.3,""special_saver"":0.3,""swim_speed_up"":0.3,""stealth_jump"":true}",rpen_5h,12,5,7,3,5,1254,"{""ink_saver_main"":1.6,""special_charge_up"":1.6,""special_power_up"":1.3,""quick_super_jump"":0.6,""ink_recovery_up"":0.3,""sub_resistance_up"":0.3}",quadhopper_white,8,7,1,10,5,1008,"{""ink_resistance_up"":1,""ink_saver_sub"":1,""quick_super_jump"":1,""swim_speed_up"":0.6,""special_saver"":0.3}",gold,#1 Splat Zone Guard,silver,#1 Splat Zone Hero,silver,#1 Trizooka User,
Sizzle Season 2025,2025-06-30T16:00:00+00:00,10.0.1,bankara_open,area,ohyo,84,alpha,TRUE,S+ 18,,1627,,100,1a1aafff,,1395,,0,e38d24ff,,l3reelgun_d,3,3,0,0,2,611,"{""run_speed_up"":1,""intensify_action"":0.6,""sub_power_up"":0.6,""swim_speed_up"":0.6,""ink_resistance_up"":0.3,""quick_super_jump"":0.3,""special_saver"":0.3,""comeback"":true,""stealth_jump"":true}",prime_collabo,4,4,0,0,1,290,"{""swim_speed_up"":1,""intensify_action"":0.9,""ink_saver_main"":0.6,""sub_power_up"":0.6,""ink_recovery_up"":0.3,""ink_resistance_up"":0.3,""comeback"":true,""stealth_jump"":true}",hydra,3,3,0,0,2,445,"{""run_speed_up"":3.2,""swim_speed_up"":1.3,""intensify_action"":0.6,""ink_resistance_up"":0.3,""quick_super_jump"":0.3}",sshooter_kou,1,1,0,2,1,281,"{""ink_saver_main"":1,""ink_recovery_up"":0.9,""quick_respawn"":0.9,""ink_resistance_up"":0.3,""quick_super_jump"":0.3,""sub_resistance_up"":0.3,""comeback"":true,""stealth_jump"":true}",kelvin525,1,1,0,3,1,356,"{""quick_respawn"":1.9,""quick_super_jump"":0.6,""ink_recovery_up"":0.3,""ink_resistance_up"":0.3,""special_saver"":0.3,""swim_speed_up"":0.3,""comeback"":true,""stealth_jump"":true}",dynamo_mei,1,1,0,3,1,315,"{""ink_saver_main"":2.5,""ink_recovery_up"":0.3,""quick_respawn"":0.3,""quick_super_jump"":0.3,""swim_speed_up"":0.3,""comeback"":true,""stealth_jump"":true}",examiner_hue,0,0,0,3,1,390,"{""special_power_up"":1.2,""ink_saver_main"":1,""run_speed_up"":1,""swim_speed_up"":1,""ink_saver_sub"":0.6,""special_charge_up"":0.6,""ink_resistance_up"":0.3}",tristringer_tou,0,0,0,2,1,334,"{""special_charge_up"":1.2,""run_speed_up"":1,""special_power_up"":0.6,""ink_resistance_up"":0.3,""quick_super_jump"":0.3,""sub_resistance_up"":0.3,""last_ditch_effort"":true,""object_shredder"":true}",gold,#1 Turf Inker,gold,#1 Splat Zone Guard,gold,#1 Splat Zone Inker,
Sizzle Season 2025,2025-06-30T16:00:00+00:00,10.0.1,bankara_open,area,ohyo,300,bravo,FALSE,S+ 18,,5123,,72,df6624ff,,4913,,76,343bc4ff,,l3reelgun_d,15,10,5,9,8,1728,"{""run_speed_up"":1,""intensify_action"":0.6,""sub_power_up"":0.6,""swim_speed_up"":0.6,""ink_resistance_up"":0.3,""quick_super_jump"":0.3,""special_saver"":0.3,""comeback"":true,""stealth_jump"":true}",prime_collabo,15,11,4,6,4,1166,"{""swim_speed_up"":1,""intensify_action"":0.9,""ink_saver_main"":0.6,""sub_power_up"":0.6,""ink_recovery_up"":0.3,""ink_resistance_up"":0.3,""comeback"":true,""stealth_jump"":true}",hydra,11,10,1,4,5,1190,"{""run_speed_up"":3.2,""swim_speed_up"":1.3,""intensify_action"":0.6,""ink_resistance_up"":0.3,""quick_super_jump"":0.3}",sshooter_kou,6,2,4,9,4,1039,"{""ink_saver_main"":1,""ink_recovery_up"":0.9,""quick_respawn"":0.9,""ink_resistance_up"":0.3,""quick_super_jump"":0.3,""sub_resistance_up"":0.3,""comeback"":true,""stealth_jump"":true}",splatroller,12,11,1,12,3,1042,"{""ink_saver_sub"":1.6,""quick_respawn"":1,""swim_speed_up"":1,""ink_resistance_up"":0.9,""ink_saver_main"":0.9,""run_speed_up"":0.3}",tristringer_tou,9,6,3,4,6,1271,"{""run_speed_up"":0.9,""swim_speed_up"":0.9,""ink_resistance_up"":0.3,""quick_super_jump"":0.3,""sub_resistance_up"":0.3,""drop_roller"":true,""last_ditch_effort"":true,""thermal_ink"":true}",spygadget,9,6,3,8,6,1602,"{""sub_power_up"":1.3,""ink_saver_sub"":0.6,""run_speed_up"":0.6,""swim_speed_up"":0.6,""intensify_action"":0.3,""special_saver"":0.3,""last_ditch_effort"":true,""object_shredder"":true}",examiner,9,5,4,9,4,998,"{""run_speed_up"":2.3,""special_saver"":0.9,""ink_saver_sub"":0.6,""ink_resistance_up"":0.3,""special_power_up"":0.3,""sub_resistance_up"":0.3,""object_shredder"":true}",gold,#1 Overall Splatter,gold,#1 Turf Inker,gold,#1 Splat Zone Inker,
Sizzle Season 2025,2025-06-30T16:00:00+00:00,10.0.1,xmatch,hoko,hirame,313,bravo,FALSE,,1982.0,4520,,81,cd510aff,,4765,,88,6e04b6ff,,sputtery_owl,14,8,6,10,6,1238,"{""quick_respawn"":1.6,""swim_speed_up"":0.9,""ink_resistance_up"":0.3,""ink_saver_sub"":0.3,""intensify_action"":0.3,""quick_super_jump"":0.3,""comeback"":true,""stealth_jump"":true}",splatcharger,5,5,0,11,2,963,"{""quick_super_jump"":2.2,""ink_saver_main"":1.6,""ink_resistance_up"":0.6,""swim_speed_up"":0.3,""stealth_jump"":true}",wakaba,11,9,2,9,5,1480,"{""ink_saver_sub"":2.8,""special_charge_up"":1,""swim_speed_up"":1,""ink_saver_main"":0.9}",drivewiper,11,10,1,11,3,839,"{""quick_respawn"":2.8,""ink_saver_main"":0.3,""ink_saver_sub"":0.3,""quick_super_jump"":0.3,""comeback"":true,""stealth_jump"":true}",liter4k,14,9,5,5,3,994,"{""swim_speed_up"":1.9,""ink_saver_main"":1.3,""quick_super_jump"":0.6,""ink_resistance_up"":0.3,""special_power_up"":0.3,""special_saver"":0.3,""object_shredder"":true}",splatroller,12,12,0,8,1,1228,"{""swim_speed_up"":3.8,""ink_saver_sub"":1.9}",sharp,13,10,3,7,3,1415,"{""swim_speed_up"":2.3,""ink_recovery_up"":0.6,""sub_power_up"":0.6,""ink_resistance_up"":0.3,""quick_super_jump"":0.3,""special_saver"":0.3,""sub_resistance_up"":0.3,""stealth_jump"":true}",bold,11,10,1,13,2,1128,"{""swim_speed_up"":2.8,""ink_saver_sub"":0.6,""quick_super_jump"":0.3,""ninja_squid"":true,""stealth_jump"":true}",gold,#1 Overall Splatter,gold,#1 Splat Assister,silver,#1 Rainmaker Stopper,
Sizzle Season 2025,2025-06-30T18:00:00+00:00,10.0.1,bankara_challenge,yagura,kusaya,172,bravo,TRUE,,,2823,,0,a0c937ff,,3005,,100,ba30b0ff,,splatscope_collabo,2,2,0,0,3,678,"{""swim_speed_up"":1.6,""run_speed_up"":1,""ink_resistance_up"":0.6,""ink_saver_main"":0.6,""quick_super_jump"":0.6,""sub_resistance_up"":0.3,""object_shredder"":true}",sshooter_collabo,4,3,1,6,3,727,"{""swim_speed_up"":1.3,""special_charge_up"":1,""ink_saver_main"":0.6,""quick_respawn"":0.6,""ink_recovery_up"":0.3,""intensify_action"":0.3,""quick_super_jump"":0.3,""ninja_squid"":true}",fincent_brnz,3,3,0,5,1,337,"{""ink_recovery_up"":1.9,""special_charge_up"":1.6,""special_saver"":1.2,""comeback"":true}",lact450_milk,3,2,1,5,3,1081,"{""ink_recovery_up"":1,""special_charge_up"":1,""special_saver"":0.6,""swim_speed_up"":0.6,""ink_resistance_up"":0.3,""ink_saver_sub"":0.3,""quick_respawn"":0.3,""quick_super_jump"":0.3,""run_speed_up"":0.3,""stealth_jump"":true}",jetsweeper_cobr,9,7,2,3,3,929,"{""quick_respawn"":2.2,""swim_speed_up"":1.6,""ink_resistance_up"":0.3,""quick_super_jump"":0.3,""special_charge_up"":0.3,""stealth_jump"":true}",brella24mk2,3,1,2,3,4,791,"{""run_speed_up"":2.2,""special_power_up"":1,""swim_speed_up"":1,""special_charge_up"":0.9,""sub_resistance_up"":0.3}",hydra_atsu,5,3,2,2,3,695,"{""ink_saver_main"":3.2,""special_charge_up"":1.6,""ink_resistance_up"":0.3,""ink_saver_sub"":0.3,""special_saver"":0.3}",hokusai_sui,5,5,0,2,2,590,"{""swim_speed_up"":1.9,""ink_saver_main"":1,""special_power_up"":0.9,""special_saver"":0.6,""ink_resistance_up"":0.3,""drop_roller"":true}",gold,#1 Popular Target,silver,First Splat!,silver,#1 Triple Inkstrike User,
Sizzle Season 2025,2025-06-30T18:00:00+00:00,10.0.1,bankara_challenge,yagura,kusaya,305,alpha,FALSE,,,4950,,62,6e04b6ff,,4249,,61,cd510aff,,splatscope_collabo,7,6,1,5,3,648,"{""swim_speed_up"":1.6,""run_speed_up"":1,""ink_resistance_up"":0.6,""ink_saver_main"":0.6,""quick_super_jump"":0.6,""sub_resistance_up"":0.3,""object_shredder"":true}",furo,13,8,5,1,7,1486,"{""ink_saver_main"":1.6,""swim_speed_up"":1.3,""ink_resistance_up"":0.6,""intensify_action"":0.3,""quick_super_jump"":0.3,""run_speed_up"":0.3,""sub_resistance_up"":0.3,""thermal_ink"":true}",lact450,11,9,2,5,6,1737,"{""swim_speed_up"":2.9,""special_power_up"":1,""ink_resistance_up"":0.6,""special_charge_up"":0.6,""special_saver"":0.6}",lact450_milk,9,7,2,6,5,1079,"{""ink_recovery_up"":1,""special_charge_up"":1,""special_saver"":0.6,""swim_speed_up"":0.6,""ink_resistance_up"":0.3,""ink_saver_sub"":0.3,""quick_respawn"":0.3,""quick_super_jump"":0.3,""run_speed_up"":0.3,""stealth_jump"":true}",liter4k_custom,6,6,0,3,5,1017,"{""swim_speed_up"":2.2,""ink_saver_main"":1,""ink_recovery_up"":0.3,""intensify_action"":0.3,""run_speed_up"":0.3,""special_power_up"":0.3,""special_saver"":0.3,""respawn_punisher"":true}",hissen_hue,6,6,0,14,3,1098,"{""special_saver"":1.6,""quick_respawn"":1.2,""ink_recovery_up"":0.3,""special_charge_up"":0.3,""swim_speed_up"":0.3,""comeback"":true,""stealth_jump"":true}",fincent_hue,5,3,2,6,4,1013,"{""ink_saver_main"":1.9,""swim_speed_up"":1.9,""special_charge_up"":1.6,""sub_resistance_up"":0.3}",maneuver_you,4,2,2,7,3,1121,"{""swim_speed_up"":1.6,""special_power_up"":1.3,""ink_recovery_up"":0.3,""ink_resistance_up"":0.3,""ink_saver_sub"":0.3,""quick_super_jump"":0.3,""special_charge_up"":0.3,""sub_resistance_up"":0.3,""ninja_squid"":true}",gold,#1 Score Booster,gold,Record-Score Setter,gold,#1 Super Jump Spot,
Sizzle Season 2025,2025-06-30T18:00:00+00:00,10.0.1,bankara_challenge,yagura,takaashi,182,bravo,TRUE,,,3136,,0,a0c937ff,,2951,,100,ba30b0ff,,splatscope_collabo,3,3,0,2,1,563,"{""swim_speed_up"":1.6,""run_speed_up"":1,""ink_resistance_up"":0.6,""ink_saver_main"":0.6,""quick_super_jump"":0.6,""sub_resistance_up"":0.3,""object_shredder"":true}",rapid_elite_wntr,5,4,1,8,1,468,"{""special_charge_up"":1.6,""quick_respawn"":1,""ink_saver_sub"":0.9,""special_saver"":0.6,""ink_resistance_up"":0.3,""ink_saver_main"":0.3,""stealth_jump"":true}",lact450,3,3,0,5,3,1219,"{""swim_speed_up"":2.9,""special_power_up"":1,""ink_resistance_up"":0.6,""special_charge_up"":0.6,""special_saver"":0.6}",lact450_milk,2,1,1,6,3,886,"{""ink_recovery_up"":1,""special_charge_up"":1,""special_saver"":0.6,""swim_speed_up"":0.6,""ink_resistance_up"":0.3,""ink_saver_sub"":0.3,""quick_respawn"":0.3,""quick_super_jump"":0.3,""run_speed_up"":0.3,""stealth_jump"":true}",hydra,8,7,1,1,5,916,"{""ink_recovery_up"":2.2,""special_charge_up"":1.9,""run_speed_up"":1.6}",prime_frzn,7,5,2,0,4,752,"{""ink_saver_sub"":1.3,""intensify_action"":1,""run_speed_up"":1,""swim_speed_up"":0.9,""ink_recovery_up"":0.3,""sub_power_up"":0.3}",hissen_hue,6,5,1,5,4,781,"{""special_saver"":1.6,""quick_respawn"":1.2,""ink_recovery_up"":0.3,""special_charge_up"":0.3,""swim_speed_up"":0.3,""comeback"":true,""stealth_jump"":true}",maneuver_you,5,4,1,5,1,502,"{""swim_speed_up"":1.6,""special_power_up"":1.3,""ink_recovery_up"":0.3,""ink_resistance_up"":0.3,""ink_saver_sub"":0.3,""quick_super_jump"":0.3,""special_charge_up"":0.3,""sub_resistance_up"":0.3,""ninja_squid"":true}",gold,#1 Super Jump Spot,silver,#2 Overall Splatter,silver,#1 Triple Inkstrike User,
Sizzle Season 2025,2025-06-30T18:00:00+00:00,10.0.1,bankara_challenge,yagura,kusaya,237,bravo,TRUE,,,3394,,0,e38d24ff,,3707,,100,1a1aafff,,splatscope_collabo,3,3,0,2,3,652,"{""swim_speed_up"":1.6,""run_speed_up"":1,""ink_resistance_up"":0.6,""ink_saver_main"":0.6,""quick_super_jump"":0.6,""sub_resistance_up"":0.3,""object_shredder"":true}",maneuver_you,10,10,0,6,2,748,"{""swim_speed_up"":1.6,""special_power_up"":1.3,""ink_recovery_up"":0.3,""ink_resistance_up"":0.3,""ink_saver_sub"":0.3,""quick_super_jump"":0.3,""special_charge_up"":0.3,""sub_resistance_up"":0.3,""ninja_squid"":true}",furuido_custom,10,4,6,8,3,965,"{""swim_speed_up"":3.5,""ink_saver_sub"":1.9,""ink_resistance_up"":0.3}",wakaba,6,5,1,9,4,1029,"{""ink_saver_sub"":2.8,""swim_speed_up"":0.9,""comeback"":true,""stealth_jump"":true}",sharp,5,2,3,7,3,841,"{""swim_speed_up"":1.9,""quick_respawn"":1,""ink_resistance_up"":0.9,""ink_recovery_up"":0.6,""ink_saver_main"":0.3,""tenacity"":true}",prime_frzn,11,11,0,7,3,849,"{""ink_saver_main"":1.6,""special_saver"":1.3,""sub_power_up"":1.2,""swim_speed_up"":0.6,""stealth_jump"":true}",hydra_atsu,6,5,1,1,4,1074,"{""run_speed_up"":2.6,""special_charge_up"":1.6,""ink_saver_main"":0.3,""intensify_action"":0.3,""quick_super_jump"":0.3,""sub_resistance_up"":0.3,""swim_speed_up"":0.3}",bold_neo,7,7,0,7,5,943,"{""special_charge_up"":1.3,""swim_speed_up"":1.3,""ink_saver_main"":1,""quick_super_jump"":0.6,""ink_recovery_up"":0.3,""ink_resistance_up"":0.3,""ink_saver_sub"":0.3,""intensify_action"":0.3,""run_speed_up"":0.3}",silver,#2 Score Booster,silver,#1 Triple Inkstrike User,,,
Sizzle Season 2025,2025-06-30T18:00:00+00:00,10.0.1,bankara_challenge,yagura,kusaya,303,alpha,FALSE,,,4397,,85,6325cdff,,4409,,49,bfcd41ff,,splatscope_collabo,10,10,0,4,4,1106,"{""swim_speed_up"":1.6,""run_speed_up"":1,""ink_resistance_up"":0.6,""ink_saver_main"":0.6,""quick_super_jump"":0.6,""sub_resistance_up"":0.3,""object_shredder"":true}",rapid_elite_deco,15,9,6,5,4,1044,"{""ink_saver_main"":1.9,""swim_speed_up"":1.9,""ink_recovery_up"":0.6,""quick_super_jump"":0.3,""stealth_jump"":true}",52gal_deco,9,8,1,10,4,1239,"{""sub_power_up"":1.3,""ink_recovery_up"":0.3,""ink_resistance_up"":0.3,""ink_saver_main"":0.3,""ink_saver_sub"":0.3,""special_charge_up"":0.3,""drop_roller"":true,""ninja_squid"":true}",rapid_deco,13,8,5,6,4,1008,"{""swim_speed_up"":1.6,""ink_saver_sub"":1.3,""ink_saver_main"":0.9,""quick_respawn"":0.6,""quick_super_jump"":0.3,""stealth_jump"":true}",hissen_ash,9,9,0,9,5,1374,"{""special_charge_up"":1,""ink_saver_sub"":0.9,""special_power_up"":0.6,""ink_resistance_up"":0.3,""quick_super_jump"":0.3,""special_saver"":0.3,""swim_speed_up"":0.3,""comeback"":true,""stealth_jump"":true}",tristringer,5,3,2,7,6,1162,"{""ink_saver_main"":2.6,""special_charge_up"":1.6,""sub_resistance_up"":0.6,""ink_resistance_up"":0.3,""special_power_up"":0.3,""sub_power_up"":0.3}",sharp_neo,8,6,2,11,2,1119,"{""swim_speed_up"":3.9,""run_speed_up"":1.2,""ink_recovery_up"":0.6}",carbon,7,6,1,8,4,754,"{""swim_speed_up"":1.9,""ink_saver_main"":0.9,""ink_saver_sub"":0.9,""ninja_squid"":true,""stealth_jump"":true}",gold,#1 Score Booster,gold,Record-Score Setter,gold,#1 Super Jump Spot,
Sizzle Season 2025,2025-06-30T18:00:00+00:00,10.0.1,xmatch,area,sumeshi,73,bravo,TRUE,,2312.1,1343,,0,6325cdff,,1415,,100,bfcd41ff,,quadhopper_black,2,1,1,3,1,391,"{""quick_respawn"":3.5,""quick_super_jump"":0.6,""ink_resistance_up"":0.3,""swim_speed_up"":0.3,""stealth_jump"":true}",sshooter,2,2,0,3,1,416,"{""swim_speed_up"":1.3,""intensify_action"":0.9,""run_speed_up"":0.6,""ink_resistance_up"":0.3,""quick_super_jump"":0.3,""sub_resistance_up"":0.3,""comeback"":true,""stealth_jump"":true}",nautilus47,0,0,0,2,1,244,"{""run_speed_up"":2.9,""ink_resistance_up"":0.6,""swim_speed_up"":0.6,""quick_super_jump"":0.3,""sub_resistance_up"":0.3,""stealth_jump"":true}",pablo_hue,0,0,0,2,1,292,"{""quick_respawn"":2.2,""ink_saver_main"":0.6,""special_charge_up"":0.6,""ink_saver_sub"":0.3,""comeback"":true,""stealth_jump"":true}",sharp,6,5,1,1,1,413,"{""swim_speed_up"":1.3,""special_charge_up"":1,""sub_power_up"":0.9,""quick_super_jump"":0.6,""ink_resistance_up"":0.3,""special_saver"":0.3,""sub_resistance_up"":0.3,""stealth_jump"":true}",examiner,5,1,4,0,1,345,"{""run_speed_up"":1.9,""special_power_up"":1,""ink_resistance_up"":0.6,""special_charge_up"":0.6,""intensify_action"":0.3,""quick_super_jump"":0.3,""stealth_jump"":true}",campingshelter_sorella,3,2,1,1,1,295,"{""quick_respawn"":2.2,""quick_super_jump"":0.6,""ink_saver_main"":0.3,""sub_resistance_up"":0.3,""swim_speed_up"":0.3,""comeback"":true,""stealth_jump"":true}",maneuver_you,3,2,1,1,1,362,"{""quick_respawn"":1.6,""ink_recovery_up"":0.3,""ink_saver_sub"":0.3,""intensify_action"":0.3,""quick_super_jump"":0.3,""special_charge_up"":0.3,""special_saver"":0.3,""swim_speed_up"":0.3,""comeback"":true,""stealth_jump"":true}",gold,#1 Overall Splatter,gold,#1 Popular Target,gold,#1 Splat Zone Inker,
Sizzle Season 2025,2025-06-30T18:00:00+00:00,10.0.1,xmatch,area,sumeshi,173,bravo,TRUE,,2312.1,3136,,0,d0bf08ff,,3174,,100,3a0ccdff,,quadhopper_black,4,3,1,7,1,724,"{""quick_respawn"":3.5,""quick_super_jump"":0.6,""ink_resistance_up"":0.3,""swim_speed_up"":0.3,""stealth_jump"":true}",parashelter_sorella,9,7,2,3,4,917,"{""run_speed_up"":2,""swim_speed_up"":1.5,""special_power_up"":1,""ink_saver_main"":0.6,""quick_super_jump"":0.3,""special_saver"":0.3}",sharp,7,1,6,5,3,834,"{""special_charge_up"":2.2,""swim_speed_up"":1,""sub_power_up"":0.6,""ink_recovery_up"":0.3,""quick_super_jump"":0.3,""sub_resistance_up"":0.3,""stealth_jump"":true}",pablo_hue,4,4,0,7,2,661,"{""quick_respawn"":2.2,""ink_saver_main"":0.6,""special_charge_up"":0.6,""ink_saver_sub"":0.3,""comeback"":true,""stealth_jump"":true}",hissen_ash,10,7,3,5,2,634,"{""quick_respawn"":2.2,""quick_super_jump"":0.6,""ink_recovery_up"":0.3,""special_saver"":0.3,""haunt"":true,""stealth_jump"":true}",pablo_hue,8,7,1,1,4,897,"{""quick_respawn"":2.2,""quick_super_jump"":0.9,""swim_speed_up"":0.6,""comeback"":true,""stealth_jump"":true}",sshooter_kou,7,4,3,4,2,720,"{""swim_speed_up"":1.3,""intensify_action"":0.9,""sub_power_up"":0.6,""ink_resistance_up"":0.3,""quick_super_jump"":0.3,""special_saver"":0.3,""comeback"":true,""stealth_jump"":true}",variableroller,5,4,1,5,3,923,"{""special_charge_up"":1.6,""swim_speed_up"":0.9,""ink_resistance_up"":0.3,""quick_super_jump"":0.3,""special_saver"":0.3,""sub_resistance_up"":0.3,""last_ditch_effort"":true,""stealth_jump"":true}",,,,,,,
Sizzle Season 2025,2025-06-30T18:00:00+00:00,10.0.1,xmatch,area,sumeshi,83,bravo,TRUE,,2312.1,1445,,0,1ec0adff,,1425,,100,d74b31ff,,quadhopper_black,3,2,1,4,1,410,"{""quick_respawn"":3.5,""quick_super_jump"":0.6,""ink_resistance_up"":0.3,""swim_speed_up"":0.3,""stealth_jump"":true}",sharp,5,5,0,2,2,423,"{""swim_speed_up"":1.3,""ink_resistance_up"":0.6,""quick_super_jump"":0.6,""sub_power_up"":0.6,""special_saver"":0.3,""sub_resistance_up"":0.3,""comeback"":true,""stealth_jump"":true}",hissen_hue,2,1,1,4,0,370,"{""special_power_up"":1,""quick_super_jump"":0.9,""ink_saver_sub"":0.6,""ink_resistance_up"":0.3,""swim_speed_up"":0.3,""last_ditch_effort"":true,""stealth_jump"":true}",splatroller,0,0,0,4,0,242,"{""quick_respawn"":1.5,""swim_speed_up"":0.9,""quick_super_jump"":0.3,""comeback"":true,""ninja_squid"":true,""stealth_jump"":true}",hotblaster_custom,10,6,4,2,1,309,"{""quick_respawn"":2.2,""ink_resistance_up"":0.6,""quick_super_jump"":0.6,""special_saver"":0.3,""comeback"":true,""stealth_jump"":true}",sharp_geck,7,3,4,2,1,461,"{""quick_respawn"":2.2,""quick_super_jump"":0.6,""sub_resistance_up"":0.6,""ink_resistance_up"":0.3,""opening_gambit"":true,""stealth_jump"":true}",campingshelter_sorella,6,3,3,2,0,340,"{""quick_respawn"":2.2,""quick_super_jump"":0.6,""ink_saver_main"":0.3,""sub_resistance_up"":0.3,""swim_speed_up"":0.3,""comeback"":true,""stealth_jump"":true}",hissen_ash,5,2,3,2,1,315,"{""quick_respawn"":2.2,""quick_super_jump"":0.6,""ink_resistance_up"":0.3,""special_saver"":0.3,""sub_resistance_up"":0.3,""haunt"":true,""stealth_jump"":true}",gold,#1 Splat Assister,silver,#2 Overall Splatter,gold,#1 Splat Zone Inker,
Sizzle Season 2025,2025-06-30T18:00:00+00:00,10.0.1,regular,nawabari,mahimahi,180,alpha,,,,3444,53.7,,6e04b6ff,,3073,34.6,,cd510aff,,lact450_milk,2,2,0,3,5,1394,"{""special_charge_up"":1,""sub_power_up"":0.9,""ink_saver_sub"":0.6,""ink_resistance_up"":0.3,""quick_super_jump"":0.3,""special_saver"":0.3,""swim_speed_up"":0.3,""comeback"":true,""stealth_jump"":true}",wakaba,2,2,0,5,2,773,"{""ink_recovery_up"":1,""quick_respawn"":1,""special_saver"":1}",sputtery,11,6,5,4,3,685,"{""swim_speed_up"":1.6,""special_charge_up"":1,""ink_resistance_up"":0.6,""ink_saver_sub"":0.3,""intensify_action"":0.3,""special_power_up"":0.3,""special_saver"":0.3,""sub_power_up"":0.3,""ninja_squid"":true}",carbon_deco,8,7,1,3,2,592,"{""ink_saver_main"":1.9,""swim_speed_up"":1.8,""ninja_squid"":true,""stealth_jump"":true}",wakaba,6,5,1,4,3,1061,"{""ink_saver_sub"":1.9,""quick_super_jump"":0.6,""swim_speed_up"":0.6,""ink_recovery_up"":0.3,""ink_resistance_up"":0.3,""comeback"":true,""stealth_jump"":true}",52gal,11,10,1,4,3,859,"{""intensify_action"":1,""ink_saver_sub"":0.6,""special_saver"":0.3,""comeback"":true,""stealth_jump"":true}",hissen_hue,1,0,1,5,0,685,"{""ink_resistance_up"":1.6,""quick_respawn"":1,""sub_resistance_up"":0.6,""quick_super_jump"":0.3,""special_charge_up"":0.3,""special_power_up"":0.3,""sub_power_up"":0.3,""comeback"":true}",96gal,0,0,0,4,0,468,"{""swim_speed_up"":2.6,""intensify_action"":1.6,""ink_resistance_up"":0.9,""ink_saver_main"":0.3,""special_power_up"":0.3}",gold,#1 Turf Inker,gold,#1 Home-Base Inker,gold,#1 Enemy-Base Inker,
Sizzle Season 2025,2025-06-30T18:00:00+00:00,10.0.1,xmatch,area,sumeshi,255,alpha,TRUE,,2237.1,4576,,100,c43a6eff,,4217,,0,1bbfabff,,quadhopper_black,3,2,1,9,5,1107,"{""quick_respawn"":3.5,""quick_super_jump"":0.6,""ink_resistance_up"":0.3,""swim_speed_up"":0.3,""stealth_jump"":true}",screwslosher,16,11,5,8,2,1050,"{""quick_respawn"":1.3,""run_speed_up"":0.6,""special_saver"":0.6,""swim_speed_up"":0.6,""quick_super_jump"":0.3,""sub_resistance_up"":0.3,""comeback"":true,""stealth_jump"":true}",kelvin525,11,9,2,6,4,978,"{""quick_respawn"":2.2,""ink_saver_main"":1.6,""ink_recovery_up"":0.3,""quick_super_jump"":0.3,""special_saver"":0.3,""stealth_jump"":true}",sharp,10,8,2,5,4,1441,"{""special_charge_up"":1.6,""swim_speed_up"":1.6,""sub_power_up"":0.6,""ink_recovery_up"":0.3,""quick_super_jump"":0.3,""sub_resistance_up"":0.3,""stealth_jump"":true}",bucketslosher,13,9,4,7,3,1085,"{""quick_respawn"":2.5,""quick_super_jump"":0.6,""ink_resistance_up"":0.3,""swim_speed_up"":0.3,""comeback"":true,""stealth_jump"":true}",campingshelter_sorella,8,8,0,5,5,1346,"{""quick_respawn"":1.6,""quick_super_jump"":0.9,""special_saver"":0.6,""ink_saver_main"":0.3,""swim_speed_up"":0.3,""comeback"":true,""stealth_jump"":true}",sshooter_kou,10,8,2,8,2,883,"{""swim_speed_up"":1.6,""ink_resistance_up"":0.9,""ink_recovery_up"":0.3,""intensify_action"":0.3,""quick_super_jump"":0.3,""opening_gambit"":true,""stealth_jump"":true}",quadhopper_black,5,3,2,10,1,903,"{""quick_respawn"":2.2,""quick_super_jump"":0.6,""ink_resistance_up"":0.3,""special_saver"":0.3,""sub_resistance_up"":0.3,""comeback"":true,""stealth_jump"":true}",gold,#1 Splat Zone Inker,silver,#1 Ink Consumer,silver,#1 Reefslider User,
Sizzle Season 2025,2025-06-30T18:00:00+00:00,10.0.1,regular,nawabari,manta,180,bravo,,,,3374,34.6,,a0c937ff,,3546,56.2,,ba30b0ff,,lact450_milk,3,2,1,5,3,1246,"{""special_charge_up"":1,""sub_power_up"":0.9,""ink_saver_sub"":0.6,""ink_resistance_up"":0.3,""quick_super_jump"":0.3,""special_saver"":0.3,""swim_speed_up"":0.3,""comeback"":true,""stealth_jump"":true}",dynamo_mei,8,6,2,3,2,760,"{""swim_speed_up"":3.5,""ink_saver_main"":1.9,""ink_recovery_up"":0.3}",liter4k,3,3,0,4,1,689,"{""intensify_action"":3.5,""swim_speed_up"":0.6,""ink_resistance_up"":0.3,""ink_saver_main"":0.3,""ninja_squid"":true}",jetsweeper,4,3,1,4,2,679,"{""run_speed_up"":1,""special_saver"":1,""special_charge_up"":0.9,""ink_resistance_up"":0.6,""thermal_ink"":true}",wakaba,4,4,0,3,4,1206,"{""sub_resistance_up"":1,""sub_power_up"":0.6,""ink_saver_sub"":0.3,""intensify_action"":0.3,""special_charge_up"":0.3,""swim_speed_up"":0.3,""ninja_squid"":true,""opening_gambit"":true}",variableroller,2,2,0,4,2,824,"{""ink_resistance_up"":1.6,""ink_saver_main"":1,""ink_saver_sub"":0.6,""special_power_up"":0.6,""ink_recovery_up"":0.3,""special_charge_up"":0.3,""swim_speed_up"":0.3,""ninja_squid"":true}",heroshooter_replica,5,4,1,1,3,768,"{""swim_speed_up"":1.9,""ink_saver_main"":1,""quick_super_jump"":0.6,""special_charge_up"":0.6,""special_power_up"":0.3,""sub_power_up"":0.3,""drop_roller"":true}",bold,5,5,0,6,2,748,"{""swim_speed_up"":5.7}",gold,#1 Turf Inker,gold,#1 Home-Base Inker,gold,#1 Enemy-Base Inker,
Sizzle Season 2025,2025-06-30T18:00:00+00:00,10.0.1,xmatch,area,sumeshi,253,alpha,TRUE,,2237.1,4614,,100,c12d74ff,,4623,,0,2cb721ff,,quadhopper_black,6,4,2,5,4,1275,"{""quick_respawn"":3.5,""quick_super_jump"":0.6,""ink_resistance_up"":0.3,""swim_speed_up"":0.3,""stealth_jump"":true}",sharp,13,9,4,5,4,1215,"{""swim_speed_up"":1.3,""special_charge_up"":1,""sub_power_up"":0.9,""quick_super_jump"":0.6,""ink_resistance_up"":0.3,""special_saver"":0.3,""sub_resistance_up"":0.3,""stealth_jump"":true}",campingshelter_sorella,13,9,4,6,3,1139,"{""quick_respawn"":2.2,""quick_super_jump"":0.6,""ink_saver_main"":0.3,""sub_resistance_up"":0.3,""swim_speed_up"":0.3,""comeback"":true,""stealth_jump"":true}",hydra_atsu,9,5,4,5,3,985,"{""run_speed_up"":2.6,""intensify_action"":1,""ink_resistance_up"":0.6,""swim_speed_up"":0.6,""quick_super_jump"":0.3,""special_saver"":0.3,""sub_resistance_up"":0.3}",kelvin525,10,9,1,9,3,932,"{""quick_respawn"":1.8,""quick_super_jump"":0.6,""swim_speed_up"":0.3,""comeback"":true,""haunt"":true,""stealth_jump"":true}",momiji,7,1,6,5,7,1361,"{""special_charge_up"":2.2,""special_power_up"":2.2,""ink_resistance_up"":0.3,""last_ditch_effort"":true}",hydra_atsu,4,3,1,5,5,1204,"{""run_speed_up"":2.9,""special_charge_up"":1.3,""swim_speed_up"":0.9,""ink_resistance_up"":0.6}",variableroller,8,8,0,8,4,1126,"{""special_charge_up"":1.6,""swim_speed_up"":0.9,""ink_resistance_up"":0.3,""quick_super_jump"":0.3,""special_saver"":0.3,""sub_resistance_up"":0.3,""last_ditch_effort"":true,""stealth_jump"":true}",gold,#1 Super Jump Spot,gold,#1 Turf Inker,gold,#1 Splat Zone Inker,
Sizzle Season 2025,2025-06-30T18:00:00+00:00,10.0.1,regular,nawabari,mahimahi,180,alpha,,,,3238,51.4,,343bc4ff,,3238,42.7,,df6624ff,,lact450_milk,3,2,1,5,4,1379,"{""special_charge_up"":1,""sub_power_up"":0.9,""ink_saver_sub"":0.6,""ink_resistance_up"":0.3,""quick_super_jump"":0.3,""special_saver"":0.3,""swim_speed_up"":0.3,""comeback"":true,""stealth_jump"":true}",heroshooter_replica,3,3,0,4,3,823,"{""swim_speed_up"":1.9,""ink_saver_main"":1,""quick_super_jump"":0.6,""special_charge_up"":0.6,""special_power_up"":0.3,""sub_power_up"":0.3,""drop_roller"":true}",hokusai_hue,2,2,0,3,2,676,"{""sub_power_up"":1,""ink_recovery_up"":0.6,""ink_saver_main"":0.3,""ink_saver_sub"":0.3,""special_charge_up"":0.3,""sub_resistance_up"":0.3,""comeback"":true,""drop_roller"":true}",splatroller,1,1,0,6,1,360,"{""ink_recovery_up"":1,""quick_respawn"":1,""special_saver"":1}",promodeler_sai,3,2,1,3,3,1177,"{""ink_recovery_up"":2.7,""drop_roller"":true,""ninja_squid"":true,""tenacity"":true}",liter4k_scope,6,5,1,1,3,769,"{""swim_speed_up"":2.9,""quick_respawn"":1.9,""ink_recovery_up"":0.3,""run_speed_up"":0.3}",nova_neo,5,4,1,6,1,673,"{""swim_speed_up"":1.9,""special_saver"":1.2,""quick_respawn"":1,""special_power_up"":0.3,""respawn_punisher"":true}",liter4k,8,7,1,0,2,619,"{""ink_saver_main"":1,""swim_speed_up"":1,""ink_recovery_up"":0.9,""ink_resistance_up"":0.9,""special_charge_up"":0.9,""object_shredder"":true}",gold,#1 Popular Target,gold,#1 Overall Splatter,gold,#1 Turf Inker,
Sizzle Season 2025,2025-06-30T18:00:00+00:00,10.0.1,xmatch,area,yagara,127,bravo,TRUE,,2237.1,2454,,0,9025c6ff,,2692,,100,cfb121ff,,quadhopper_black,2,2,0,5,3,693,"{""quick_respawn"":3.5,""quick_super_jump"":0.6,""ink_resistance_up"":0.3,""swim_speed_up"":0.3,""stealth_jump"":true}",sshooter_collabo,3,2,1,3,3,798,"{""swim_speed_up"":1.3,""intensify_action"":0.9,""run_speed_up"":0.6,""ink_resistance_up"":0.3,""quick_super_jump"":0.3,""sub_resistance_up"":0.3,""comeback"":true,""stealth_jump"":true}",campingshelter_sorella,1,1,0,4,2,490,"{""quick_respawn"":1.6,""quick_super_jump"":0.6,""swim_speed_up"":0.6,""ink_saver_main"":0.3,""special_saver"":0.3,""sub_resistance_up"":0.3,""comeback"":true,""stealth_jump"":true}",splatspinner_collabo,1,0,1,7,1,473,"{""quick_respawn"":1.2,""run_speed_up"":1,""ink_resistance_up"":0.6,""swim_speed_up"":0.6,""quick_super_jump"":0.3,""last_ditch_effort"":true,""stealth_jump"":true}",52gal,12,12,0,2,2,634,"{""swim_speed_up"":2.9,""intensify_action"":0.6,""quick_super_jump"":0.6,""ink_resistance_up"":0.3,""sub_resistance_up"":0.3,""stealth_jump"":true}",splatspinner_pytn,7,5,2,0,4,827,"{""run_speed_up"":2.6,""ink_resistance_up"":0.6,""special_charge_up"":0.6,""quick_super_jump"":0.3,""sub_power_up"":0.3,""sub_resistance_up"":0.3,""object_shredder"":true}",campingshelter_sorella,9,2,7,1,1,539,"{""quick_respawn"":2.2,""quick_super_jump"":0.6,""ink_saver_main"":0.3,""sub_resistance_up"":0.3,""swim_speed_up"":0.3,""comeback"":true,""stealth_jump"":true}",variableroller,3,0,3,2,2,692,"{""special_charge_up"":1.6,""swim_speed_up"":0.9,""ink_resistance_up"":0.3,""quick_super_jump"":0.3,""special_saver"":0.3,""sub_resistance_up"":0.3,""last_ditch_effort"":true,""stealth_jump"":true}",gold,#1 Enemy Splatter,silver,#1 Ground Traveler,gold,#1 Popular Target,
Sizzle Season 2025,2025-06-30T18:00:00+00:00,10.0.1,regular,nawabari,manta,180,alpha,,,,3763,61.8,,6e04b6ff,,3158,29.1,,cd510aff,,lact450_milk,8,7,1,5,5,1641,"{""special_charge_up"":1,""sub_power_up"":0.9,""ink_saver_sub"":0.6,""ink_resistance_up"":0.3,""quick_super_jump"":0.3,""special_saver"":0.3,""swim_speed_up"":0.3,""comeback"":true,""stealth_jump"":true}",bold_neo,6,4,2,3,3,777,"{""run_speed_up"":1.3,""quick_respawn"":1,""sub_resistance_up"":1,""ink_saver_main"":0.6,""swim_speed_up"":0.6,""ink_resistance_up"":0.3,""quick_super_jump"":0.3,""special_power_up"":0.3,""sub_power_up"":0.3}",tristringer_tou,4,3,1,1,2,676,"{""ink_saver_sub"":2.6,""ink_recovery_up"":1,""swim_speed_up"":0.9,""special_charge_up"":0.6,""ink_saver_main"":0.3,""quick_respawn"":0.3}",heroshooter_replica,4,3,1,1,3,669,"{""swim_speed_up"":1.9,""ink_saver_main"":1,""quick_super_jump"":0.6,""special_charge_up"":0.6,""special_power_up"":0.3,""sub_power_up"":0.3,""drop_roller"":true}",tristringer_tou,5,3,2,4,2,1003,"{""ink_recovery_up"":1.9,""ink_saver_main"":1.5,""special_power_up"":1,""quick_respawn"":0.3,""drop_roller"":true}",maneuver,5,5,0,4,2,928,"{""ink_resistance_up"":1,""intensify_action"":1,""swim_speed_up"":1,""ink_saver_sub"":0.3}",hokusai_sui,2,2,0,5,1,806,"{""special_power_up"":1.3,""ink_saver_main"":1,""swim_speed_up"":1,""ink_recovery_up"":0.9,""special_charge_up"":0.9,""quick_super_jump"":0.6}",splatroller,0,0,0,4,0,421,"{""ink_recovery_up"":1,""quick_respawn"":1,""special_saver"":1,""ink_saver_sub"":0.3,""special_power_up"":0.3,""swim_speed_up"":0.3}",gold,#1 Overall Splatter,gold,#1 Turf Inker,gold,#1 Home-Base Inker,
Sizzle Season 2025,2025-06-30T18:00:00+00:00,10.0.1,xmatch,area,yagara,157,alpha,TRUE,,2237.1,3158,,100,a0c937ff,,3024,,0,ba30b0ff,,quadhopper_black,6,5,1,3,2,862,"{""quick_respawn"":3.5,""quick_super_jump"":0.6,""ink_resistance_up"":0.3,""swim_speed_up"":0.3,""stealth_jump"":true}",prime_collabo,9,6,3,3,2,766,"{""swim_speed_up"":1.3,""ink_saver_sub"":0.9,""ink_resistance_up"":0.3,""intensify_action"":0.3,""run_speed_up"":0.3,""special_power_up"":0.3,""sub_resistance_up"":0.3,""last_ditch_effort"":true,""stealth_jump"":true}",order_spinner_replica,8,4,4,1,4,1028,"{""run_speed_up"":3.2,""ink_resistance_up"":1,""intensify_action"":0.6,""swim_speed_up"":0.6,""sub_resistance_up"":0.3}",longblaster,6,3,3,3,2,502,"{""quick_respawn"":1,""intensify_action"":0.9,""quick_super_jump"":0.9,""ink_resistance_up"":0.6,""sub_resistance_up"":0.3,""comeback"":true,""stealth_jump"":true}",examiner,6,4,2,4,3,629,"{""run_speed_up"":2.2,""special_charge_up"":1,""ink_resistance_up"":0.6,""special_power_up"":0.6,""sub_resistance_up"":0.3,""stealth_jump"":true}",explosher_custom,3,2,1,3,2,933,"{""ink_recovery_up"":2.3,""special_charge_up"":1.6,""swim_speed_up"":1.2,""quick_respawn"":0.3,""special_power_up"":0.3}",prime_collabo,4,3,1,3,3,924,"{""swim_speed_up"":1,""intensify_action"":0.9,""ink_resistance_up"":0.6,""ink_saver_main"":0.3,""quick_super_jump"":0.3,""sub_power_up"":0.3,""sub_resistance_up"":0.3,""last_ditch_effort"":true,""stealth_jump"":true}",dynamo,4,1,3,8,1,538,"{""quick_respawn"":1.2,""quick_super_jump"":0.9,""ink_resistance_up"":0.3,""swim_speed_up"":0.3,""last_ditch_effort"":true,""ninja_squid"":true,""stealth_jump"":true}",gold,#1 Splat Zone Guard,gold,#1 Super Jump Spot,silver,First Splat!,
Sizzle Season 2025,2025-06-30T18:00:00+00:00,10.0.1,regular,nawabari,manta,180,alpha,,,,3952,53.1,,1a1aafff,,3458,39.6,,e38d24ff,,lact450_milk,1,1,0,4,5,1623,"{""special_charge_up"":1,""sub_power_up"":0.9,""ink_saver_sub"":0.6,""ink_resistance_up"":0.3,""quick_super_jump"":0.3,""special_saver"":0.3,""swim_speed_up"":0.3,""comeback"":true,""stealth_jump"":true}",promodeler_sai,3,1,2,6,2,918,"{""ink_recovery_up"":1.3,""ink_resistance_up"":1.3,""swim_speed_up"":1.3,""run_speed_up"":0.6,""ink_saver_main"":0.3,""ink_saver_sub"":0.3,""quick_super_jump"":0.3,""sub_resistance_up"":0.3}",order_wiper_replica,6,5,1,5,3,820,"{""quick_respawn"":2.5,""special_charge_up"":1.9,""sub_power_up"":0.3,""comeback"":true}",prime,4,2,2,5,1,591,"{""ink_recovery_up"":1,""ink_saver_main"":1,""quick_respawn"":1,""ink_saver_sub"":0.3,""special_power_up"":0.3,""sub_power_up"":0.3}",heroshooter_replica,13,11,2,1,3,1051,"{""swim_speed_up"":1.9,""ink_saver_main"":1,""quick_super_jump"":0.6,""special_charge_up"":0.6,""special_power_up"":0.3,""sub_power_up"":0.3,""drop_roller"":true}",furo,7,2,5,3,2,911,"{""swim_speed_up"":1.9,""run_speed_up"":1.3,""sub_power_up"":1,""ink_recovery_up"":0.6}",splatspinner_pytn,4,4,0,2,2,803,"{""quick_respawn"":1.5,""intensify_action"":1,""run_speed_up"":1,""special_power_up"":0.6,""opening_gambit"":true}",splatroller,2,2,0,4,2,693,"{""ink_recovery_up"":1,""quick_respawn"":1,""special_saver"":1,""ink_saver_sub"":0.3,""special_power_up"":0.3,""swim_speed_up"":0.3}",silver,#1 Ink Consumer,gold,#1 Turf Inker,gold,#1 Enemy-Base Inker,
Sizzle Season 2025,2025-06-30T18:00:00+00:00,10.0.1,regular,nawabari,mahimahi,180,alpha,,,,3976,58.7,,6325cdff,,3447,34.6,,bfcd41ff,,lact450_milk,6,4,2,4,5,1301,"{""special_charge_up"":1,""sub_power_up"":0.9,""ink_saver_sub"":0.6,""ink_resistance_up"":0.3,""quick_super_jump"":0.3,""special_saver"":0.3,""swim_speed_up"":0.3,""comeback"":true,""stealth_jump"":true}",promodeler_sai,4,4,0,6,2,1028,"{""ink_recovery_up"":1.3,""ink_resistance_up"":1.3,""swim_speed_up"":1.3,""run_speed_up"":0.6,""ink_saver_main"":0.3,""ink_saver_sub"":0.3,""quick_super_jump"":0.3,""sub_resistance_up"":0.3}",drivewiper_deco,9,6,3,5,2,847,"{""ink_recovery_up"":1,""run_speed_up"":1,""swim_speed_up"":0.9,""intensify_action"":0.6,""quick_respawn"":0.3,""object_shredder"":true}",splatspinner_pytn,6,5,1,2,2,800,"{""quick_respawn"":1.5,""intensify_action"":1,""run_speed_up"":1,""special_power_up"":0.6,""opening_gambit"":true}",heroshooter_replica,9,7,2,4,2,1078,"{""swim_speed_up"":1.9,""ink_saver_main"":1,""quick_super_jump"":0.6,""special_charge_up"":0.6,""special_power_up"":0.3,""sub_power_up"":0.3,""drop_roller"":true}",furo,7,5,2,4,2,987,"{""run_speed_up"":2.2,""special_charge_up"":1.6,""quick_respawn"":1,""ink_resistance_up"":0.3,""special_saver"":0.3,""swim_speed_up"":0.3}",wideroller_waku,5,3,2,6,2,833,"{""special_power_up"":1.3,""ink_recovery_up"":1,""ink_resistance_up"":1,""intensify_action"":0.6,""ink_saver_sub"":0.3,""special_charge_up"":0.3,""sub_power_up"":0.3,""sub_resistance_up"":0.3,""swim_speed_up"":0.3}",clashblaster,3,1,2,5,1,549,"{""special_power_up"":0.6,""swim_speed_up"":0.6,""ink_recovery_up"":0.3,""ink_saver_sub"":0.3,""quick_respawn"":0.3,""quick_super_jump"":0.3,""haunt"":true,""last_ditch_effort"":true,""stealth_jump"":true}",gold,#1 Super Jump Spot,gold,#1 Turf Inker,gold,#1 Home-Base Inker,
Sizzle Season 2025,2025-06-30T18:00:00+00:00,10.0.1,regular,nawabari,mahimahi,180,alpha,,,,3935,47.9,,d0bf08ff,,4065,46.5,,3a0ccdff,,lact450_milk,5,5,0,5,4,1355,"{""special_charge_up"":1,""sub_power_up"":0.9,""ink_saver_sub"":0.6,""ink_resistance_up"":0.3,""quick_super_jump"":0.3,""special_saver"":0.3,""swim_speed_up"":0.3,""comeback"":true,""stealth_jump"":true}",promodeler_rg,2,2,0,3,4,1146,"{""special_charge_up"":1,""special_power_up"":1,""swim_speed_up"":1,""ink_recovery_up"":0.6,""sub_resistance_up"":0.6,""ink_resistance_up"":0.3,""quick_respawn"":0.3,""special_saver"":0.3}",maneuver_collabo,4,3,1,8,0,722,"{""ink_saver_sub"":2,""ink_saver_main"":1.6,""ink_recovery_up"":0.3,""ink_resistance_up"":0.3,""quick_respawn"":0.3,""run_speed_up"":0.3,""sub_power_up"":0.3,""swim_speed_up"":0.3}",drivewiper_deco,1,0,1,8,1,712,"{""ink_recovery_up"":1,""run_speed_up"":1,""swim_speed_up"":0.9,""intensify_action"":0.6,""quick_respawn"":0.3,""object_shredder"":true}",order_shooter_replica,10,7,3,1,3,1109,"{""sub_power_up"":1.9,""ink_saver_main"":1,""special_saver"":1,""special_power_up"":0.9}",heroshooter_replica,7,5,2,2,3,1058,"{""swim_speed_up"":1.9,""ink_saver_main"":1,""quick_super_jump"":0.6,""special_charge_up"":0.6,""special_power_up"":0.3,""sub_power_up"":0.3,""drop_roller"":true}",promodeler_sai,9,6,3,6,2,1021,"{""ink_recovery_up"":1.3,""ink_resistance_up"":1.3,""swim_speed_up"":1.3,""run_speed_up"":0.6,""ink_saver_main"":0.3,""ink_saver_sub"":0.3,""quick_super_jump"":0.3,""sub_resistance_up"":0.3}",bamboo14mk1,5,4,1,1,3,877,"{""ink_saver_main"":1.3,""ink_saver_sub"":1,""sub_resistance_up"":0.6,""ink_recovery_up"":0.3,""ink_resistance_up"":0.3,""intensify_action"":0.3,""quick_respawn"":0.3,""special_saver"":0.3,""sub_power_up"":0.3,""ninja_squid"":true}",gold,#1 Popular Target,gold,#1 Overall Splatter,gold,#1 Turf Inker,
Sizzle Season 2025,2025-06-30T18:00:00+00:00,10.0.1,bankara_challenge,yagura,kusaya,304,bravo,FALSE,,,4182,,33,a0c937ff,,4168,,82,ba30b0ff,,splatscope_collabo,7,6,1,3,4,979,"{""swim_speed_up"":1.6,""run_speed_up"":1,""ink_resistance_up"":0.6,""ink_saver_main"":0.6,""quick_super_jump"":0.6,""sub_resistance_up"":0.3,""object_shredder"":true}",hydra_atsu,8,6,2,10,3,819,"{""run_speed_up"":1.9,""ink_saver_main"":1.3,""swim_speed_up"":1.3,""ink_resistance_up"":0.6,""special_charge_up"":0.6}",jimuwiper_fuu,6,5,1,0,6,1227,"{""ink_saver_sub"":4.7,""respawn_punisher"":true}",sharp_neo,4,3,1,11,4,1157,"{""ink_saver_sub"":1.6,""ink_saver_main"":1.3,""run_speed_up"":1,""special_saver"":0.9,""swim_speed_up"":0.6,""ink_recovery_up"":0.3}",splatcharger_collabo,10,10,0,3,4,844,"{""run_speed_up"":1.3,""ink_recovery_up"":1,""ink_saver_sub"":1,""special_saver"":0.6,""ink_saver_main"":0.3,""intensify_action"":0.3,""special_power_up"":0.3,""swim_speed_up"":0.3}",hissen,8,4,4,7,3,917,"{""ink_resistance_up"":1.3,""swim_speed_up"":1.2,""intensify_action"":0.3,""quick_respawn"":0.3,""quick_super_jump"":0.3,""sub_resistance_up"":0.3,""comeback"":true,""stealth_jump"":true}",furo,6,3,3,2,8,1739,"{""special_charge_up"":2,""ink_saver_main"":1.5,""ink_resistance_up"":0.3,""ink_saver_sub"":0.3,""quick_super_jump"":0.3,""special_power_up"":0.3,""stealth_jump"":true}",splatroller,7,7,0,8,2,668,"{""swim_speed_up"":1.3,""ink_recovery_up"":0.3,""ink_resistance_up"":0.3,""ink_saver_main"":0.3,""quick_respawn"":0.3,""quick_super_jump"":0.3,""special_charge_up"":0.3,""special_power_up"":0.3,""special_saver"":0.3,""ninja_squid"":true,""stealth_jump"":true}",gold,#1 Enemy Splatter,gold,#1 Super Jump Spot,silver,#1 Tower Stopper,
Sizzle Season 2025,2025-06-30T18:00:00+00:00,10.0.1,bankara_open,hoko,mategai,88,alpha,TRUE,S,,1795,,100,e38d24ff,,1705,,0,1a1aafff,,sputtery_owl,4,3,1,1,1,437,"{""quick_respawn"":1.6,""quick_super_jump"":0.6,""special_saver"":0.6,""swim_speed_up"":0.6,""ink_resistance_up"":0.3,""comeback"":true,""stealth_jump"":true}",longblaster_custom,6,4,2,1,1,355,"{""quick_respawn"":1.6,""intensify_action"":0.9,""ink_resistance_up"":0.3,""quick_super_jump"":0.3,""special_saver"":0.3,""sub_resistance_up"":0.3,""comeback"":true,""stealth_jump"":true}",sshooter_kou,4,4,0,1,2,570,"{""quick_super_jump"":1.6,""swim_speed_up"":0.9,""ink_resistance_up"":0.3,""intensify_action"":0.3,""run_speed_up"":0.3,""special_charge_up"":0.3,""comeback"":true,""stealth_jump"":true}",campingshelter_sorella,2,1,1,1,1,433,"{""quick_respawn"":1.6,""ink_saver_main"":0.6,""quick_super_jump"":0.6,""special_saver"":0.3,""sub_resistance_up"":0.3,""swim_speed_up"":0.3,""comeback"":true,""stealth_jump"":true}",h3reelgun_snak,2,1,1,1,2,511,"{""run_speed_up"":1.3,""swim_speed_up"":0.9,""special_charge_up"":0.6,""ink_resistance_up"":0.3,""quick_super_jump"":0.3,""special_saver"":0.3,""comeback"":true,""stealth_jump"":true}",carbon_angl,1,1,0,4,1,417,"{""intensify_action"":1,""sub_resistance_up"":1,""swim_speed_up"":1,""ink_recovery_up"":0.6,""ink_saver_main"":0.3,""quick_super_jump"":0.3,""run_speed_up"":0.3,""special_charge_up"":0.3}",nzap89,1,1,0,3,2,563,"{""special_charge_up"":1.9,""swim_speed_up"":1.9,""special_saver"":1,""ink_saver_main"":0.9}",sputtery_owl,1,1,0,4,0,214,"{""special_saver"":1.6,""swim_speed_up"":1.6,""special_charge_up"":1.3,""ink_recovery_up"":0.6,""ink_saver_main"":0.3,""ink_saver_sub"":0.3}",gold,#1 Popular Target,gold,Record-Score Setter,gold,#1 Score Booster,
Sizzle Season 2025,2025-06-30T18:00:00+00:00,10.0.1,bankara_open,hoko,mategai,300,bravo,FALSE,S,,4588,,71,ba30b0ff,,4638,,83,a0c937ff,,sputtery_owl,15,9,6,7,3,984,"{""quick_respawn"":1.6,""quick_super_jump"":0.6,""special_saver"":0.6,""swim_speed_up"":0.6,""ink_resistance_up"":0.3,""comeback"":true,""stealth_jump"":true}",campingshelter_sorella,18,10,8,3,6,1540,"{""quick_respawn"":1.6,""ink_saver_main"":0.6,""quick_super_jump"":0.6,""special_saver"":0.3,""sub_resistance_up"":0.3,""swim_speed_up"":0.3,""comeback"":true,""stealth_jump"":true}",order_shooter_replica,9,8,1,12,1,1121,"{""intensify_action"":1.9,""ink_recovery_up"":1.3,""quick_super_jump"":1,""special_power_up"":0.3}",longblaster_custom,13,11,2,11,2,943,"{""quick_respawn"":1.6,""intensify_action"":0.9,""ink_resistance_up"":0.3,""quick_super_jump"":0.3,""special_saver"":0.3,""sub_resistance_up"":0.3,""comeback"":true,""stealth_jump"":true}",jimuwiper_fuu,13,13,0,12,1,729,"{""quick_respawn"":1.3,""swim_speed_up"":1,""ink_recovery_up"":0.3,""ink_resistance_up"":0.3,""ink_saver_main"":0.3,""special_charge_up"":0.3,""special_saver"":0.3,""sub_resistance_up"":0.3,""stealth_jump"":true}",furuido,8,6,2,7,5,1467,"{""special_charge_up"":1.3,""swim_speed_up"":0.9,""ink_recovery_up"":0.3,""ink_resistance_up"":0.3,""quick_super_jump"":0.3,""special_saver"":0.3,""sub_resistance_up"":0.3,""last_ditch_effort"":true,""stealth_jump"":true}",nzap85,11,4,7,9,3,1139,"{""special_charge_up"":1.3,""intensify_action"":1,""swim_speed_up"":0.9,""special_power_up"":0.6,""ink_resistance_up"":0.3,""run_speed_up"":0.3,""sub_resistance_up"":0.3,""comeback"":true}",pablo_hue,11,9,2,10,6,1303,"{""quick_respawn"":2.2,""quick_super_jump"":0.6,""ink_resistance_up"":0.3,""ink_saver_main"":0.3,""special_saver"":0.3,""comeback"":true,""stealth_jump"":true}",silver,#1 Ground Traveler,gold,#1 Popular Target,silver,#1 Ink Consumer,
Sizzle Season 2025,2025-06-30T18:00:00+00:00,10.0.1,bankara_challenge,yagura,kusaya,307,bravo,FALSE,,,4538,,28,bfcd41ff,,4237,,68,6325cdff,,splatscope_collabo,9,8,1,4,4,989,"{""swim_speed_up"":1.6,""run_speed_up"":1,""ink_resistance_up"":0.6,""ink_saver_main"":0.6,""quick_super_jump"":0.6,""sub_resistance_up"":0.3,""object_shredder"":true}",dualsweeper_tei,14,12,2,13,2,793,"{""quick_super_jump"":1,""quick_respawn"":0.9,""swim_speed_up"":0.6,""ink_saver_main"":0.3,""intensify_action"":0.3,""run_speed_up"":0.3,""special_charge_up"":0.3,""haunt"":true,""stealth_jump"":true}",wideroller_waku,3,2,1,8,6,1412,"{""swim_speed_up"":2.5,""sub_power_up"":1.6,""quick_respawn"":0.3,""quick_super_jump"":0.3,""stealth_jump"":true}",heroshooter_replica,8,8,0,9,3,1344,"{""ink_saver_sub"":2,""intensify_action"":0.9,""swim_speed_up"":0.9,""special_charge_up"":0.6,""ink_resistance_up"":0.3,""ninja_squid"":true}",96gal_sou,18,10,8,7,7,1466,"{""special_power_up"":1,""swim_speed_up"":0.9,""intensify_action"":0.6,""special_charge_up"":0.6,""quick_super_jump"":0.3,""special_saver"":0.3,""comeback"":true,""stealth_jump"":true}",liter4k,11,8,3,4,4,1014,"{""ink_saver_main"":1.2,""swim_speed_up"":1,""quick_super_jump"":0.9,""run_speed_up"":0.6,""haunt"":true,""object_shredder"":true}",sshooter_kou,14,9,5,12,3,925,"{""ink_saver_sub"":1.6,""swim_speed_up"":1.2,""ink_recovery_up"":0.3,""ink_saver_main"":0.3,""quick_super_jump"":0.3,""haunt"":true,""stealth_jump"":true}",nova_neo,10,7,3,7,4,832,"{""ink_saver_sub"":1.9,""swim_speed_up"":1.3,""run_speed_up"":1.2,""special_power_up"":0.3,""ninja_squid"":true}",gold,#1 Score Booster,gold,Record-Score Setter,gold,#1 Super Jump Spot,
Sizzle Season 2025,2025-06-30T18:00:00+00:00,10.0.1,bankara_open,hoko,chozame,307,bravo,FALSE,S,,4272,,45,a0c937ff,,4185,,68,ba30b0ff,,sputtery_owl,6,6,0,9,5,866,"{""quick_respawn"":1.6,""quick_super_jump"":0.6,""special_saver"":0.6,""swim_speed_up"":0.6,""ink_resistance_up"":0.3,""comeback"":true,""stealth_jump"":true}",campingshelter_sorella,13,7,6,7,5,1349,"{""quick_respawn"":1.6,""ink_saver_main"":0.6,""quick_super_jump"":0.6,""special_saver"":0.3,""sub_resistance_up"":0.3,""swim_speed_up"":0.3,""comeback"":true,""stealth_jump"":true}",furuido_custom,10,3,7,6,6,1128,"{""ink_saver_main"":0.9,""quick_super_jump"":0.6,""special_charge_up"":0.6,""sub_resistance_up"":0.6,""haunt"":true,""object_shredder"":true,""tenacity"":true}",longblaster_custom,7,5,2,11,2,929,"{""quick_respawn"":1.6,""intensify_action"":0.9,""ink_resistance_up"":0.3,""quick_super_jump"":0.3,""special_saver"":0.3,""sub_resistance_up"":0.3,""comeback"":true,""stealth_jump"":true}",l3reelgun_haku,13,13,0,3,3,1383,"{""ink_saver_sub"":1,""swim_speed_up"":1,""intensify_action"":0.9,""ink_resistance_up"":0.6,""ink_recovery_up"":0.3,""ink_saver_main"":0.3,""quick_super_jump"":0.3,""special_power_up"":0.3,""stealth_jump"":true}",bold_neo,12,6,6,9,3,1049,"{""swim_speed_up"":4.7,""object_shredder"":true}",liter4k_custom,6,6,0,6,2,1052,"{""swim_speed_up"":3.7,""object_shredder"":true,""respawn_punisher"":true}",splatcharger_frst,7,6,1,3,2,701,"{""ink_saver_main"":2,""intensify_action"":1,""sub_power_up"":0.9,""swim_speed_up"":0.6,""ink_resistance_up"":0.3,""ink_saver_sub"":0.3,""quick_super_jump"":0.3,""run_speed_up"":0.3}",silver,#1 Ground Traveler,silver,#2 Super Jump Spot,silver,#1 Killer Wail 5.1 User,
Sizzle Season 2025,2025-06-30T18:00:00+00:00,10.0.1,bankara_challenge,yagura,takaashi,107,alpha,TRUE,,,1951,,100,c43a6eff,,1577,,0,1bbfabff,,splatscope_collabo,4,4,0,1,2,447,"{""swim_speed_up"":1.6,""run_speed_up"":1,""ink_resistance_up"":0.6,""ink_saver_main"":0.6,""quick_super_jump"":0.6,""sub_resistance_up"":0.3,""object_shredder"":true}",prime_frzn,7,6,1,1,2,573,"{""swim_speed_up"":3.3,""ink_saver_sub"":0.9,""ink_saver_main"":0.6,""intensify_action"":0.6,""special_charge_up"":0.3}",rapid_elite_wntr,4,2,2,0,2,404,"{""ink_saver_main"":5.7}",promodeler_rg,1,1,0,2,2,527,"{""swim_speed_up"":2.3,""ink_saver_main"":0.9,""intensify_action"":0.6,""ink_saver_sub"":0.3,""quick_super_jump"":0.3,""sub_power_up"":0.3,""ninja_squid"":true}",52gal,3,3,0,3,2,557,"{""swim_speed_up"":1.2,""quick_respawn"":0.9,""ink_saver_sub"":0.3,""sub_resistance_up"":0.3,""last_ditch_effort"":true,""ninja_squid"":true,""stealth_jump"":true}",longblaster,0,0,0,3,0,304,"{""ink_saver_main"":1.9,""swim_speed_up"":1.6,""special_charge_up"":0.9,""ink_resistance_up"":0.3,""stealth_jump"":true}",fincent_brnz,0,0,0,3,1,395,"{""swim_speed_up"":2.8,""special_power_up"":1.9,""ninja_squid"":true}",order_stringer_replica,1,1,0,4,0,321,"{""ink_recovery_up"":2.3,""sub_power_up"":0.6,""ink_saver_sub"":0.3,""intensify_action"":0.3,""quick_super_jump"":0.3,""run_speed_up"":0.3,""special_charge_up"":0.3,""swim_speed_up"":0.3,""thermal_ink"":true}",gold,#1 Popular Target,silver,#2 Overall Splatter,silver,#1 Tower Stopper,
Sizzle Season 2025,2025-06-30T18:00:00+00:00,10.0.1,bankara_challenge,yagura,takaashi,155,bravo,TRUE,,,2274,,0,2cb721ff,,2166,,100,c12d74ff,,splatscope_collabo,1,1,0,2,1,491,"{""swim_speed_up"":1.6,""run_speed_up"":1,""ink_resistance_up"":0.6,""ink_saver_main"":0.6,""quick_super_jump"":0.6,""sub_resistance_up"":0.3,""object_shredder"":true}",sshooter_collabo,4,2,2,2,2,681,"{""swim_speed_up"":1.9,""ink_saver_main"":0.9,""intensify_action"":0.9,""last_ditch_effort"":true,""ninja_squid"":true}",wakaba,2,2,0,4,2,622,"{""ink_saver_sub"":2,""ink_saver_main"":1.6,""swim_speed_up"":0.6,""ink_recovery_up"":0.3,""ink_resistance_up"":0.3,""run_speed_up"":0.3,""special_charge_up"":0.3,""special_saver"":0.3}",sshooter_collabo,7,7,0,6,1,480,"{""swim_speed_up"":1.3,""ink_saver_sub"":0.6,""quick_respawn"":0.6,""special_saver"":0.6,""ink_resistance_up"":0.3,""sub_resistance_up"":0.3,""comeback"":true,""stealth_jump"":true}",tristringer_tou,7,6,1,2,3,705,"{""special_power_up"":1.3,""run_speed_up"":0.6,""swim_speed_up"":0.6,""ink_resistance_up"":0.3,""ink_saver_sub"":0.3,""quick_super_jump"":0.3,""drop_roller"":true,""thermal_ink"":true}",hydra_atsu,3,1,2,2,3,608,"{""run_speed_up"":2,""intensify_action"":0.9,""special_charge_up"":0.9,""swim_speed_up"":0.9,""object_shredder"":true}",nova,5,3,2,6,2,405,"{""swim_speed_up"":2.6,""quick_respawn"":1.6,""ink_saver_main"":0.6,""quick_super_jump"":0.6,""ink_resistance_up"":0.3}",splatroller,5,4,1,2,2,448,"{""swim_speed_up"":1.5,""ink_resistance_up"":0.3,""quick_super_jump"":0.3,""special_charge_up"":0.3,""sub_resistance_up"":0.3,""comeback"":true,""ninja_squid"":true,""stealth_jump"":true}",silver,#2 Super Jump Spot,,,,,
Sizzle Season 2025,2025-06-30T18:00:00+00:00,10.0.1,bankara_open,hoko,mategai,84,alpha,TRUE,S,,1586,,100,343bc4ff,,1224,,0,df6624ff,,sputtery_owl,5,5,0,2,1,316,"{""quick_respawn"":1.6,""quick_super_jump"":0.6,""special_saver"":0.6,""swim_speed_up"":0.6,""ink_resistance_up"":0.3,""comeback"":true,""stealth_jump"":true}",l3reelgun,5,3,2,2,2,567,"{""quick_respawn"":1.6,""ink_saver_main"":0.6,""quick_super_jump"":0.6,""special_saver"":0.3,""sub_resistance_up"":0.3,""swim_speed_up"":0.3,""comeback"":true,""stealth_jump"":true}",liter4k,3,3,0,1,0,291,"{""swim_speed_up"":3.2,""sub_resistance_up"":0.6,""ink_resistance_up"":0.3,""intensify_action"":0.3,""quick_respawn"":0.3,""stealth_jump"":true}",furuido_custom,3,1,2,0,1,412,"{""ink_saver_main"":0.9,""quick_super_jump"":0.6,""special_charge_up"":0.6,""sub_resistance_up"":0.6,""haunt"":true,""object_shredder"":true,""tenacity"":true}",liter4k,4,3,1,1,1,357,"{""swim_speed_up"":3.1,""ink_saver_main"":1.3,""run_speed_up"":0.3,""drop_roller"":true}",bold,1,1,0,3,0,400,"{""ink_saver_main"":1.9,""ink_saver_sub"":1.9,""swim_speed_up"":1.9}",longblaster,1,1,0,4,1,323,"{""ink_saver_sub"":1.9,""swim_speed_up"":1.3,""ink_saver_main"":0.9,""tenacity"":true}",carbon_deco,0,0,0,4,0,144,"{""special_power_up"":0.9,""ink_saver_main"":0.6,""swim_speed_up"":0.6,""quick_respawn"":0.3,""sub_resistance_up"":0.3,""ninja_squid"":true,""opening_gambit"":true,""stealth_jump"":true}",gold,#1 Overall Splatter,gold,#1 Enemy Splatter,silver,#1 Ground Traveler,
Sizzle Season 2025,2025-06-30T18:00:00+00:00,10.0.1,bankara_open,hoko,mategai,300,bravo,FALSE,S,,4490,,40,df6624ff,,4453,,44,343bc4ff,,sputtery_owl,16,10,6,10,4,750,"{""quick_respawn"":1.6,""quick_super_jump"":0.6,""special_saver"":0.6,""swim_speed_up"":0.6,""ink_resistance_up"":0.3,""comeback"":true,""stealth_jump"":true}",furuido,17,14,3,6,7,1588,"{""run_speed_up"":1.9,""swim_speed_up"":1.3,""quick_super_jump"":0.9,""ink_resistance_up"":0.3,""sub_resistance_up"":0.3,""stealth_jump"":true}",splatscope,6,4,2,5,3,985,"{""ink_saver_sub"":1.9,""sub_power_up"":1.3,""swim_speed_up"":1.3,""run_speed_up"":0.6,""special_power_up"":0.6}",jimuwiper,10,7,3,9,5,1167,"{""swim_speed_up"":1.3,""ink_resistance_up"":0.3,""ink_saver_main"":0.3,""ink_saver_sub"":0.3,""quick_super_jump"":0.3,""special_power_up"":0.3,""special_saver"":0.3,""sub_power_up"":0.3,""sub_resistance_up"":0.3,""comeback"":true,""stealth_jump"":true}",hokusai_sui,14,8,6,5,3,1281,"{""swim_speed_up"":1.3,""intensify_action"":0.6,""special_charge_up"":0.6,""ink_resistance_up"":0.3,""quick_super_jump"":0.3,""special_saver"":0.3,""sub_resistance_up"":0.3,""last_ditch_effort"":true,""stealth_jump"":true}",sharp,12,8,4,8,3,1421,"{""special_charge_up"":1,""ink_saver_sub"":0.9,""sub_power_up"":0.6,""swim_speed_up"":0.6,""sub_resistance_up"":0.3,""comeback"":true,""stealth_jump"":true}",parashelter_sorella,14,13,1,9,3,1201,"{""ink_saver_main"":1,""special_charge_up"":0.6,""special_power_up"":0.6,""ink_resistance_up"":0.3,""ink_saver_sub"":0.3,""quick_super_jump"":0.3,""run_speed_up"":0.3,""sub_resistance_up"":0.3,""comeback"":true,""drop_roller"":true}",rapid,3,1,2,13,0,550,"{""run_speed_up"":1.6,""special_charge_up"":1.3,""ink_recovery_up"":1,""quick_super_jump"":0.3}",gold,#1 Splat Assister,gold,Record-Score Setter,gold,#1 Score Booster,
Sizzle Season 2025,2025-06-30T18:00:00+00:00,10.0.1,bankara_challenge,yagura,kusaya,300,bravo,FALSE,,,5313,,67,1bbfabff,,5350,,80,c43a6eff,,splatscope_collabo,5,5,0,4,5,1207,"{""swim_speed_up"":1.6,""run_speed_up"":1,""ink_resistance_up"":0.6,""ink_saver_main"":0.6,""quick_super_jump"":0.6,""sub_resistance_up"":0.3,""object_shredder"":true}",prime_collabo,9,9,0,7,7,1443,"{""swim_speed_up"":1.6,""intensify_action"":0.6,""ink_saver_main"":0.3,""ink_saver_sub"":0.3,""quick_super_jump"":0.3,""special_charge_up"":0.3,""special_saver"":0.3,""comeback"":true,""stealth_jump"":true}",variableroller,6,3,3,5,6,1449,"{""special_charge_up"":1.3,""swim_speed_up"":1.3,""ink_saver_main"":1,""ink_recovery_up"":0.6,""intensify_action"":0.6,""special_saver"":0.6,""ink_resistance_up"":0.3}",wakaba,5,2,3,8,5,1214,"{""ink_saver_sub"":3.2,""sub_power_up"":1,""ink_recovery_up"":0.3,""ink_resistance_up"":0.3,""quick_super_jump"":0.3,""sub_resistance_up"":0.3,""swim_speed_up"":0.3}",maneuver_collabo,9,8,1,6,4,1280,"{""ink_recovery_up"":1.9,""ink_saver_sub"":1,""special_charge_up"":0.9,""swim_speed_up"":0.9,""ninja_squid"":true}",promodeler_rg,8,7,1,7,9,2062,"{""ink_saver_sub"":1.3,""special_charge_up"":1.3,""special_power_up"":1,""sub_power_up"":0.9,""run_speed_up"":0.6,""special_saver"":0.3,""swim_speed_up"":0.3}",furuido_custom,7,2,5,4,5,923,"{""ink_recovery_up"":1.9,""run_speed_up"":1.9,""ink_resistance_up"":1.3,""special_power_up"":0.6}",liter4k,8,6,2,2,5,1085,"{""ink_saver_main"":1.9,""swim_speed_up"":1.9,""ink_recovery_up"":0.9,""ninja_squid"":true}",gold,Record-Score Setter,silver,#1 Tower Stopper,silver,#1 Triple Inkstrike User,
Sizzle Season 2025,2025-06-30T18:00:00+00:00,10.0.1,bankara_challenge,yagura,kusaya,250,alpha,TRUE,,,4056,,100,9025c6ff,,3972,,0,cfb121ff,,splatscope_collabo,10,9,1,3,5,1087,"{""swim_speed_up"":1.6,""run_speed_up"":1,""ink_resistance_up"":0.6,""ink_saver_main"":0.6,""quick_super_jump"":0.6,""sub_resistance_up"":0.3,""object_shredder"":true}",nautilus47,12,5,7,2,4,902,"{""run_speed_up"":1.9,""swim_speed_up"":1.6,""ink_resistance_up"":0.6,""quick_respawn"":0.3,""special_saver"":0.3,""stealth_jump"":true}",jetsweeper_cobr,8,4,4,1,5,1282,"{""special_power_up"":1.9,""sub_power_up"":1.6,""special_charge_up"":0.6,""swim_speed_up"":0.6,""respawn_punisher"":true}",clashblaster_neo,12,10,2,6,2,785,"{""ink_saver_sub"":2.8,""ink_saver_main"":0.6,""intensify_action"":0.3,""comeback"":true,""respawn_punisher"":true}",furuido_custom,5,1,4,6,3,647,"{""ink_recovery_up"":1.9,""run_speed_up"":1.9,""ink_resistance_up"":1.3,""special_power_up"":0.6}",promodeler_rg,5,5,0,7,7,1720,"{""ink_saver_sub"":1.3,""special_charge_up"":1.3,""special_power_up"":1,""sub_power_up"":0.9,""run_speed_up"":0.6,""special_saver"":0.3,""swim_speed_up"":0.3}",liter4k,5,4,1,8,2,646,"{""ink_saver_main"":1.9,""swim_speed_up"":1.9,""ink_recovery_up"":0.9,""ninja_squid"":true}",maneuver_collabo,2,2,0,7,4,959,"{""ink_recovery_up"":1.9,""ink_saver_sub"":1,""special_charge_up"":0.9,""swim_speed_up"":0.9,""ninja_squid"":true}",gold,#1 Score Booster,silver,First Splat!,silver,#1 Checkpoint Breaker,
Sizzle Season 2025,2025-06-30T18:00:00+00:00,10.0.1,bankara_open,hoko,mategai,82,alpha,TRUE,S,,1502,,100,d0bf08ff,,1371,,0,3a0ccdff,,sputtery_owl,7,5,2,3,2,422,"{""quick_respawn"":1.6,""quick_super_jump"":0.6,""special_saver"":0.6,""swim_speed_up"":0.6,""ink_resistance_up"":0.3,""comeback"":true,""stealth_jump"":true}",furuido,5,5,0,1,2,495,"{""special_charge_up"":1.6,""swim_speed_up"":1,""quick_super_jump"":0.6,""special_power_up"":0.6,""ink_resistance_up"":0.3,""special_saver"":0.3,""sub_resistance_up"":0.3,""stealth_jump"":true}",order_maneuver_replica,2,2,0,1,0,326,"{""quick_respawn"":0.9,""swim_speed_up"":0.9,""ink_resistance_up"":0.3,""quick_super_jump"":0.3,""sub_resistance_up"":0.3,""comeback"":true,""ninja_squid"":true,""stealth_jump"":true}",jimuwiper,5,1,4,3,0,259,"{""quick_respawn"":1.9,""ink_saver_main"":0.6,""quick_super_jump"":0.6,""special_power_up"":0.3,""sub_power_up"":0.3,""comeback"":true,""stealth_jump"":true}",hokusai_sui,5,5,0,4,0,302,"{""ink_recovery_up"":1.9,""swim_speed_up"":1.9,""ink_saver_main"":0.9,""drop_roller"":true}",prime_frzn,1,0,1,3,0,295,"{""swim_speed_up"":1.6,""intensify_action"":1.3,""special_power_up"":0.6,""sub_power_up"":0.6,""ink_saver_main"":0.3,""special_charge_up"":0.3,""thermal_ink"":true}",dualsweeper,2,2,0,3,2,414,"{""ink_saver_main"":0.6,""quick_super_jump"":0.6,""swim_speed_up"":0.6,""ink_resistance_up"":0.3,""intensify_action"":0.3,""comeback"":true,""stealth_jump"":true,""thermal_ink"":true}",jimuwiper,2,1,1,3,0,360,"{""special_saver"":1,""ink_saver_main"":0.9,""swim_speed_up"":0.6,""ink_resistance_up"":0.3,""quick_respawn"":0.3,""special_power_up"":0.3,""sub_resistance_up"":0.3,""comeback"":true,""stealth_jump"":true}",gold,#1 Overall Splatter,gold,#1 Enemy Splatter,silver,#1 Killer Wail 5.1 User,
Sizzle Season 2025,2025-06-30T18:00:00+00:00,10.0.1,bankara_challenge,yagura,takaashi,300,alpha,FALSE,,,4179,,78,df6624ff,,4082,,30,343bc4ff,,splatscope_collabo,6,6,0,4,3,854,"{""swim_speed_up"":1.6,""run_speed_up"":1,""ink_resistance_up"":0.6,""ink_saver_main"":0.6,""quick_super_jump"":0.6,""sub_resistance_up"":0.3,""object_shredder"":true}",promodeler_mg,7,5,2,8,5,1233,"{""special_charge_up"":2.5,""swim_speed_up"":2,""special_power_up"":0.6,""ink_resistance_up"":0.3,""sub_power_up"":0.3}",sblast92,5,4,1,7,3,862,"{""special_power_up"":1.3,""swim_speed_up"":1.3,""ink_saver_main"":0.9,""ink_recovery_up"":0.6,""ink_resistance_up"":0.3,""intensify_action"":0.3,""tenacity"":true}",maneuver_collabo,3,3,0,6,4,1230,"{""ink_recovery_up"":1.9,""ink_saver_sub"":1,""special_charge_up"":0.9,""swim_speed_up"":0.9,""ninja_squid"":true}",clashblaster,13,10,3,5,6,927,"{""special_power_up"":2.9,""special_charge_up"":2.5,""special_saver"":0.3}",liter4k_scope,13,11,2,6,6,1329,"{""intensify_action"":1.3,""ink_resistance_up"":1,""special_power_up"":1,""ink_saver_main"":0.9,""ink_recovery_up"":0.6,""ink_saver_sub"":0.3,""quick_super_jump"":0.3,""sub_power_up"":0.3}",wideroller_waku,7,3,4,4,4,1011,"{""run_speed_up"":1.9,""special_power_up"":1.9,""ink_saver_sub"":0.6,""ink_recovery_up"":0.3,""ninja_squid"":true}",longblaster,1,0,1,3,3,815,"{""swim_speed_up"":3.8,""ink_saver_main"":1.9}",gold,#1 Enemy Splatter,gold,#1 Popular Target,silver,#1 Checkpoint Breaker,
Sizzle Season 2025,2025-06-30T20:00:00+00:00,10.0.1,bankara_open,asari,ohyo,320,bravo,FALSE,S,,4743,,20,6325cdff,,4901,,39,bfcd41ff,,carbon_deco,15,10,5,13,2,741,"{""quick_respawn"":3.8,""quick_super_jump"":0.6,""ink_saver_sub"":0.3,""stealth_jump"":true}",bottlegeyser,21,15,6,7,4,1240,"{""run_speed_up"":1.6,""quick_super_jump"":0.9,""swim_speed_up"":0.6,""ink_resistance_up"":0.3,""sub_resistance_up"":0.3,""comeback"":true,""stealth_jump"":true}",nzap85,8,2,6,5,6,1386,"{""special_charge_up"":1.3,""special_power_up"":1,""ink_saver_main"":0.9,""swim_speed_up"":0.9,""ink_recovery_up"":0.6,""stealth_jump"":true}",bucketslosher,14,11,3,13,3,1376,"{""quick_respawn"":1.6,""quick_super_jump"":0.9,""ink_saver_sub"":0.3,""special_saver"":0.3,""sub_resistance_up"":0.3,""swim_speed_up"":0.3,""comeback"":true,""stealth_jump"":true}",rapid_elite_wntr,23,17,6,7,6,1735,"{""special_charge_up"":1.6,""intensify_action"":1,""special_power_up"":0.6,""swim_speed_up"":0.6,""ink_resistance_up"":0.3,""quick_super_jump"":0.3,""sub_resistance_up"":0.3,""stealth_jump"":true}",hokusai_sui,10,8,2,8,3,1055,"{""ink_saver_sub"":1.3,""run_speed_up"":1.3,""swim_speed_up"":1,""sub_power_up"":0.9,""ink_recovery_up"":0.6,""special_saver"":0.6}",carbon_deco,8,6,2,13,1,795,"{""quick_super_jump"":2.2,""quick_respawn"":1.6,""ink_resistance_up"":0.3,""ink_saver_sub"":0.3,""sub_resistance_up"":0.3,""stealth_jump"":true}",maneuver_you,10,7,3,10,3,1316,"{""ink_saver_sub"":1.6,""ink_saver_main"":0.6,""sub_power_up"":0.6,""ink_recovery_up"":0.3,""ink_resistance_up"":0.3,""quick_super_jump"":0.3,""last_ditch_effort"":true,""stealth_jump"":true}",silver,#2 Overall Splatter,silver,#2 Super Jump Spot,,,
Sizzle Season 2025,2025-06-30T20:00:00+00:00,10.0.1,bankara_open,asari,yunohana,320,alpha,FALSE,S,,4786,,42,a0c937ff,,4717,,20,ba30b0ff,,sputtery_hue,16,12,4,6,4,1146,"{""quick_respawn"":1.9,""special_saver"":0.6,""swim_speed_up"":0.6,""ink_resistance_up"":0.3,""quick_super_jump"":0.3,""comeback"":true,""stealth_jump"":true}",dynamo,16,8,8,4,5,1329,"{""special_charge_up"":1.3,""special_power_up"":1,""ink_saver_main"":0.9,""swim_speed_up"":0.9,""ink_recovery_up"":0.6,""stealth_jump"":true}",l3reelgun,15,10,5,6,6,1630,"{""special_charge_up"":1,""intensify_action"":0.6,""special_power_up"":0.6,""swim_speed_up"":0.6,""ink_resistance_up"":0.3,""quick_super_jump"":0.3,""sub_resistance_up"":0.3,""comeback"":true,""stealth_jump"":true}",bottlegeyser,8,6,2,7,3,681,"{""special_charge_up"":1,""ink_saver_main"":0.6,""quick_super_jump"":0.6,""ink_recovery_up"":0.3,""ink_resistance_up"":0.3,""special_saver"":0.3,""sub_resistance_up"":0.3,""opening_gambit"":true,""stealth_jump"":true}",96gal_sou,9,6,3,9,6,1401,"{""special_charge_up"":1.9,""intensify_action"":1,""special_power_up"":0.6,""swim_speed_up"":0.6,""quick_super_jump"":0.3,""special_saver"":0.3,""stealth_jump"":true}",hokusai_hue,8,6,2,9,4,1191,"{""ink_saver_main"":1.5,""quick_super_jump"":1.3,""special_charge_up"":1,""sub_power_up"":1,""ink_recovery_up"":0.3,""quick_respawn"":0.3,""run_speed_up"":0.3}",sshooter,6,6,0,6,5,1274,"{""intensify_action"":1,""swim_speed_up"":1,""ink_recovery_up"":0.6,""ink_saver_main"":0.3,""thermal_ink"":true}",carbon_angl,6,5,1,13,3,851,"{""quick_respawn"":1.5,""swim_speed_up"":1.3,""ink_resistance_up"":0.3,""intensify_action"":0.3,""sub_resistance_up"":0.3,""comeback"":true,""ninja_squid"":true}",gold,#1 Overall Splatter,gold,#1 Enemy Splatter,silver,#1 Ground Traveler,
Sizzle Season 2025,2025-06-30T20:00:00+00:00,10.0.1,bankara_open,asari,yunohana,311,bravo,FALSE,S+ 1,,4234,,75,bfcd41ff,,4427,,90,6325cdff,,carbon_deco,9,8,1,10,0,804,"{""run_speed_up"":1.3,""swim_speed_up"":1.2,""quick_super_jump"":0.9,""ink_saver_sub"":0.3,""ninja_squid"":true,""stealth_jump"":true}",examiner,8,6,2,9,4,1291,"{""quick_super_jump"":1.3,""special_charge_up"":1.3,""ink_saver_main"":0.6,""quick_respawn"":0.6,""run_speed_up"":0.6,""swim_speed_up"":0.3,""comeback"":true}",prime_frzn,5,4,1,4,4,1258,"{""ink_saver_main"":2.1,""special_power_up"":1.3,""sub_resistance_up"":1.3,""thermal_ink"":true}",carbon_angl,7,6,1,11,2,881,"{""intensify_action"":1.9,""swim_speed_up"":1,""ink_saver_main"":0.9,""quick_super_jump"":0.9,""ninja_squid"":true}",splatspinner_pytn,20,18,2,5,6,1438,"{""run_speed_up"":1.9,""special_charge_up"":1.9,""sub_power_up"":1.9}",tristringer_tou,14,9,5,4,3,1255,"{""special_power_up"":1.6,""run_speed_up"":1.3,""special_charge_up"":0.9,""quick_super_jump"":0.3,""sub_resistance_up"":0.3,""swim_speed_up"":0.3,""drop_roller"":true}",bold,9,4,5,6,3,969,"{""ink_saver_main"":0.9,""quick_respawn"":0.9,""swim_speed_up"":0.9,""comeback"":true,""ninja_squid"":true,""stealth_jump"":true}",maneuver_collabo,5,3,2,10,1,765,"{""ink_recovery_up"":0.9,""ink_saver_main"":0.9,""ink_saver_sub"":0.9,""haunt"":true,""last_ditch_effort"":true,""stealth_jump"":true}",gold,#1 Overall Splatter,gold,#1 Popular Target,gold,#1 Score Booster,
Sizzle Season 2025,2025-06-30T20:00:00+00:00,10.0.1,bankara_open,asari,ohyo,320,alpha,FALSE,S+ 1,,4402,,23,df6624ff,,4176,,20,343bc4ff,,carbon_deco,18,16,2,11,0,765,"{""run_speed_up"":1.3,""swim_speed_up"":1.2,""quick_super_jump"":0.9,""ink_saver_sub"":0.3,""ninja_squid"":true,""stealth_jump"":true}",examiner,11,9,2,6,4,1077,"{""quick_super_jump"":1.3,""special_charge_up"":1.3,""ink_saver_main"":0.6,""quick_respawn"":0.6,""run_speed_up"":0.6,""swim_speed_up"":0.3,""comeback"":true}",nzap89,9,5,4,6,6,1768,"{""quick_super_jump"":1.3,""ink_saver_sub"":0.6,""special_saver"":0.6,""intensify_action"":0.3,""quick_respawn"":0.3,""sub_power_up"":0.3,""sub_resistance_up"":0.3,""drop_roller"":true,""last_ditch_effort"":true}",liter4k_custom,7,5,2,9,3,792,"{""ink_saver_main"":1.6,""swim_speed_up"":1.3,""run_speed_up"":1.2,""ink_saver_sub"":1,""special_power_up"":0.3,""sub_resistance_up"":0.3}",prime_frzn,11,8,3,7,3,1091,"{""ink_saver_main"":1.6,""ink_recovery_up"":1.3,""special_charge_up"":0.9,""ink_resistance_up"":0.3,""ink_saver_sub"":0.3,""swim_speed_up"":0.3,""ninja_squid"":true}",hokusai_sui,9,7,2,9,3,1191,"{""ink_saver_sub"":1.9,""ink_saver_main"":0.6,""swim_speed_up"":0.6,""ink_recovery_up"":0.3,""run_speed_up"":0.3,""comeback"":true,""stealth_jump"":true}",splatroller,11,10,1,10,2,739,"{""swim_speed_up"":1.5,""quick_respawn"":1.3,""quick_super_jump"":0.6,""special_charge_up"":0.3,""ninja_squid"":true,""stealth_jump"":true}",maneuver,10,7,3,9,3,1155,"{""quick_respawn"":1.3,""ink_saver_main"":0.6,""ink_saver_sub"":0.6,""special_saver"":0.6,""intensify_action"":0.3,""swim_speed_up"":0.3,""comeback"":true,""stealth_jump"":true}",gold,#1 Overall Splatter,gold,#1 Enemy Splatter,silver,#1 Clam Stopper,
Sizzle Season 2025,2025-06-30T20:00:00+00:00,10.0.1,bankara_open,asari,yunohana,317,alpha,FALSE,S,,4794,,50,df6624ff,,4539,,26,343bc4ff,,sputtery_hue,14,13,1,5,4,1150,"{""quick_respawn"":1.9,""special_saver"":0.6,""swim_speed_up"":0.6,""ink_resistance_up"":0.3,""quick_super_jump"":0.3,""comeback"":true,""stealth_jump"":true}",dynamo,15,7,8,3,6,1317,"{""special_charge_up"":1.3,""special_power_up"":1,""ink_saver_main"":0.9,""swim_speed_up"":0.9,""ink_recovery_up"":0.6,""stealth_jump"":true}",prime,16,11,5,7,5,1412,"{""intensify_action"":1.2,""special_charge_up"":1,""swim_speed_up"":0.6,""ink_recovery_up"":0.3,""quick_super_jump"":0.3,""sub_resistance_up"":0.3,""comeback"":true,""stealth_jump"":true}",longblaster_custom,10,8,2,10,3,915,"{""quick_respawn"":1.6,""intensify_action"":0.9,""ink_resistance_up"":0.3,""quick_super_jump"":0.3,""special_saver"":0.3,""sub_resistance_up"":0.3,""comeback"":true,""stealth_jump"":true}",dentalwiper_mint,11,10,1,10,3,1170,"{""quick_respawn"":1.6,""ink_saver_main"":0.6,""ink_resistance_up"":0.3,""intensify_action"":0.3,""quick_super_jump"":0.3,""special_charge_up"":0.3,""sub_resistance_up"":0.3,""comeback"":true,""stealth_jump"":true}",moprin_kaku,9,4,5,6,5,1755,"{""ink_saver_main"":1.3,""quick_super_jump"":0.6,""special_power_up"":0.6,""swim_speed_up"":0.6,""ink_resistance_up"":0.3,""sub_resistance_up"":0.3,""last_ditch_effort"":true,""stealth_jump"":true}",hokusai_sui,7,7,0,13,1,742,"{""swim_speed_up"":1.9,""quick_super_jump"":0.6,""ink_saver_sub"":0.3,""run_speed_up"":0.3,""special_charge_up"":0.3,""special_saver"":0.3,""ninja_squid"":true,""stealth_jump"":true}",order_roller_replica,4,4,0,10,3,872,"{""swim_speed_up"":1.9,""quick_super_jump"":1.5,""sub_resistance_up"":0.3,""ninja_squid"":true,""stealth_jump"":true}",gold,#1 Enemy Splatter,gold,#1 Popular Target,silver,#1 Clam Stopper,
Sizzle Season 2025,2025-06-30T20:00:00+00:00,10.0.1,bankara_open,asari,yunohana,316,bravo,FALSE,S+ 1,,3927,,20,6325cdff,,3844,,43,bfcd41ff,,carbon_deco,10,10,0,12,2,570,"{""run_speed_up"":1.3,""swim_speed_up"":1.2,""quick_super_jump"":0.9,""ink_saver_sub"":0.3,""ninja_squid"":true,""stealth_jump"":true}",examiner,8,4,4,5,7,1320,"{""quick_super_jump"":1.3,""special_charge_up"":1.3,""ink_saver_main"":0.6,""quick_respawn"":0.6,""run_speed_up"":0.6,""swim_speed_up"":0.3,""comeback"":true}",bold,6,4,2,9,4,1135,"{""swim_speed_up"":1.3,""intensify_action"":0.6,""quick_super_jump"":0.6,""run_speed_up"":0.6,""ink_recovery_up"":0.3,""ink_resistance_up"":0.3,""comeback"":true,""stealth_jump"":true}",momiji,3,1,2,9,5,902,"{""ink_recovery_up"":1,""ink_resistance_up"":1,""intensify_action"":0.9,""special_saver"":0.6,""ink_saver_sub"":0.3,""run_speed_up"":0.3,""sub_power_up"":0.3,""swim_speed_up"":0.3,""thermal_ink"":true}",hokusai,16,14,2,7,3,1029,"{""ink_recovery_up"":1.9,""swim_speed_up"":1.9,""ink_saver_main"":0.9,""drop_roller"":true}",rapid,11,3,8,5,4,1053,"{""swim_speed_up"":2.6,""special_charge_up"":1.9,""ink_recovery_up"":1.2}",liter4k_custom,12,11,1,2,2,909,"{""ink_saver_main"":1.6,""sub_power_up"":1.3,""swim_speed_up"":1,""run_speed_up"":0.6,""ink_recovery_up"":0.3,""special_power_up"":0.3}",jimuwiper,10,7,3,5,2,853,"{""special_saver"":1,""ink_saver_main"":0.9,""ink_resistance_up"":0.6,""swim_speed_up"":0.6,""quick_respawn"":0.3,""special_power_up"":0.3,""comeback"":true,""stealth_jump"":true}",gold,#1 Overall Splatter,gold,#1 Enemy Splatter,silver,#1 Clam Stopper,
Sizzle Season 2025,2025-06-30T20:00:00+00:00,10.0.1,bankara_open,asari,yunohana,304,alpha,FALSE,S,,4696,,75,343bc4ff,,4395,,0,df6624ff,,sputtery_hue,10,9,1,7,3,991,"{""quick_respawn"":1.9,""special_saver"":0.6,""swim_speed_up"":0.6,""ink_resistance_up"":0.3,""quick_super_jump"":0.3,""comeback"":true,""stealth_jump"":true}",longblaster_custom,22,14,8,10,3,1010,"{""quick_respawn"":2.2,""intensify_action"":0.6,""quick_super_jump"":0.3,""special_saver"":0.3,""sub_resistance_up"":0.3,""opening_gambit"":true,""stealth_jump"":true}",sblast92,18,12,6,8,5,1355,"{""quick_respawn"":2.5,""quick_super_jump"":0.6,""ink_resistance_up"":0.3,""sub_resistance_up"":0.3,""comeback"":true,""stealth_jump"":true}",dynamo,14,7,7,7,6,1340,"{""special_charge_up"":1.3,""special_power_up"":1,""ink_saver_main"":0.9,""swim_speed_up"":0.9,""ink_recovery_up"":0.6,""stealth_jump"":true}",splatspinner_pytn,10,6,4,7,3,1037,"{""sub_power_up"":1.9,""quick_respawn"":0.9,""quick_super_jump"":0.9,""comeback"":true,""drop_roller"":true}",hokusai_sui,17,14,3,13,1,947,"{""swim_speed_up"":1,""special_charge_up"":0.6,""special_power_up"":0.6,""ink_resistance_up"":0.3,""ink_saver_main"":0.3,""special_saver"":0.3,""sub_resistance_up"":0.3,""ninja_squid"":true,""stealth_jump"":true}",promodeler_rg,8,5,3,10,6,1585,"{""special_charge_up"":1.9,""special_power_up"":0.9,""special_saver"":0.9,""comeback"":true,""stealth_jump"":true}",octoshooter_replica,8,7,1,13,1,826,"{""swim_speed_up"":2.9,""quick_super_jump"":1,""ink_saver_main"":0.9,""ink_resistance_up"":0.3,""ink_saver_sub"":0.3,""sub_power_up"":0.3}",silver,#1 Ground Traveler,gold,#1 Score Booster,silver,#1 Clam Stopper,
Sizzle Season 2025,2025-06-30T20:00:00+00:00,10.0.1,bankara_open,asari,yunohana,197,alpha,TRUE,S+ 1,,2721,,100,ba30b0ff,,2839,,0,a0c937ff,,carbon_deco,9,9,0,4,0,531,"{""run_speed_up"":1.3,""swim_speed_up"":1.2,""quick_super_jump"":0.9,""ink_saver_sub"":0.3,""ninja_squid"":true,""stealth_jump"":true}",moprin_kaku,5,3,2,3,3,897,"{""ink_resistance_up"":1.6,""ink_saver_main"":1,""quick_super_jump"":1,""swim_speed_up"":0.9,""intensify_action"":0.6,""run_speed_up"":0.6}",examiner,4,3,1,4,3,852,"{""quick_super_jump"":1.3,""special_charge_up"":1.3,""ink_saver_main"":0.6,""quick_respawn"":0.6,""run_speed_up"":0.6,""swim_speed_up"":0.3,""comeback"":true}",squiclean_a,2,1,1,6,0,441,"{""ink_recovery_up"":2,""intensify_action"":1.9,""ink_saver_main"":0.9,""special_charge_up"":0.9}",dynamo_mei,9,7,2,4,4,840,"{""special_charge_up"":1.3,""swim_speed_up"":1,""ink_saver_main"":0.9,""quick_super_jump"":0.6,""special_power_up"":0.6,""intensify_action"":0.3,""stealth_jump"":true}",heroshooter_replica,5,5,0,4,2,858,"{""ink_saver_sub"":1.9,""swim_speed_up"":1.6,""special_charge_up"":1,""special_saver"":0.9,""ink_resistance_up"":0.3}",hydra,3,3,0,4,1,466,"{""ink_saver_main"":1.9,""run_speed_up"":1,""ink_recovery_up"":0.9,""swim_speed_up"":0.9,""thermal_ink"":true}",sputtery_owl,5,2,3,4,3,675,"{""special_charge_up"":1.9,""ink_saver_main"":1,""ink_saver_sub"":1,""ink_recovery_up"":0.9,""special_power_up"":0.9}",gold,#1 Overall Splatter,gold,#1 Super Jump Spot,gold,#1 Score Booster,
Sizzle Season 2025,2025-06-30T20:00:00+00:00,10.0.1,bankara_open,asari,ohyo,320,bravo,FALSE,S+ 1,,4767,,23,df6624ff,,4891,,46,343bc4ff,,carbon_deco,15,14,1,11,2,817,"{""run_speed_up"":1.3,""swim_speed_up"":1.2,""quick_super_jump"":0.9,""ink_saver_sub"":0.3,""ninja_squid"":true,""stealth_jump"":true}",examiner,7,4,3,3,6,1385,"{""quick_super_jump"":1.3,""special_charge_up"":1.3,""ink_saver_main"":0.6,""quick_respawn"":0.6,""run_speed_up"":0.6,""swim_speed_up"":0.3,""comeback"":true}",dualsweeper_custom,10,7,3,10,2,1425,"{""quick_respawn"":2.2,""quick_super_jump"":1,""intensify_action"":0.9,""ink_resistance_up"":0.3,""sub_resistance_up"":0.3,""stealth_jump"":true}",hydra_atsu,8,5,3,6,3,1140,"{""run_speed_up"":3.5,""ink_resistance_up"":1,""ink_saver_main"":0.6,""quick_super_jump"":0.3,""swim_speed_up"":0.3}",examiner,14,6,8,3,6,1303,"{""run_speed_up"":1.3,""special_power_up"":1,""special_charge_up"":0.9,""swim_speed_up"":0.6,""ink_resistance_up"":0.3,""ink_saver_sub"":0.3,""stealth_jump"":true}",hissen_ash,14,11,3,9,5,1323,"{""swim_speed_up"":1.6,""special_charge_up"":0.6,""ink_resistance_up"":0.3,""intensify_action"":0.3,""quick_super_jump"":0.3,""special_saver"":0.3,""sub_resistance_up"":0.3,""ninja_squid"":true,""stealth_jump"":true}",kugelschreiber,10,6,4,5,4,1055,"{""run_speed_up"":2.6,""ink_resistance_up"":0.6,""special_power_up"":0.6,""intensify_action"":0.3,""quick_super_jump"":0.3,""sub_resistance_up"":0.3,""drop_roller"":true}",furo,10,7,3,13,2,1210,"{""ink_saver_main"":1.6,""special_charge_up"":0.6,""swim_speed_up"":0.6,""ink_resistance_up"":0.3,""quick_super_jump"":0.3,""sub_resistance_up"":0.3,""last_ditch_effort"":true,""object_shredder"":true}",gold,#1 Overall Splatter,gold,#1 Enemy Splatter,gold,#1 Score Booster,
Sizzle Season 2025,2025-06-30T20:00:00+00:00,10.0.1,bankara_open,asari,yunohana,239,alpha,TRUE,S,,3435,,100,ba30b0ff,,3243,,0,a0c937ff,,sputtery_hue,10,6,4,6,3,725,"{""quick_respawn"":1.9,""special_saver"":0.6,""swim_speed_up"":0.6,""ink_resistance_up"":0.3,""quick_super_jump"":0.3,""comeback"":true,""stealth_jump"":true}",sblast92,20,18,2,5,5,1079,"{""quick_respawn"":2.5,""quick_super_jump"":0.6,""ink_resistance_up"":0.3,""sub_resistance_up"":0.3,""comeback"":true,""stealth_jump"":true}",dynamo,12,1,11,0,5,952,"{""special_charge_up"":1.3,""special_power_up"":1,""ink_saver_main"":0.9,""swim_speed_up"":0.9,""ink_recovery_up"":0.6,""stealth_jump"":true}",longblaster_custom,12,9,3,9,3,679,"{""quick_respawn"":2.2,""intensify_action"":0.6,""quick_super_jump"":0.3,""special_saver"":0.3,""sub_resistance_up"":0.3,""opening_gambit"":true,""stealth_jump"":true}",hokusai_sui,9,8,1,8,1,769,"{""swim_speed_up"":1.6,""ink_saver_main"":1,""quick_respawn"":0.6,""ink_resistance_up"":0.3,""quick_super_jump"":0.3,""run_speed_up"":0.3,""special_charge_up"":0.3,""sub_resistance_up"":0.3,""stealth_jump"":true}",squiclean_b,6,3,3,10,0,586,"{""swim_speed_up"":1.9,""quick_respawn"":1.3,""quick_super_jump"":0.6,""run_speed_up"":0.3,""special_saver"":0.3,""sub_power_up"":0.3,""stealth_jump"":true}",nzap89,6,4,2,7,3,1228,"{""swim_speed_up"":1.9,""quick_respawn"":0.9,""ink_resistance_up"":0.3,""intensify_action"":0.3,""run_speed_up"":0.3,""comeback"":true,""stealth_jump"":true}",bottlegeyser,6,5,1,9,1,660,"{""run_speed_up"":1.9,""quick_respawn"":0.6,""ink_resistance_up"":0.3,""quick_super_jump"":0.3,""special_saver"":0.3,""swim_speed_up"":0.3,""comeback"":true,""stealth_jump"":true}",silver,#2 Super Jump Spot,silver,#2 Splat Assister,silver,#2 Score Booster,
Sizzle Season 2025,2025-06-30T20:00:00+00:00,10.0.1,bankara_open,asari,yunohana,318,alpha,FALSE,S,,4850,,75,ba30b0ff,,4690,,0,a0c937ff,,sputtery_hue,8,7,1,9,2,980,"{""quick_respawn"":1.9,""special_saver"":0.6,""swim_speed_up"":0.6,""ink_resistance_up"":0.3,""quick_super_jump"":0.3,""comeback"":true,""stealth_jump"":true}",sblast92,15,13,2,7,4,1309,"{""quick_respawn"":2.5,""quick_super_jump"":0.6,""ink_resistance_up"":0.3,""sub_resistance_up"":0.3,""comeback"":true,""stealth_jump"":true}",dynamo,9,3,6,5,6,1339,"{""special_charge_up"":1.3,""special_power_up"":1,""ink_saver_main"":0.9,""swim_speed_up"":0.9,""ink_recovery_up"":0.6,""stealth_jump"":true}",longblaster_custom,14,9,5,7,4,1222,"{""quick_respawn"":2.2,""intensify_action"":0.6,""quick_super_jump"":0.3,""special_saver"":0.3,""sub_resistance_up"":0.3,""opening_gambit"":true,""stealth_jump"":true}",sputtery_owl,14,11,3,9,5,1296,"{""quick_respawn"":1.6,""ink_resistance_up"":0.6,""intensify_action"":0.6,""quick_super_jump"":0.3,""special_saver"":0.3,""sub_resistance_up"":0.3,""comeback"":true,""stealth_jump"":true}",tristringer_tou,10,3,7,8,5,1272,"{""sub_power_up"":1,""ink_saver_main"":0.9,""ink_resistance_up"":0.6,""quick_respawn"":0.3,""run_speed_up"":0.3,""special_power_up"":0.3,""special_saver"":0.3,""comeback"":true,""ninja_squid"":true}",52gal,11,6,5,7,5,1262,"{""swim_speed_up"":1,""intensify_action"":0.9,""ink_resistance_up"":0.6,""run_speed_up"":0.6,""quick_super_jump"":0.3,""sub_resistance_up"":0.3,""comeback"":true,""stealth_jump"":true}",carbon_deco,9,8,1,8,3,860,"{""ink_recovery_up"":1.9,""ink_saver_sub"":1.9,""swim_speed_up"":0.9,""ninja_squid"":true}",silver,#2 Popular Target,silver,#2 Score Booster,silver,#2 Clam Carrier,
Sizzle Season 2025,2025-06-30T20:00:00+00:00,10.0.1,bankara_open,asari,yunohana,306,bravo,FALSE,S+ 1,,4321,,0,6e04b6ff,,4449,,89,cd510aff,,carbon_deco,12,11,1,12,1,510,"{""run_speed_up"":1.3,""swim_speed_up"":1.2,""quick_super_jump"":0.9,""ink_saver_sub"":0.3,""ninja_squid"":true,""stealth_jump"":true}",sshooter_collabo,7,5,2,9,2,1242,"{""swim_speed_up"":1.3,""ink_saver_sub"":0.9,""intensify_action"":0.6,""ink_resistance_up"":0.3,""special_charge_up"":0.3,""special_power_up"":0.3,""last_ditch_effort"":true,""stealth_jump"":true}",moprin_kaku,5,2,3,7,5,1546,"{""swim_speed_up"":2,""special_charge_up"":1.9,""special_power_up"":1.2,""quick_super_jump"":0.6}",examiner,8,5,3,7,5,1023,"{""quick_super_jump"":1.3,""special_charge_up"":1.3,""ink_saver_main"":0.6,""quick_respawn"":0.6,""run_speed_up"":0.6,""swim_speed_up"":0.3,""comeback"":true}",hissen_ash,15,13,2,6,5,1449,"{""swim_speed_up"":1.6,""special_charge_up"":0.6,""ink_resistance_up"":0.3,""intensify_action"":0.3,""quick_super_jump"":0.3,""special_saver"":0.3,""sub_resistance_up"":0.3,""ninja_squid"":true,""stealth_jump"":true}",hokusai_hue,14,13,1,5,2,886,"{""sub_resistance_up"":2.3,""intensify_action"":0.6,""ink_recovery_up"":0.3,""ink_saver_main"":0.3,""special_charge_up"":0.3,""special_power_up"":0.3,""special_saver"":0.3,""swim_speed_up"":0.3,""last_ditch_effort"":true}",hydra_atsu,6,4,2,5,3,1102,"{""run_speed_up"":3.5,""ink_resistance_up"":1,""ink_saver_main"":0.6,""quick_super_jump"":0.3,""swim_speed_up"":0.3}",dualsweeper_custom,5,3,2,7,2,1012,"{""quick_respawn"":2.2,""quick_super_jump"":1,""intensify_action"":0.9,""ink_resistance_up"":0.3,""sub_resistance_up"":0.3,""stealth_jump"":true}",gold,#1 Overall Splatter,gold,#1 Enemy Splatter,gold,#1 Super Jump Spot,
Sizzle Season 2025,2025-06-30T20:00:00+00:00,10.0.1,bankara_open,asari,yunohana,314,alpha,FALSE,S,,4324,,71,a0c937ff,,4037,,0,ba30b0ff,,sputtery_hue,14,10,4,9,3,943,"{""quick_respawn"":1.9,""special_saver"":0.6,""swim_speed_up"":0.6,""ink_resistance_up"":0.3,""quick_super_jump"":0.3,""comeback"":true,""stealth_jump"":true}",sblast92,27,20,7,8,5,1293,"{""quick_respawn"":2.5,""quick_super_jump"":0.6,""ink_resistance_up"":0.3,""sub_resistance_up"":0.3,""comeback"":true,""stealth_jump"":true}",dynamo,11,3,8,8,5,1168,"{""special_charge_up"":1.3,""special_power_up"":1,""ink_saver_main"":0.9,""swim_speed_up"":0.9,""ink_recovery_up"":0.6,""stealth_jump"":true}",longblaster_custom,23,16,7,10,2,920,"{""quick_respawn"":2.2,""intensify_action"":0.6,""quick_super_jump"":0.3,""special_saver"":0.3,""sub_resistance_up"":0.3,""opening_gambit"":true,""stealth_jump"":true}",carbon_deco,20,18,2,12,5,1052,"{""swim_speed_up"":1.9,""quick_super_jump"":0.9,""ink_resistance_up"":0.3,""ink_saver_sub"":0.3,""sub_resistance_up"":0.3,""ninja_squid"":true,""stealth_jump"":true}",bottlegeyser,12,8,4,15,1,847,"{""run_speed_up"":1.9,""quick_respawn"":0.6,""ink_resistance_up"":0.3,""quick_super_jump"":0.3,""special_saver"":0.3,""swim_speed_up"":0.3,""comeback"":true,""stealth_jump"":true}",squiclean_b,7,5,2,12,1,839,"{""swim_speed_up"":1.9,""quick_respawn"":1.3,""quick_super_jump"":0.6,""run_speed_up"":0.3,""special_saver"":0.3,""sub_power_up"":0.3,""stealth_jump"":true}",nzap85,5,4,1,10,3,1299,"{""special_charge_up"":1,""run_speed_up"":0.6,""special_power_up"":0.6,""swim_speed_up"":0.6,""ink_resistance_up"":0.3,""ink_saver_main"":0.3,""quick_super_jump"":0.3,""last_ditch_effort"":true,""stealth_jump"":true}",gold,#1 Score Booster,silver,#2 Clam Carrier,silver,#1 Reefslider User,
Sizzle Season 2025,2025-06-30T20:00:00+00:00,10.0.1,bankara_open,asari,yunohana,136,bravo,TRUE,S,,2294,,0,df6624ff,,2643,,100,343bc4ff,,sputtery_hue,4,2,2,6,1,498,"{""quick_respawn"":1.9,""special_saver"":0.6,""swim_speed_up"":0.6,""ink_resistance_up"":0.3,""quick_super_jump"":0.3,""comeback"":true,""stealth_jump"":true}",sblast92,8,5,3,7,2,597,"{""quick_respawn"":2.8,""quick_super_jump"":0.6,""sub_resistance_up"":0.3,""opening_gambit"":true,""stealth_jump"":true}",dynamo,4,2,2,3,2,821,"{""special_charge_up"":1.3,""special_power_up"":1,""ink_saver_main"":0.9,""swim_speed_up"":0.9,""ink_recovery_up"":0.6,""stealth_jump"":true}",longblaster_custom,4,4,0,6,0,378,"{""quick_respawn"":2.2,""intensify_action"":0.6,""quick_super_jump"":0.3,""special_saver"":0.3,""sub_resistance_up"":0.3,""opening_gambit"":true,""stealth_jump"":true}",bucketslosher,11,10,1,4,2,739,"{""quick_respawn"":1.6,""quick_super_jump"":0.6,""ink_resistance_up"":0.3,""ink_saver_sub"":0.3,""special_saver"":0.3,""sub_resistance_up"":0.3,""swim_speed_up"":0.3,""comeback"":true,""stealth_jump"":true}",jimuwiper_fuu,5,4,1,4,1,468,"{""swim_speed_up"":1,""ink_recovery_up"":0.6,""ink_saver_main"":0.6,""ink_resistance_up"":0.3,""quick_super_jump"":0.3,""special_charge_up"":0.3,""sub_resistance_up"":0.3,""comeback"":true,""stealth_jump"":true}",lact450_milk,8,7,1,1,2,744,"{""run_speed_up"":1.3,""swim_speed_up"":0.9,""ink_saver_sub"":0.6,""ink_resistance_up"":0.3,""quick_super_jump"":0.3,""special_saver"":0.3,""comeback"":true,""stealth_jump"":true}",pablo,5,1,4,4,2,692,"{""ink_saver_sub"":2.5,""ink_recovery_up"":0.9,""sub_power_up"":0.3,""last_ditch_effort"":true,""stealth_jump"":true}",silver,#1 Ground Traveler,silver,#2 Overall Splatter,silver,#2 Super Jump Spot,
Sizzle Season 2025,2025-06-30T20:00:00+00:00,10.0.1,bankara_open,asari,yunohana,300,bravo,FALSE,S,,4350,,33,ba30b0ff,,4550,,62,a0c937ff,,sputtery_hue,8,6,2,12,2,965,"{""quick_respawn"":1.9,""quick_super_jump"":0.6,""special_power_up"":0.6,""ink_resistance_up"":0.3,""special_saver"":0.3,""comeback"":true,""stealth_jump"":true}",sblast92,17,14,3,11,3,1313,"{""quick_respawn"":2.8,""quick_super_jump"":0.6,""sub_resistance_up"":0.3,""opening_gambit"":true,""stealth_jump"":true}",longblaster_custom,10,7,3,11,2,698,"{""quick_respawn"":2.2,""intensify_action"":0.6,""quick_super_jump"":0.3,""special_saver"":0.3,""sub_resistance_up"":0.3,""opening_gambit"":true,""stealth_jump"":true}",dynamo,8,6,2,8,5,1374,"{""special_charge_up"":1.3,""special_power_up"":1,""ink_saver_main"":0.9,""swim_speed_up"":0.9,""ink_recovery_up"":0.6,""stealth_jump"":true}",kelvin525_deco,22,21,1,9,4,1037,"{""swim_speed_up"":1,""ink_saver_main"":0.9,""quick_respawn"":0.9,""ink_resistance_up"":0.6,""special_charge_up"":0.3,""comeback"":true,""stealth_jump"":true}",nzap85,17,3,14,3,7,1517,"{""special_charge_up"":3.9,""special_power_up"":0.9,""ink_resistance_up"":0.3,""ink_saver_sub"":0.3,""special_saver"":0.3}",carbon_deco,17,14,3,12,0,681,"{""swim_speed_up"":2,""ink_saver_sub"":0.9,""quick_respawn"":0.9,""quick_super_jump"":0.9,""ninja_squid"":true}",furo,5,3,2,9,4,1315,"{""ink_saver_main"":1.9,""ink_resistance_up"":1,""intensify_action"":0.9,""special_charge_up"":0.9,""thermal_ink"":true}",silver,#1 Ground Traveler,silver,#2 Super Jump Spot,gold,#1 Score Booster,
Sizzle Season 2025,2025-06-30T20:00:00+00:00,10.0.1,bankara_open,asari,yunohana,310,bravo,FALSE,S,,4150,,65,cd510aff,,4278,,66,6e04b6ff,,sputtery_hue,10,7,3,11,2,819,"{""quick_respawn"":1.9,""quick_super_jump"":0.6,""special_power_up"":0.6,""ink_resistance_up"":0.3,""special_saver"":0.3,""comeback"":true,""stealth_jump"":true}",96gal_deco,12,8,4,6,5,1198,"{""special_charge_up"":1,""special_power_up"":1,""intensify_action"":0.6,""quick_super_jump"":0.6,""swim_speed_up"":0.6,""ink_recovery_up"":0.3,""ink_resistance_up"":0.3,""sub_resistance_up"":0.3,""stealth_jump"":true}",dynamo,9,5,4,8,5,1326,"{""special_charge_up"":1.3,""special_power_up"":1,""ink_saver_main"":0.9,""swim_speed_up"":0.9,""ink_recovery_up"":0.6,""stealth_jump"":true}",longblaster_custom,9,7,2,13,3,807,"{""quick_respawn"":1.6,""intensify_action"":0.9,""ink_resistance_up"":0.3,""quick_super_jump"":0.3,""special_saver"":0.3,""sub_resistance_up"":0.3,""opening_gambit"":true,""stealth_jump"":true}",carbon_deco,20,16,4,12,4,940,"{""ink_saver_main"":1.6,""special_saver"":1.3,""swim_speed_up"":0.9,""ink_resistance_up"":0.6,""sub_power_up"":0.3,""object_shredder"":true}",hokusai_sui,18,15,3,6,3,903,"{""swim_speed_up"":1.9,""ink_saver_sub"":1.2,""quick_respawn"":0.6,""ninja_squid"":true,""stealth_jump"":true}",96gal_sou,9,3,6,4,4,1249,"{""swim_speed_up"":1.3,""ink_saver_main"":0.6,""special_charge_up"":0.6,""special_power_up"":0.6,""ink_resistance_up"":0.3,""quick_super_jump"":0.3,""last_ditch_effort"":true,""stealth_jump"":true}",wakaba,9,4,5,5,3,1186,"{""ink_saver_sub"":1.5,""ink_recovery_up"":1,""ink_saver_main"":1,""swim_speed_up"":0.6,""special_charge_up"":0.3,""special_power_up"":0.3,""haunt"":true}",silver,#1 Ground Traveler,gold,#1 Score Booster,silver,#1 Reefslider User,
Sizzle Season 2025,2025-06-30T22:00:00+00:00,10.0.1,bankara_open,yagura,decaline,300,alpha,FALSE,S,,4475,,72,2cb721ff,,4577,,60,c12d74ff,,maneuver_you,15,11,4,9,3,837,"{""quick_respawn"":1.6,""quick_super_jump"":0.9,""swim_speed_up"":0.6,""ink_saver_sub"":0.3,""special_saver"":0.3,""comeback"":true,""stealth_jump"":true}",longblaster_custom,19,13,6,5,4,994,"{""quick_respawn"":2.2,""intensify_action"":0.6,""quick_super_jump"":0.3,""special_saver"":0.3,""sub_resistance_up"":0.3,""opening_gambit"":true,""stealth_jump"":true}",wideroller_waku,14,9,5,3,6,1621,"{""ink_saver_sub"":1.6,""swim_speed_up"":0.9,""ink_saver_main"":0.6,""special_charge_up"":0.6,""last_ditch_effort"":true,""stealth_jump"":true}",spygadget_ryo,9,5,4,6,6,1023,"{""ink_recovery_up"":2.9,""special_power_up"":1.3,""special_charge_up"":0.6,""ink_saver_sub"":0.3,""quick_respawn"":0.3,""run_speed_up"":0.3}",jimuwiper_hue,10,9,1,17,1,532,"{""quick_respawn"":1.6,""quick_super_jump"":0.6,""swim_speed_up"":0.6,""ink_resistance_up"":0.3,""special_saver"":0.3,""sub_resistance_up"":0.3,""comeback"":true,""stealth_jump"":true}",sharp_geck,5,2,3,6,6,1793,"{""special_power_up"":1.9,""ink_saver_sub"":1.3,""ink_recovery_up"":1,""sub_power_up"":0.9,""ink_saver_main"":0.3,""special_charge_up"":0.3}",prime_frzn,10,8,2,7,5,1208,"{""special_charge_up"":1.6,""swim_speed_up"":1.3,""ink_resistance_up"":0.9,""sub_resistance_up"":0.3,""stealth_jump"":true}",sputtery_owl,4,4,0,8,5,1044,"{""run_speed_up"":1.2,""quick_super_jump"":0.9,""intensify_action"":0.3,""comeback"":true,""drop_roller"":true,""thermal_ink"":true}",gold,Record-Score Setter,silver,First Splat!,silver,#1 Big Bubbler User,
Sizzle Season 2025,2025-06-30T22:00:00+00:00,10.0.1,bankara_open,yagura,decaline,306,alpha,FALSE,S,,4406,,57,a0c937ff,,4671,,48,ba30b0ff,,sputtery,13,6,7,7,5,965,"{""special_charge_up"":1.3,""ink_saver_main"":1,""special_saver"":0.9,""special_power_up"":0.6,""swim_speed_up"":0.6,""quick_super_jump"":0.3,""comeback"":true}",longblaster_custom,16,14,2,9,4,1046,"{""quick_respawn"":2.2,""intensify_action"":0.6,""quick_super_jump"":0.3,""special_saver"":0.3,""sub_resistance_up"":0.3,""opening_gambit"":true,""stealth_jump"":true}",liter4k,7,5,2,8,4,740,"{""quick_respawn"":1.9,""intensify_action"":1.6,""run_speed_up"":0.9,""sub_power_up"":0.3,""stealth_jump"":true}",wideroller_waku,13,9,4,7,7,1655,"{""ink_saver_sub"":1.6,""swim_speed_up"":0.9,""ink_saver_main"":0.6,""special_charge_up"":0.6,""last_ditch_effort"":true,""stealth_jump"":true}",variableroller,12,12,0,9,5,1153,"{""ink_saver_main"":1.6,""special_charge_up"":1.3,""ink_resistance_up"":0.3,""quick_super_jump"":0.3,""special_saver"":0.3,""sub_power_up"":0.3,""sub_resistance_up"":0.3,""swim_speed_up"":0.3,""stealth_jump"":true}",wakaba,9,6,3,8,6,1394,"{""special_charge_up"":2.5,""swim_speed_up"":1,""ink_recovery_up"":0.6,""ink_resistance_up"":0.3,""sub_power_up"":0.3,""stealth_jump"":true}",tristringer_tou,8,6,2,9,3,1067,"{""ink_saver_main"":1.3,""ink_saver_sub"":1,""special_charge_up"":0.6,""ink_resistance_up"":0.3,""quick_respawn"":0.3,""run_speed_up"":0.3,""swim_speed_up"":0.3,""drop_roller"":true}",dynamo,8,7,1,8,3,1057,"{""quick_super_jump"":1.3,""ink_saver_main"":0.3,""ink_saver_sub"":0.3,""intensify_action"":0.3,""quick_respawn"":0.3,""special_power_up"":0.3,""special_saver"":0.3,""sub_power_up"":0.3,""sub_resistance_up"":0.3,""comeback"":true,""stealth_jump"":true}",gold,#1 Splat Assister,gold,#1 Super Jump Spot,silver,#1 Ground Traveler,
Sizzle Season 2025,2025-06-30T22:00:00+00:00,10.0.1,bankara_open,yagura,decaline,300,alpha,FALSE,S,,4332,,73,ba30b0ff,,4150,,70,a0c937ff,,sputtery,9,6,3,6,5,872,"{""special_charge_up"":1.3,""ink_saver_main"":1,""special_saver"":0.9,""special_power_up"":0.6,""swim_speed_up"":0.6,""quick_super_jump"":0.3,""comeback"":true}",squiclean_a,10,8,2,7,3,829,"{""quick_respawn"":2.2,""quick_super_jump"":1.6,""swim_speed_up"":0.9,""stealth_jump"":true}",longblaster_custom,15,13,2,10,3,991,"{""quick_respawn"":2.2,""intensify_action"":0.6,""quick_super_jump"":0.3,""special_saver"":0.3,""sub_resistance_up"":0.3,""opening_gambit"":true,""stealth_jump"":true}",wideroller_waku,8,4,4,4,6,1640,"{""ink_saver_sub"":1.6,""swim_speed_up"":0.9,""ink_saver_main"":0.6,""special_charge_up"":0.6,""last_ditch_effort"":true,""stealth_jump"":true}",sputtery_owl,14,10,4,6,7,1132,"{""ink_saver_sub"":1.9,""ink_saver_main"":1.6,""special_charge_up"":0.6,""quick_respawn"":0.3,""quick_super_jump"":0.3,""tenacity"":true}",tristringer,11,6,5,8,4,920,"{""ink_saver_main"":1.9,""ink_saver_sub"":0.6,""special_charge_up"":0.6,""intensify_action"":0.3,""swim_speed_up"":0.3,""drop_roller"":true,""haunt"":true}",liter4k,6,3,3,10,3,687,"{""special_power_up"":2.2,""special_charge_up"":1.3,""intensify_action"":1,""run_speed_up"":0.9,""ink_recovery_up"":0.3}",octoshooter_replica,9,8,1,7,6,1411,"{""ink_saver_sub"":3.8,""special_charge_up"":1.9}",gold,#1 Super Jump Spot,silver,#1 Ground Traveler,silver,#1 Tacticooler User,
Sizzle Season 2025,2025-06-30T22:00:00+00:00,10.0.1,bankara_open,yagura,baigai,328,bravo,FALSE,S,,4744,,22,df6624ff,,4902,,74,343bc4ff,,sputtery,14,7,7,7,5,1024,"{""special_charge_up"":1.6,""ink_saver_main"":1,""swim_speed_up"":0.6,""ink_resistance_up"":0.3,""intensify_action"":0.3,""quick_super_jump"":0.3,""special_saver"":0.3,""sub_resistance_up"":0.3,""comeback"":true}",longblaster_custom,16,14,2,11,2,880,"{""quick_respawn"":2.2,""intensify_action"":0.6,""quick_super_jump"":0.3,""special_saver"":0.3,""sub_resistance_up"":0.3,""opening_gambit"":true,""stealth_jump"":true}",tristringer_tou,8,6,2,7,3,1337,"{""run_speed_up"":1.3,""special_power_up"":1.2,""special_charge_up"":0.9,""swim_speed_up"":0.3,""last_ditch_effort"":true,""object_shredder"":true}",wideroller_waku,5,1,4,8,7,1503,"{""ink_saver_sub"":1.6,""swim_speed_up"":0.9,""ink_saver_main"":0.6,""special_charge_up"":0.6,""last_ditch_effort"":true,""stealth_jump"":true}",nova_neo,16,11,5,10,4,914,"{""quick_respawn"":1,""swim_speed_up"":0.9,""quick_super_jump"":0.6,""special_power_up"":0.3,""special_saver"":0.3,""comeback"":true,""stealth_jump"":true}",lact450_milk,9,7,2,6,7,1479,"{""special_charge_up"":1.3,""ink_saver_sub"":1,""run_speed_up"":0.6,""ink_recovery_up"":0.3,""ink_saver_main"":0.3,""quick_super_jump"":0.3,""special_saver"":0.3,""sub_resistance_up"":0.3,""stealth_jump"":true}",liter4k,10,7,3,6,4,1016,"{""ink_saver_sub"":1.9,""ink_recovery_up"":1.6,""special_power_up"":1.3,""ink_saver_main"":0.9}",sputtery_hue,10,8,2,7,6,1493,"{""ink_saver_sub"":1.6,""ink_saver_main"":1.3,""special_power_up"":1,""ink_recovery_up"":0.3,""ink_resistance_up"":0.3,""quick_respawn"":0.3,""run_speed_up"":0.3,""special_saver"":0.3,""swim_speed_up"":0.3}",gold,#1 Splat Assister,gold,#1 Super Jump Spot,silver,#1 Tower Stopper,
Sizzle Season 2025,2025-06-30T22:00:00+00:00,10.0.1,bankara_open,yagura,baigai,304,bravo,FALSE,S,,4205,,24,6e04b6ff,,4462,,41,cd510aff,,sputtery,11,5,6,11,5,971,"{""special_charge_up"":1.6,""ink_saver_main"":1,""swim_speed_up"":0.6,""ink_resistance_up"":0.3,""intensify_action"":0.3,""quick_super_jump"":0.3,""special_saver"":0.3,""sub_resistance_up"":0.3,""comeback"":true}",lact450_milk,9,8,1,6,7,1539,"{""ink_recovery_up"":1.3,""quick_super_jump"":1.3,""special_charge_up"":1,""swim_speed_up"":0.9,""ink_saver_main"":0.6,""special_saver"":0.3,""sub_power_up"":0.3}",longblaster_custom,11,10,1,14,2,820,"{""quick_respawn"":2.2,""intensify_action"":0.6,""quick_super_jump"":0.3,""special_saver"":0.3,""sub_resistance_up"":0.3,""opening_gambit"":true,""stealth_jump"":true}",nova_neo,6,5,1,11,2,875,"{""ink_saver_sub"":1.3,""ink_saver_main"":0.6,""quick_respawn"":0.6,""swim_speed_up"":0.6,""ink_recovery_up"":0.3,""intensify_action"":0.3,""comeback"":true,""stealth_jump"":true}",jetsweeper_cobr,19,15,4,4,7,1526,"{""swim_speed_up"":1.3,""special_charge_up"":0.9,""ink_resistance_up"":0.3,""intensify_action"":0.3,""quick_super_jump"":0.3,""special_saver"":0.3,""sub_resistance_up"":0.3,""last_ditch_effort"":true,""stealth_jump"":true}",prime_frzn,10,5,5,5,5,1067,"{""ink_recovery_up"":1,""special_saver"":1,""ink_saver_sub"":0.9,""special_charge_up"":0.9,""ink_resistance_up"":0.3,""ink_saver_main"":0.3,""quick_super_jump"":0.3,""stealth_jump"":true}",soytuber_custom,9,8,1,7,2,808,"{""swim_speed_up"":2.6,""ink_saver_sub"":1,""run_speed_up"":0.6,""ink_resistance_up"":0.3,""quick_super_jump"":0.3,""special_charge_up"":0.3,""sub_resistance_up"":0.3}",dentalwiper_mint,14,13,1,12,2,1061,"{""swim_speed_up"":0.9,""quick_respawn"":0.6,""quick_super_jump"":0.6,""ink_resistance_up"":0.3,""sub_resistance_up"":0.3,""comeback"":true,""stealth_jump"":true,""thermal_ink"":true}",gold,#1 Overall Splatter,gold,#1 Super Jump Spot,gold,#1 Popular Target,
Sizzle Season 2025,2025-06-30T22:00:00+00:00,10.0.1,bankara_open,yagura,decaline,303,alpha,FALSE,S+ 6,,4708,,81,1a1aafff,,4652,,28,e38d24ff,,order_shelter_replica,5,5,0,9,5,1026,"{""run_speed_up"":1.3,""swim_speed_up"":1.3,""ink_saver_main"":1,""special_charge_up"":0.6,""special_saver"":0.6,""quick_super_jump"":0.3,""special_power_up"":0.3,""sub_resistance_up"":0.3}",quadhopper_black,14,10,4,11,3,993,"{""quick_respawn"":3.2,""ink_resistance_up"":0.6,""special_saver"":0.3,""swim_speed_up"":0.3,""stealth_jump"":true}",moprin_d,10,5,5,6,5,1430,"{""sub_power_up"":2,""quick_super_jump"":0.9,""ink_resistance_up"":0.6,""ink_saver_main"":0.6,""ink_recovery_up"":0.3,""ink_saver_sub"":0.3,""stealth_jump"":true}",order_stringer_replica,12,8,4,4,6,1259,"{""run_speed_up"":1.9,""ink_resistance_up"":0.6,""quick_super_jump"":0.6,""swim_speed_up"":0.6,""stealth_jump"":true,""thermal_ink"":true}",splatroller,13,13,0,9,4,919,"{""quick_respawn"":1.5,""swim_speed_up"":1.3,""sub_resistance_up"":0.6,""special_saver"":0.3,""ninja_squid"":true,""stealth_jump"":true}",squiclean_a,9,5,4,9,2,952,"{""ink_saver_main"":1,""quick_super_jump"":1,""swim_speed_up"":1,""sub_resistance_up"":0.9,""ink_recovery_up"":0.6,""special_saver"":0.6}",brella24mk2,7,6,1,5,6,1605,"{""quick_respawn"":2.3,""ink_resistance_up"":0.6,""ink_saver_main"":0.6,""quick_super_jump"":0.6,""special_saver"":0.6,""stealth_jump"":true}",splatcharger_frst,6,6,0,5,4,1176,"{""ink_saver_main"":1.3,""swim_speed_up"":1.3,""special_charge_up"":1,""quick_respawn"":0.6,""run_speed_up"":0.3,""special_power_up"":0.3}",silver,#1 Checkpoint Breaker,silver,#2 Super Jump Spot,silver,#2 Score Booster,
Sizzle Season 2025,2025-06-30T22:00:00+00:00,10.0.1,bankara_open,yagura,decaline,300,bravo,FALSE,S,,4082,,47,cfb121ff,,4269,,53,9025c6ff,,sputtery,4,3,1,8,4,891,"{""special_charge_up"":1.6,""ink_saver_main"":1,""swim_speed_up"":0.6,""ink_resistance_up"":0.3,""intensify_action"":0.3,""quick_super_jump"":0.3,""special_saver"":0.3,""sub_resistance_up"":0.3,""comeback"":true}",longblaster_custom,17,11,6,11,3,1007,"{""quick_respawn"":2.2,""intensify_action"":0.6,""quick_super_jump"":0.3,""special_saver"":0.3,""sub_resistance_up"":0.3,""opening_gambit"":true,""stealth_jump"":true}",sputtery_owl,9,7,2,6,6,1335,"{""ink_saver_main"":1.9,""sub_power_up"":1.9,""swim_speed_up"":1.9}",nova_neo,12,9,3,13,3,849,"{""ink_saver_sub"":1.3,""ink_saver_main"":0.6,""quick_respawn"":0.6,""swim_speed_up"":0.6,""ink_recovery_up"":0.3,""intensify_action"":0.3,""comeback"":true,""stealth_jump"":true}",lact450_milk,14,14,0,7,7,1410,"{""special_charge_up"":1.6,""special_saver"":0.6,""swim_speed_up"":0.6,""ink_recovery_up"":0.3,""quick_super_jump"":0.3,""special_power_up"":0.3,""last_ditch_effort"":true,""stealth_jump"":true}",spygadget_ryo,12,9,3,9,7,1177,"{""run_speed_up"":1.6,""special_charge_up"":1,""swim_speed_up"":1,""ink_saver_main"":0.6,""special_power_up"":0.6,""ink_resistance_up"":0.3,""quick_super_jump"":0.3,""special_saver"":0.3}",prime_frzn,5,5,0,7,5,931,"{""special_charge_up"":1.6,""swim_speed_up"":1,""quick_super_jump"":0.6,""ink_recovery_up"":0.3,""ink_resistance_up"":0.3,""special_saver"":0.3,""sub_power_up"":0.3,""sub_resistance_up"":0.3,""stealth_jump"":true}",clashblaster,12,10,2,7,4,751,"{""quick_respawn"":1,""special_charge_up"":1,""ink_saver_main"":0.9,""intensify_action"":0.9,""special_saver"":0.9,""stealth_jump"":true}",gold,#1 Super Jump Spot,silver,#1 Ground Traveler,silver,#1 Tacticooler User,
Sizzle Season 2025,2025-06-30T22:00:00+00:00,10.0.1,bankara_open,yagura,baigai,308,alpha,FALSE,S+ 6,,4996,,59,1bbfabff,,4945,,47,c43a6eff,,order_shelter_replica,7,3,4,8,6,1348,"{""run_speed_up"":1.3,""swim_speed_up"":1.3,""ink_saver_main"":1,""special_charge_up"":0.6,""special_saver"":0.6,""quick_super_jump"":0.3,""special_power_up"":0.3,""sub_resistance_up"":0.3}",wakaba,14,11,3,4,6,1692,"{""ink_saver_sub"":3,""sub_power_up"":2.7}",prime_frzn,11,9,2,7,4,1269,"{""swim_speed_up"":1.3,""intensify_action"":0.9,""ink_recovery_up"":0.3,""ink_resistance_up"":0.3,""ink_saver_main"":0.3,""quick_super_jump"":0.3,""sub_resistance_up"":0.3,""comeback"":true,""stealth_jump"":true}",splatroller,10,10,0,11,1,687,"{""swim_speed_up"":1.9,""quick_super_jump"":1.8,""ninja_squid"":true,""stealth_jump"":true}",hokusai,13,10,3,11,4,881,"{""ink_saver_main"":2.2,""ink_resistance_up"":0.6,""quick_super_jump"":0.6,""special_saver"":0.3,""ninja_squid"":true,""stealth_jump"":true}",prime_frzn,10,9,1,6,5,1248,"{""intensify_action"":1.2,""ink_recovery_up"":1,""ink_saver_sub"":1,""special_charge_up"":0.6,""ink_resistance_up"":0.3,""ink_saver_main"":0.3,""quick_super_jump"":0.3,""stealth_jump"":true}",brella24mk2,11,9,2,8,6,1420,"{""quick_respawn"":2.3,""ink_resistance_up"":0.6,""ink_saver_main"":0.6,""quick_super_jump"":0.6,""special_saver"":0.6,""stealth_jump"":true}",moprin_d,4,2,2,8,6,1396,"{""sub_power_up"":2,""quick_super_jump"":0.9,""ink_resistance_up"":0.6,""ink_saver_main"":0.6,""ink_recovery_up"":0.3,""ink_saver_sub"":0.3,""stealth_jump"":true}",gold,#1 Splat Assister,silver,#2 Score Booster,silver,#1 Triple Inkstrike User,
Sizzle Season 2025,2025-06-30T22:00:00+00:00,10.0.1,bankara_open,yagura,decaline,300,bravo,FALSE,S,,4382,,50,1ec0adff,,4779,,66,d74b31ff,,carbon_deco,8,6,2,11,3,736,"{""quick_respawn"":3.8,""quick_super_jump"":0.6,""ink_saver_sub"":0.3,""stealth_jump"":true}",dynamo,13,6,7,6,5,1469,"{""special_charge_up"":1.3,""special_power_up"":1,""ink_saver_main"":0.9,""swim_speed_up"":0.9,""ink_recovery_up"":0.6,""stealth_jump"":true}",furuido_custom,8,6,2,4,6,1172,"{""ink_resistance_up"":1,""quick_super_jump"":1,""ink_saver_main"":0.9,""ink_saver_sub"":0.6,""quick_respawn"":0.3,""special_saver"":0.3,""sub_power_up"":0.3,""swim_speed_up"":0.3,""respawn_punisher"":true}",longblaster_custom,12,7,5,12,3,1005,"{""quick_respawn"":1.6,""intensify_action"":0.9,""ink_resistance_up"":0.3,""quick_super_jump"":0.3,""special_saver"":0.3,""sub_resistance_up"":0.3,""opening_gambit"":true,""stealth_jump"":true}",spygadget,20,17,3,5,7,1798,"{""sub_power_up"":1.9,""special_power_up"":1.3,""ink_saver_main"":1,""ink_saver_sub"":0.6,""ink_recovery_up"":0.3,""ink_resistance_up"":0.3,""special_charge_up"":0.3}",liter4k_scope,8,4,4,8,2,887,"{""special_charge_up"":1,""ink_recovery_up"":0.9,""ink_saver_sub"":0.9,""swim_speed_up"":0.9,""comeback"":true,""haunt"":true}",splatscope_frst,2,2,0,6,4,1012,"{""swim_speed_up"":1.6,""special_charge_up"":1,""ink_recovery_up"":0.6,""ink_resistance_up"":0.6,""ink_saver_main"":0.6,""quick_super_jump"":0.3,""last_ditch_effort"":true}",bucketslosher,13,10,3,6,4,1082,"{""quick_respawn"":1.3,""quick_super_jump"":0.6,""ink_resistance_up"":0.3,""sub_resistance_up"":0.3,""swim_speed_up"":0.3,""comeback"":true,""stealth_jump"":true}",silver,#1 Ground Traveler,silver,#1 Damage Taker,silver,#1 Trizooka User,
Sizzle Season 2025,2025-06-30T22:00:00+00:00,10.0.1,bankara_open,yagura,baigai,300,bravo,FALSE,S+ 6,,4307,,50,c12d74ff,,4552,,72,2cb721ff,,order_shelter_replica,10,5,5,9,6,1364,"{""run_speed_up"":1.3,""swim_speed_up"":1.3,""ink_saver_main"":1,""special_charge_up"":0.6,""special_saver"":0.6,""quick_super_jump"":0.3,""special_power_up"":0.3,""sub_resistance_up"":0.3}",screwslosher,18,13,5,11,2,1163,"{""run_speed_up"":1,""ink_saver_main"":0.9,""special_saver"":0.6,""ink_saver_sub"":0.3,""quick_super_jump"":0.3,""special_charge_up"":0.3,""swim_speed_up"":0.3,""last_ditch_effort"":true,""stealth_jump"":true}",hokusai_sui,7,6,1,6,4,830,"{""special_charge_up"":0.9,""special_saver"":0.6,""quick_super_jump"":0.3,""special_power_up"":0.3,""sub_resistance_up"":0.3,""swim_speed_up"":0.3,""comeback"":true,""ninja_squid"":true,""stealth_jump"":true}",clashblaster_neo,12,10,2,11,2,950,"{""ink_saver_sub"":3.2,""ink_saver_main"":0.9,""swim_speed_up"":0.6,""ninja_squid"":true}",furuido,10,9,1,7,2,1360,"{""swim_speed_up"":1,""special_charge_up"":0.6,""sub_power_up"":0.6,""ink_resistance_up"":0.3,""run_speed_up"":0.3,""special_power_up"":0.3,""special_saver"":0.3,""sub_resistance_up"":0.3,""last_ditch_effort"":true,""object_shredder"":true}",nautilus47,17,11,6,10,3,1013,"{""run_speed_up"":1.9,""swim_speed_up"":0.9,""ink_resistance_up"":0.6,""quick_super_jump"":0.3,""opening_gambit"":true,""stealth_jump"":true}",sblast92,16,15,1,7,6,1304,"{""special_power_up"":1.9,""intensify_action"":0.6,""ink_recovery_up"":0.3,""quick_respawn"":0.3,""quick_super_jump"":0.3,""swim_speed_up"":0.3,""comeback"":true,""stealth_jump"":true}",campingshelter_sorella,4,2,2,10,3,875,"{""quick_respawn"":1.3,""ink_saver_main"":0.6,""quick_super_jump"":0.6,""swim_speed_up"":0.6,""special_saver"":0.3,""sub_resistance_up"":0.3,""comeback"":true,""stealth_jump"":true}",gold,#1 Turf Inker,gold,Record-Score Setter,gold,#1 Score Booster,
Sizzle Season 2025,2025-06-30T22:00:00+00:00,10.0.1,bankara_open,yagura,baigai,301,alpha,FALSE,S+ 6,,4964,,91,9025c6ff,,4742,,84,cfb121ff,,order_shelter_replica,4,3,1,8,6,1280,"{""run_speed_up"":1.3,""swim_speed_up"":1.3,""ink_saver_main"":1,""special_charge_up"":0.6,""special_saver"":0.6,""quick_super_jump"":0.3,""special_power_up"":0.3,""sub_resistance_up"":0.3}",sblast92,18,15,3,9,4,1125,"{""special_power_up"":1.9,""intensify_action"":0.6,""ink_recovery_up"":0.3,""quick_respawn"":0.3,""quick_super_jump"":0.3,""swim_speed_up"":0.3,""comeback"":true,""stealth_jump"":true}",explosher_custom,8,5,3,7,4,1462,"{""ink_saver_main"":1.9,""swim_speed_up"":1.6,""quick_super_jump"":0.6,""ink_recovery_up"":0.3,""ink_resistance_up"":0.3,""last_ditch_effort"":true}",prime_collabo,5,4,1,9,3,1097,"{""swim_speed_up"":1,""special_charge_up"":0.9,""intensify_action"":0.6,""quick_super_jump"":0.6,""ink_resistance_up"":0.3,""special_power_up"":0.3,""comeback"":true,""stealth_jump"":true}",tristringer_tou,18,10,8,3,6,1320,"{""ink_saver_sub"":1.2,""run_speed_up"":1,""sub_power_up"":1,""swim_speed_up"":1,""quick_respawn"":0.6,""special_power_up"":0.6,""intensify_action"":0.3}",jetsweeper,12,4,8,7,4,1252,"{""ink_recovery_up"":2.5,""ink_saver_main"":1.9,""ink_saver_sub"":1.3}",carbon_deco,13,10,3,8,4,947,"{""swim_speed_up"":1.9,""ink_saver_sub"":0.6,""quick_super_jump"":0.6,""ink_resistance_up"":0.3,""sub_resistance_up"":0.3,""ninja_squid"":true,""stealth_jump"":true}",moprin_d,12,9,3,9,4,1223,"{""sub_power_up"":1.9,""sub_resistance_up"":1.6,""ink_resistance_up"":0.6,""quick_super_jump"":0.6,""stealth_jump"":true}",silver,#2 Turf Inker,silver,#2 Score Booster,silver,#1 Triple Inkstrike User,
Sizzle Season 2025,2025-06-30T22:00:00+00:00,10.0.1,bankara_open,yagura,decaline,300,bravo,FALSE,S,,4361,,53,ba30b0ff,,4584,,68,a0c937ff,,sputtery_hue,14,13,1,13,3,1134,"{""quick_respawn"":1.6,""quick_super_jump"":0.9,""special_power_up"":0.6,""ink_resistance_up"":0.3,""special_saver"":0.3,""comeback"":true,""stealth_jump"":true}",dynamo,12,9,3,4,6,1524,"{""special_charge_up"":1.3,""special_power_up"":1,""ink_saver_main"":0.9,""swim_speed_up"":0.9,""ink_recovery_up"":0.6,""stealth_jump"":true}",pablo,3,0,3,7,4,772,"{""special_saver"":0.9,""swim_speed_up"":0.6,""ink_saver_main"":0.3,""ink_saver_sub"":0.3,""quick_respawn"":0.3,""quick_super_jump"":0.3,""ninja_squid"":true,""opening_gambit"":true,""stealth_jump"":true}",longblaster_custom,8,6,2,10,2,931,"{""quick_respawn"":2.2,""intensify_action"":0.6,""quick_super_jump"":0.3,""special_saver"":0.3,""sub_resistance_up"":0.3,""opening_gambit"":true,""stealth_jump"":true}",maneuver_you,17,14,3,8,3,1059,"{""quick_respawn"":1.3,""swim_speed_up"":0.9,""ink_saver_sub"":0.6,""ink_resistance_up"":0.3,""special_saver"":0.3,""sub_power_up"":0.3,""ninja_squid"":true,""stealth_jump"":true}",prime_frzn,5,2,3,9,6,1345,"{""swim_speed_up"":1,""intensify_action"":0.9,""special_charge_up"":0.9,""ink_resistance_up"":0.3,""quick_super_jump"":0.3,""special_saver"":0.3,""last_ditch_effort"":true,""stealth_jump"":true}",liter4k_scope,10,8,2,3,3,1112,"{""swim_speed_up"":2.5,""ink_saver_main"":1.9,""quick_super_jump"":0.3,""respawn_punisher"":true}",jimuwiper_fuu,13,10,3,8,4,1068,"{""ink_recovery_up"":1.3,""ink_resistance_up"":1,""ink_saver_main"":0.6,""quick_super_jump"":0.6,""quick_respawn"":0.3,""special_charge_up"":0.3,""sub_resistance_up"":0.3,""swim_speed_up"":0.3,""stealth_jump"":true}",gold,#1 Overall Splatter,gold,#1 Enemy Splatter,silver,#1 Reefslider User,
Sizzle Season 2025,2025-06-30T22:00:00+00:00,10.0.1,bankara_open,yagura,decaline,247,alpha,TRUE,S+ 6,,3784,,100,ba30b0ff,,3396,,0,a0c937ff,,order_shelter_replica,5,4,1,4,5,1023,"{""run_speed_up"":1.3,""swim_speed_up"":1.3,""ink_saver_main"":1,""special_charge_up"":0.6,""special_saver"":0.6,""quick_super_jump"":0.3,""special_power_up"":0.3,""sub_resistance_up"":0.3}",bold,14,14,0,7,6,1325,"{""ink_saver_main"":1,""ink_saver_sub"":1,""intensify_action"":1,""quick_super_jump"":0.9,""special_charge_up"":0.9,""special_power_up"":0.9}",hotblaster_custom,7,3,4,9,2,473,"{""swim_speed_up"":2.6,""special_charge_up"":0.9,""quick_super_jump"":0.6,""quick_respawn"":0.3,""special_saver"":0.3,""drop_roller"":true}",96gal_deco,4,3,1,4,4,963,"{""special_power_up"":1.6,""intensify_action"":1,""swim_speed_up"":0.9,""ink_resistance_up"":0.3,""quick_super_jump"":0.3,""special_charge_up"":0.3,""sub_resistance_up"":0.3,""stealth_jump"":true}",jetsweeper_cobr,9,4,5,8,1,939,"{""ink_resistance_up"":1,""special_charge_up"":1,""ink_saver_main"":0.9,""swim_speed_up"":0.9,""ink_recovery_up"":0.3,""run_speed_up"":0.3,""sub_resistance_up"":0.3,""thermal_ink"":true}",hotblaster_custom,11,10,1,6,2,619,"{""ink_saver_sub"":3.8,""special_charge_up"":1.9}",splatcharger_frst,8,8,0,5,4,915,"{""ink_saver_main"":1.3,""quick_super_jump"":1.3,""special_saver"":1.3,""ink_recovery_up"":0.6,""special_power_up"":0.6,""swim_speed_up"":0.6}",splatspinner_pytn,6,2,4,5,4,923,"{""run_speed_up"":1.3,""ink_resistance_up"":0.3,""intensify_action"":0.3,""quick_super_jump"":0.3,""ninja_squid"":true,""stealth_jump"":true}",gold,#1 Super Jump Spot,silver,#1 Checkpoint Breaker,gold,#1 Score Booster,
Sizzle Season 2025,2025-06-30T22:00:00+00:00,10.0.1,bankara_open,yagura,decaline,300,alpha,FALSE,S,,3973,,81,df6624ff,,3777,,1,343bc4ff,,sputtery_hue,20,17,3,11,2,908,"{""quick_respawn"":1.6,""quick_super_jump"":0.9,""special_power_up"":0.6,""ink_resistance_up"":0.3,""special_saver"":0.3,""comeback"":true,""stealth_jump"":true}",dynamo,18,8,10,5,5,1211,"{""special_charge_up"":1.3,""special_power_up"":1,""ink_saver_main"":0.9,""swim_speed_up"":0.9,""ink_recovery_up"":0.6,""stealth_jump"":true}",hotblaster_custom,21,14,7,9,5,826,"{""quick_respawn"":2.2,""intensify_action"":0.6,""quick_super_jump"":0.3,""special_saver"":0.3,""sub_resistance_up"":0.3,""opening_gambit"":true,""stealth_jump"":true}",pablo_hue,8,6,2,4,6,1028,"{""special_charge_up"":1.6,""swim_speed_up"":0.6,""ink_saver_main"":0.3,""ink_saver_sub"":0.3,""quick_respawn"":0.3,""quick_super_jump"":0.3,""sub_resistance_up"":0.3,""ninja_squid"":true,""stealth_jump"":true}",nautilus79,15,13,2,12,2,925,"{""run_speed_up"":0.9,""swim_speed_up"":0.9,""ink_resistance_up"":0.6,""quick_super_jump"":0.3,""last_ditch_effort"":true,""respawn_punisher"":true,""stealth_jump"":true}",examiner_hue,8,6,2,8,3,1105,"{""run_speed_up"":1.6,""special_charge_up"":1.3,""ink_resistance_up"":0.3,""intensify_action"":0.3,""quick_super_jump"":0.3,""special_power_up"":0.3,""special_saver"":0.3,""sub_resistance_up"":0.3,""stealth_jump"":true}",carbon_angl,8,5,3,13,2,792,"{""run_speed_up"":1,""ink_resistance_up"":0.9,""sub_resistance_up"":0.9,""intensify_action"":0.6,""special_saver"":0.3,""last_ditch_effort"":true,""object_shredder"":true}",dualsweeper_custom,6,5,1,12,2,955,"{""special_charge_up"":1.3,""ink_saver_main"":1.2,""ink_resistance_up"":1,""quick_respawn"":0.6,""intensify_action"":0.3,""stealth_jump"":true}",gold,#1 Enemy Splatter,silver,#1 Tower Stopper,silver,First Splat!,
Sizzle Season 2025,2025-06-30T22:00:00+00:00,10.0.1,bankara_open,yagura,baigai,156,bravo,TRUE,S,,2330,,0,1a1aafff,,2349,,100,e38d24ff,,sputtery_hue,5,5,0,8,1,416,"{""quick_respawn"":1.6,""quick_super_jump"":0.9,""special_power_up"":0.6,""ink_resistance_up"":0.3,""special_saver"":0.3,""comeback"":true,""stealth_jump"":true}",dynamo,10,5,5,5,2,746,"{""special_charge_up"":1.3,""special_power_up"":1,""ink_saver_main"":0.9,""swim_speed_up"":0.9,""ink_recovery_up"":0.6,""stealth_jump"":true}",hotblaster_custom,10,6,4,6,1,456,"{""quick_respawn"":2.2,""intensify_action"":0.6,""quick_super_jump"":0.3,""special_saver"":0.3,""sub_resistance_up"":0.3,""opening_gambit"":true,""stealth_jump"":true}",pablo_hue,6,5,1,4,3,712,"{""special_charge_up"":1.6,""swim_speed_up"":0.6,""ink_saver_main"":0.3,""ink_saver_sub"":0.3,""quick_respawn"":0.3,""quick_super_jump"":0.3,""sub_resistance_up"":0.3,""ninja_squid"":true,""stealth_jump"":true}",splatspinner_pytn,11,10,1,5,1,664,"{""run_speed_up"":2.2,""sub_resistance_up"":1.3,""swim_speed_up"":1,""special_charge_up"":0.9,""ink_saver_sub"":0.3}",splatroller,6,5,1,5,2,604,"{""ink_saver_main"":1.9,""quick_super_jump"":1.6,""special_power_up"":0.9,""special_saver"":0.3,""stealth_jump"":true}",nova,7,5,2,6,2,448,"{""intensify_action"":1.3,""ink_recovery_up"":1,""sub_power_up"":1,""run_speed_up"":0.6,""ink_resistance_up"":0.3,""special_power_up"":0.3,""special_saver"":0.3,""sub_resistance_up"":0.3}",sharp,5,3,2,5,2,633,"{""sub_power_up"":2.2,""ink_saver_sub"":1.3,""swim_speed_up"":1,""special_charge_up"":0.9,""ink_resistance_up"":0.3}",silver,#1 Tower Stopper,silver,#2 Enemy Splatter,silver,#2 Score Booster,
Sizzle Season 2025,2025-06-30T22:00:00+00:00,10.0.1,bankara_open,yagura,decaline,300,alpha,FALSE,S+ 6,,4516,,87,df6624ff,,4351,,78,343bc4ff,,order_shelter_replica,9,5,4,8,6,1549,"{""run_speed_up"":1.3,""swim_speed_up"":1.3,""ink_saver_main"":1,""special_charge_up"":0.6,""special_saver"":0.6,""quick_super_jump"":0.3,""special_power_up"":0.3,""sub_resistance_up"":0.3}",hokusai_hue,17,10,7,8,5,1068,"{""ink_saver_main"":2,""sub_power_up"":1,""special_charge_up"":0.9,""ink_resistance_up"":0.3,""ink_saver_sub"":0.3,""intensify_action"":0.3,""special_power_up"":0.3}",liter4k,16,15,1,3,4,941,"{""run_speed_up"":1,""ink_saver_main"":0.9,""ink_resistance_up"":0.6,""ink_recovery_up"":0.3,""quick_super_jump"":0.3,""sub_resistance_up"":0.3,""swim_speed_up"":0.3,""respawn_punisher"":true,""stealth_jump"":true}",liter4k,7,3,4,3,3,958,"{""swim_speed_up"":1,""ink_recovery_up"":0.9,""ink_saver_main"":0.9,""ink_resistance_up"":0.3,""quick_super_jump"":0.3,""sub_resistance_up"":0.3,""object_shredder"":true,""respawn_punisher"":true}",clashblaster_neo,15,13,2,10,4,1352,"{""quick_super_jump"":1,""ink_saver_main"":0.3,""intensify_action"":0.3,""quick_respawn"":0.3,""sub_power_up"":0.3,""swim_speed_up"":0.3,""comeback"":true,""stealth_jump"":true}",hissen_ash,7,4,3,7,4,975,"{""special_power_up"":1,""special_saver"":1,""sub_power_up"":0.6,""ink_saver_sub"":0.3,""run_speed_up"":0.3,""sub_resistance_up"":0.3,""comeback"":true}",explosher_custom,2,1,1,7,1,863,"{""swim_speed_up"":2.3,""ink_saver_main"":1,""quick_super_jump"":0.6,""ink_recovery_up"":0.3,""ink_resistance_up"":0.3,""intensify_action"":0.3,""special_charge_up"":0.3}",sharp,7,4,3,9,4,1161,"{""swim_speed_up"":3.2,""ink_saver_main"":0.3,""ink_saver_sub"":0.3,""special_charge_up"":0.3,""special_saver"":0.3,""sub_power_up"":0.3,""stealth_jump"":true}",silver,#1 Damage Taker,gold,#1 Turf Inker,gold,Record-Score Setter,
Sizzle Season 2025,2025-06-30T22:00:00+00:00,10.0.1,bankara_open,yagura,decaline,272,alpha,TRUE,S+ 6,,4585,,100,ba30b0ff,,3863,,0,a0c937ff,,order_shelter_replica,13,7,6,5,5,1065,"{""run_speed_up"":1.3,""swim_speed_up"":1.3,""ink_saver_main"":1,""special_charge_up"":0.6,""special_saver"":0.6,""quick_super_jump"":0.3,""special_power_up"":0.3,""sub_resistance_up"":0.3}",bold,13,12,1,6,8,1202,"{""special_charge_up"":1.9,""swim_speed_up"":1.9,""run_speed_up"":1.3,""ink_saver_sub"":0.6}",order_maneuver_replica,6,5,1,7,5,988,"{""quick_respawn"":1.3,""special_charge_up"":0.6,""swim_speed_up"":0.6,""ink_resistance_up"":0.3,""intensify_action"":0.3,""quick_super_jump"":0.3,""special_saver"":0.3,""comeback"":true,""stealth_jump"":true}",hissen_ash,12,10,2,5,6,1330,"{""swim_speed_up"":1.3,""ink_saver_main"":1,""quick_respawn"":1,""ink_recovery_up"":0.9,""ink_saver_sub"":0.9,""quick_super_jump"":0.3,""special_charge_up"":0.3}",dynamo_mei,5,4,1,9,3,574,"{""ink_saver_main"":1.9,""quick_respawn"":1.9,""special_charge_up"":0.6,""special_saver"":0.3,""ninja_squid"":true}",splatroller,10,10,0,8,3,975,"{""swim_speed_up"":1.9,""ink_saver_sub"":1.3,""ink_recovery_up"":0.6,""ink_resistance_up"":0.6,""run_speed_up"":0.3,""ninja_squid"":true}",explosher_custom,7,4,3,8,5,1383,"{""special_power_up"":1.6,""ink_recovery_up"":1.3,""swim_speed_up"":1,""ink_resistance_up"":0.9,""ink_saver_main"":0.3,""quick_super_jump"":0.3,""sub_resistance_up"":0.3}",jimuwiper,5,5,0,9,3,931,"{""swim_speed_up"":2.3,""ink_saver_main"":1.6,""quick_respawn"":0.9,""run_speed_up"":0.3,""special_power_up"":0.3,""sub_power_up"":0.3}",gold,#1 Overall Splatter,gold,#1 Splat Assister,gold,#1 Popular Target,
